  0.997949411372818      -7.340178427651557E-007 -7.340178420553663E-007
  4.163340163924116E-016 -1.468035677518442E-006 -7.340178427651557E-007
  0.995988783592407      -2.374295561656431E-005 -1.271356188693758E-006
  2.374295561676709E-005 -7.340178420553663E-007 -2.374295561656431E-005
  0.995988783592403       1.271356194360347E-006  2.374295561744887E-005
  4.163340163924116E-016 -1.271356188693758E-006  1.271356194360347E-006
  0.997949411372816      -5.191724098373935E-015 -1.468035677518442E-006
  2.374295561676709E-005  2.374295561744887E-005 -5.191724098373935E-015
  0.995988783592403       0.997949408145040      -7.330198128583109E-007
 -7.330198121485212E-007  4.440895941510204E-016 -1.466039617704752E-006
 -7.330198128583109E-007  0.995988747127772      -2.374023868395119E-005
 -1.269627550187629E-006  2.374023868415397E-005 -7.330198121485212E-007
 -2.374023868395119E-005  0.995988747127768       1.269627555854218E-006
  2.374023868483575E-005  4.440895941510204E-016 -1.269627550187629E-006
  1.269627555854218E-006  0.997949408145038      -5.191724008354592E-015
 -1.466039617704752E-006  2.374023868415397E-005  2.374023868483575E-005
 -5.191724008354592E-015  0.995988747127768       0.997949148004867     
 -6.592304937180280E-006 -3.446010011474555E-006  3.930995725376353E-006
 -9.682473043076248E-007 -6.592304937180280E-006  0.995979211779378     
 -1.720228105846811E-005  2.688033345879166E-006  2.744871164071811E-005
 -3.446010011474555E-006 -1.720228105846811E-005  0.995986460981441     
  5.968664421523315E-006  1.720228105935269E-005  3.930995725376353E-006
  2.688033345879166E-006  5.968664421523315E-006  0.997944608881986     
 -7.053120218904181E-006 -9.682473043076248E-007  2.744871164071811E-005
  1.720228105935269E-005 -7.053120218904181E-006  0.995979211779373     
  0.997949148653312      -6.593879068610170E-006 -3.443937969466339E-006
  3.931411671174991E-006 -9.708158501455063E-007 -6.593879068610170E-006
  0.995979183731174      -1.719970348884909E-005  2.685976269822099E-006
  2.743463710824722E-005 -3.443937969466339E-006 -1.719970348884909E-005
  0.995986447302721       5.965075539489668E-006  1.719970348973367E-005
  3.931411671174991E-006  2.685976269822099E-006  5.965075539489668E-006
  0.997944609050137      -7.053454918682828E-006 -9.708158501455063E-007
  2.743463710824722E-005  1.719970348973367E-005 -7.053454918682828E-006
  0.995979183731170       0.997949148004868      -3.446010012184357E-006
 -6.592304936470497E-006 -3.930995724522879E-006 -9.682473043075911E-007
 -3.446010012184357E-006  0.995986460981444      -1.720228105846815E-005
 -5.968664415856683E-006  1.720228105867093E-005 -6.592304936470497E-006
 -1.720228105846815E-005  0.995979211779374      -2.688033340212589E-006
  2.744871164139989E-005 -3.930995724522879E-006 -5.968664415856683E-006
 -2.688033340212589E-006  0.997944608881985       7.053120208520797E-006
 -9.682473043075911E-007  1.720228105867093E-005  2.744871164139989E-005
  7.053120208520797E-006  0.995979211779373       0.997949148653312     
 -3.443937970176141E-006 -6.593879067900387E-006 -3.931411670307638E-006
 -9.708158501454728E-007 -3.443937970176141E-006  0.995986447302725     
 -1.719970348884913E-005 -5.965075533823034E-006  1.719970348905190E-005
 -6.593879067900387E-006 -1.719970348884913E-005  0.995979183731170     
 -2.685976264155523E-006  2.743463710892901E-005 -3.931411670307638E-006
 -5.965075533823034E-006 -2.685976264155523E-006  0.997944609050137     
  7.053454908299445E-006 -9.708158501454728E-007  1.719970348905190E-005
  2.743463710892901E-005  7.053454908299445E-006  0.995979183731170     
  0.997942339320547       5.624057624860872E-006  5.624057625570626E-006
  4.232825790894487E-016 -6.892020016356753E-006  5.624057624860872E-006
  0.995979211779377      -2.744871164051535E-005 -4.365086867833335E-006
  1.720228105867091E-005  5.624057625570626E-006 -2.744871164051535E-005
  0.995979211779374       4.365086873499899E-006  1.720228105935270E-005
  4.232825790894487E-016 -4.365086867833335E-006  4.365086873499899E-006
  0.997951417566305      -5.191757392733619E-015 -6.892020016356753E-006
  1.720228105867091E-005  1.720228105935270E-005 -5.191757392733619E-015
  0.995986460981440       0.997942339248553       5.623063210452882E-006
  5.623063211162635E-006  4.371603668881307E-016 -6.887875932340321E-006
  5.623063210452882E-006  0.995979183731174      -2.743463710804447E-005
 -4.367478643669049E-006  1.719970348905188E-005  5.623063211162635E-006
 -2.743463710804447E-005  0.995979183731170       4.367478649335615E-006
  1.719970348973367E-005  4.371603668881307E-016 -4.367478643669049E-006
  4.367478649335615E-006  0.997951418454897      -5.191757403305991E-015
 -6.887875932340321E-006  1.719970348905188E-005  1.719970348973367E-005
 -5.191757403305991E-015  0.995986447302721       0.000000000000000E+000
  0.000000000000000E+000  0.000000000000000E+000  0.000000000000000E+000
  0.000000000000000E+000  0.000000000000000E+000  0.000000000000000E+000
  0.000000000000000E+000  0.000000000000000E+000  0.000000000000000E+000
  0.000000000000000E+000  0.000000000000000E+000  0.000000000000000E+000
  0.000000000000000E+000  0.000000000000000E+000  0.000000000000000E+000
  0.000000000000000E+000  0.000000000000000E+000  0.000000000000000E+000
  0.000000000000000E+000  0.000000000000000E+000  0.000000000000000E+000
  0.000000000000000E+000  0.000000000000000E+000  0.000000000000000E+000
  0.000000000000000E+000  0.000000000000000E+000  0.000000000000000E+000
  0.000000000000000E+000  0.000000000000000E+000  0.000000000000000E+000
  0.000000000000000E+000  0.000000000000000E+000  0.000000000000000E+000
  0.000000000000000E+000  0.000000000000000E+000  0.000000000000000E+000
  0.000000000000000E+000  0.000000000000000E+000  0.000000000000000E+000
  0.000000000000000E+000  0.000000000000000E+000  0.000000000000000E+000
  0.000000000000000E+000  0.000000000000000E+000  0.000000000000000E+000
  0.000000000000000E+000  0.000000000000000E+000  0.000000000000000E+000
  0.000000000000000E+000  0.000000000000000E+000  0.000000000000000E+000
  0.000000000000000E+000  0.000000000000000E+000  0.000000000000000E+000
  0.000000000000000E+000  0.000000000000000E+000  0.000000000000000E+000
  0.000000000000000E+000  0.000000000000000E+000  0.000000000000000E+000
  0.000000000000000E+000  0.000000000000000E+000  0.000000000000000E+000
  0.000000000000000E+000  0.000000000000000E+000  0.000000000000000E+000
  0.000000000000000E+000  0.000000000000000E+000  0.000000000000000E+000
  0.000000000000000E+000  0.000000000000000E+000  0.000000000000000E+000
  0.000000000000000E+000  0.000000000000000E+000  0.000000000000000E+000
  0.000000000000000E+000  0.000000000000000E+000  0.000000000000000E+000
  0.000000000000000E+000  0.000000000000000E+000  0.000000000000000E+000
  0.000000000000000E+000  0.000000000000000E+000  0.000000000000000E+000
  0.000000000000000E+000  0.000000000000000E+000  0.000000000000000E+000
  0.000000000000000E+000  0.000000000000000E+000  0.000000000000000E+000
  0.000000000000000E+000  0.000000000000000E+000  0.000000000000000E+000
  0.000000000000000E+000  0.000000000000000E+000  0.000000000000000E+000
  0.000000000000000E+000  0.000000000000000E+000  0.000000000000000E+000
  0.000000000000000E+000  0.000000000000000E+000  0.000000000000000E+000
  0.000000000000000E+000  0.000000000000000E+000  0.000000000000000E+000
  0.000000000000000E+000  0.000000000000000E+000  0.000000000000000E+000
  0.000000000000000E+000  0.000000000000000E+000  0.000000000000000E+000
  0.000000000000000E+000  0.000000000000000E+000  0.000000000000000E+000
  0.000000000000000E+000  0.000000000000000E+000  0.000000000000000E+000
  0.000000000000000E+000  0.000000000000000E+000  0.000000000000000E+000
  0.000000000000000E+000  0.000000000000000E+000  0.000000000000000E+000
  0.000000000000000E+000  0.000000000000000E+000  0.000000000000000E+000
  0.000000000000000E+000  0.000000000000000E+000  0.000000000000000E+000
  0.000000000000000E+000  0.000000000000000E+000  0.000000000000000E+000
  0.000000000000000E+000  0.000000000000000E+000  0.000000000000000E+000
  0.000000000000000E+000  0.000000000000000E+000  0.000000000000000E+000
  0.000000000000000E+000  0.000000000000000E+000  0.000000000000000E+000
  0.000000000000000E+000  0.000000000000000E+000  0.000000000000000E+000
  0.000000000000000E+000  0.000000000000000E+000  0.000000000000000E+000
  0.000000000000000E+000  0.000000000000000E+000  0.000000000000000E+000
  0.000000000000000E+000  0.000000000000000E+000  0.000000000000000E+000
  0.000000000000000E+000  0.000000000000000E+000  0.000000000000000E+000
  0.000000000000000E+000  0.000000000000000E+000  0.000000000000000E+000
  0.000000000000000E+000  0.000000000000000E+000  0.000000000000000E+000
  0.000000000000000E+000  0.000000000000000E+000  0.000000000000000E+000
  0.000000000000000E+000  0.000000000000000E+000  0.000000000000000E+000
  0.000000000000000E+000  0.000000000000000E+000  0.000000000000000E+000
  0.000000000000000E+000  0.000000000000000E+000  0.000000000000000E+000
  0.000000000000000E+000  0.000000000000000E+000  0.000000000000000E+000
  0.000000000000000E+000  0.000000000000000E+000  0.000000000000000E+000
  0.000000000000000E+000  0.000000000000000E+000  0.000000000000000E+000
  0.000000000000000E+000  0.000000000000000E+000  0.000000000000000E+000
  0.000000000000000E+000  0.000000000000000E+000  0.000000000000000E+000
  0.000000000000000E+000  0.000000000000000E+000  0.000000000000000E+000
  0.000000000000000E+000  0.000000000000000E+000  0.000000000000000E+000
  0.000000000000000E+000  0.000000000000000E+000  0.000000000000000E+000
  0.000000000000000E+000  0.997920406277214      -5.252235201105196E-005
 -5.252235201034219E-005  4.301307543525608E-016 -3.562601632968436E-005
 -5.252235201105196E-005  0.995882070723121      -1.541690200587512E-005
  1.570245207591625E-005  7.832710928345025E-005 -5.252235201034219E-005
 -1.541690200587512E-005  0.995882070723117      -1.570245207025064E-005
  7.832710928413203E-005  4.301307543525608E-016  1.570245207591625E-005
 -1.570245207025064E-005  0.997932583400437      -5.191388476222195E-015
 -3.562601632968436E-005  7.832710928345025E-005  7.832710928413203E-005
 -5.191388476222195E-015  0.995992679997081       0.997920321092134     
 -5.271090674810018E-005 -5.271090674739040E-005  4.440082805141632E-016
 -3.562550250823892E-005 -5.271090674810018E-005  0.995881745261897     
 -1.577965078888786E-005  1.571394126337636E-005  7.836034703701509E-005
 -5.271090674739040E-005 -1.577965078888786E-005  0.995881745261893     
 -1.571394125771076E-005  7.836034703769688E-005  4.440082805141632E-016
  1.571394126337636E-005 -1.571394125771076E-005  0.997932581498111     
 -5.191387757321048E-015 -3.562550250823892E-005  7.836034703701509E-005
  7.836034703769688E-005 -5.191387757321048E-015  0.995992693844045     
  0.997958138165743       4.286867478113161E-005 -3.857192491277624E-005
  3.554659465568371E-006  6.804611475503351E-006  4.286867478113161E-005
  0.995946905422511       3.325588746218767E-005  5.863029063435347E-006
  7.343765171862990E-005 -3.857192491277624E-005  3.325588746218767E-005
  0.995955161140395      -1.791642489942999E-005 -4.782310157229192E-005
  3.554659465568371E-006  5.863029063435347E-006 -1.791642489942999E-005
  0.997984896035077       3.701069066664442E-006  6.804611475503351E-006
  7.343765171862990E-005 -4.782310157229192E-005  3.701069066664442E-006
  0.996072999169114       0.997958056649484       4.300302047181312E-005
 -3.869460407431065E-005  3.549268673373790E-006  6.782610651385354E-006
  4.300302047181312E-005  0.995946570445115       3.353946834104919E-005
  5.860850742156816E-006  7.348884729830614E-005 -3.869460407431065E-005
  3.353946834104919E-005  0.995954868466159      -1.793951265251919E-005
 -4.786228593273391E-005  3.549268673373790E-006  5.860850742156816E-006
 -1.793951265251919E-005  0.997984887673156       3.697694565109380E-006
  6.782610651385354E-006  7.348884729830614E-005 -4.786228593273391E-005
  3.697694565109380E-006  0.996072991660830       0.997958138165744     
 -3.857192491348594E-005  4.286867478184129E-005 -3.554659464701024E-006
  6.804611475503372E-006 -3.857192491348594E-005  0.995955161140399     
  3.325588746218744E-005  1.791642490509729E-005 -4.782310157297408E-005
  4.286867478184129E-005  3.325588746218744E-005  0.995946905422507     
 -5.863029057769084E-006  7.343765171931203E-005 -3.554659464701024E-006
  1.791642490509729E-005 -5.863029057769084E-006  0.997984896035077     
 -3.701069077048723E-006  6.804611475503372E-006 -4.782310157297408E-005
  7.343765171931203E-005 -3.701069077048723E-006  0.996072999169114     
  0.997958056649484      -3.869460407502034E-005  4.300302047252277E-005
 -3.549268672513381E-006  6.782610651385374E-006 -3.869460407502034E-005
  0.995954868466163       3.353946834104894E-005  1.793951265818649E-005
 -4.786228593341609E-005  4.300302047252277E-005  3.353946834104894E-005
  0.995946570445111      -5.860850736490555E-006  7.348884729898827E-005
 -3.549268672513381E-006  1.793951265818649E-005 -5.860850736490555E-006
  0.997984887673156      -3.697694575493659E-006  6.782610651385374E-006
 -4.786228593341609E-005  7.348884729898827E-005 -3.697694575493659E-006
  0.996072991660830       0.998028025709119      -4.701369735534925E-005
 -4.701369735463925E-005  4.232009905936710E-016  1.071341982843683E-005
 -4.701369735534925E-005  0.995975073697969      -8.549307429729411E-005
  2.195203125489149E-005  1.452104591489266E-004 -4.701369735463925E-005
 -8.549307429729411E-005  0.995975073697964      -2.195203124922625E-005
  1.452104591496080E-004  4.232009905936710E-016  2.195203125489149E-005
 -2.195203124922625E-005  0.997945448118040      -5.191138368633165E-015
  1.071341982843683E-005  1.452104591489266E-004  1.452104591496080E-004
 -5.191138368633165E-015  0.996022887560140       0.998028014579812     
 -4.699029825243716E-005 -4.699029825172716E-005  4.232010412484508E-016
  1.070778080136448E-005 -4.699029825243716E-005  0.995974953317950     
 -8.560741573936205E-005  2.193741864998490E-005  1.451892052169021E-004
 -4.699029825172716E-005 -8.560741573936205E-005  0.995974953317946     
 -2.193741864431966E-005  1.451892052175835E-004  4.232010412484508E-016
  2.193741864998490E-005 -2.193741864431966E-005  0.997945440387928     
 -5.191138430501553E-015  1.070778080136448E-005  1.451892052169021E-004
  1.451892052175835E-004 -5.191138430501553E-015  0.996022887127456     
  0.000000000000000E+000  0.000000000000000E+000  0.000000000000000E+000
  0.000000000000000E+000  0.000000000000000E+000  0.000000000000000E+000
  0.000000000000000E+000  0.000000000000000E+000  0.000000000000000E+000
  0.000000000000000E+000  0.000000000000000E+000  0.000000000000000E+000
  0.000000000000000E+000  0.000000000000000E+000  0.000000000000000E+000
  0.000000000000000E+000  0.000000000000000E+000  0.000000000000000E+000
  0.000000000000000E+000  0.000000000000000E+000  0.000000000000000E+000
  0.000000000000000E+000  0.000000000000000E+000  0.000000000000000E+000
  0.000000000000000E+000  0.000000000000000E+000  0.000000000000000E+000
  0.000000000000000E+000  0.000000000000000E+000  0.000000000000000E+000
  0.000000000000000E+000  0.000000000000000E+000  0.000000000000000E+000
  0.000000000000000E+000  0.000000000000000E+000  0.000000000000000E+000
  0.000000000000000E+000  0.000000000000000E+000  0.000000000000000E+000
  0.000000000000000E+000  0.000000000000000E+000  0.000000000000000E+000
  0.000000000000000E+000  0.000000000000000E+000  0.000000000000000E+000
  0.000000000000000E+000  0.000000000000000E+000  0.000000000000000E+000
  0.000000000000000E+000  0.000000000000000E+000  0.000000000000000E+000
  0.000000000000000E+000  0.000000000000000E+000  0.000000000000000E+000
  0.000000000000000E+000  0.000000000000000E+000  0.000000000000000E+000
  0.000000000000000E+000  0.000000000000000E+000  0.000000000000000E+000
  0.000000000000000E+000  0.000000000000000E+000  0.000000000000000E+000
  0.000000000000000E+000  0.000000000000000E+000  0.000000000000000E+000
  0.000000000000000E+000  0.000000000000000E+000  0.000000000000000E+000
  0.000000000000000E+000  0.000000000000000E+000  0.000000000000000E+000
  0.000000000000000E+000  0.000000000000000E+000  0.000000000000000E+000
  0.000000000000000E+000  0.000000000000000E+000  0.000000000000000E+000
  0.000000000000000E+000  0.000000000000000E+000  0.000000000000000E+000
  0.000000000000000E+000  0.000000000000000E+000  0.000000000000000E+000
  0.000000000000000E+000  0.000000000000000E+000  0.000000000000000E+000
  0.000000000000000E+000  0.000000000000000E+000  0.000000000000000E+000
  0.000000000000000E+000  0.000000000000000E+000  0.000000000000000E+000
  0.000000000000000E+000  0.000000000000000E+000  0.000000000000000E+000
  0.000000000000000E+000  0.000000000000000E+000  0.000000000000000E+000
  0.000000000000000E+000  0.000000000000000E+000  0.000000000000000E+000
  0.000000000000000E+000  0.000000000000000E+000  0.000000000000000E+000
  0.000000000000000E+000  0.000000000000000E+000  0.000000000000000E+000
  0.000000000000000E+000  0.000000000000000E+000  0.000000000000000E+000
  0.000000000000000E+000  0.000000000000000E+000  0.000000000000000E+000
  0.000000000000000E+000  0.000000000000000E+000  0.000000000000000E+000
  0.000000000000000E+000  0.000000000000000E+000  0.000000000000000E+000
  0.000000000000000E+000  0.000000000000000E+000  0.000000000000000E+000
  0.000000000000000E+000  0.000000000000000E+000  0.000000000000000E+000
  0.000000000000000E+000  0.000000000000000E+000  0.000000000000000E+000
  0.000000000000000E+000  0.000000000000000E+000  0.000000000000000E+000
  0.000000000000000E+000  0.000000000000000E+000  0.000000000000000E+000
  0.000000000000000E+000  0.000000000000000E+000  0.000000000000000E+000
  0.000000000000000E+000  0.000000000000000E+000  0.000000000000000E+000
  0.000000000000000E+000  0.000000000000000E+000  0.000000000000000E+000
  0.000000000000000E+000  0.000000000000000E+000  0.000000000000000E+000
  0.000000000000000E+000  0.000000000000000E+000  0.000000000000000E+000
  0.000000000000000E+000  0.000000000000000E+000  0.000000000000000E+000
  0.000000000000000E+000  0.000000000000000E+000  0.000000000000000E+000
  0.000000000000000E+000  0.000000000000000E+000  0.000000000000000E+000
  0.000000000000000E+000  0.000000000000000E+000  0.000000000000000E+000
  0.000000000000000E+000  0.000000000000000E+000  0.000000000000000E+000
  0.000000000000000E+000  0.000000000000000E+000  0.000000000000000E+000
  0.000000000000000E+000  0.000000000000000E+000  0.000000000000000E+000
  0.000000000000000E+000  0.000000000000000E+000  0.000000000000000E+000
  0.000000000000000E+000  0.000000000000000E+000  0.000000000000000E+000
  0.000000000000000E+000  0.000000000000000E+000  0.000000000000000E+000
  0.000000000000000E+000  0.000000000000000E+000  0.000000000000000E+000
  0.000000000000000E+000  0.000000000000000E+000  0.000000000000000E+000
  0.000000000000000E+000  0.000000000000000E+000  0.000000000000000E+000
  0.000000000000000E+000  0.000000000000000E+000  0.000000000000000E+000
  0.000000000000000E+000  0.000000000000000E+000  0.000000000000000E+000
  0.000000000000000E+000  0.000000000000000E+000  0.000000000000000E+000
  0.000000000000000E+000  0.000000000000000E+000  0.997929539119632     
 -1.781300816884777E-005  3.985989839820757E-005 -5.272849028369049E-006
 -1.266245360554339E-005 -1.781300816884777E-005  0.995992679997085     
 -7.832710928324756E-005 -3.085303517544682E-005  7.832710928345046E-005
  3.985989839820757E-005 -7.832710928324756E-005  0.995882070723117     
  3.763446507146886E-005  1.541690200675949E-005 -5.272849028369049E-006
 -3.085303517544682E-005  3.763446507146886E-005  0.997923450558018     
 -5.333691714691064E-005 -1.266245360554339E-005  7.832710928345046E-005
  1.541690200675949E-005 -5.333691714691064E-005  0.995882070723117     
  0.997929516396618      -1.781275125812505E-005  3.996412569494097E-005
 -5.308911519161237E-006 -1.274678104585820E-005 -1.781275125812505E-005
  0.995992693844049      -7.836034703681240E-005 -3.085259019302205E-005
  7.836034703701530E-005  3.996412569494097E-005 -7.836034703681240E-005
  0.995881745261893       3.779201367002645E-005  1.577965078977223E-005
 -5.308911519161237E-006 -3.085259019302205E-005  3.779201367002645E-005
  0.997923386193627      -5.350595493292835E-005 -1.274678104585820E-005
  7.836034703701530E-005  1.577965078977223E-005 -5.350595493292835E-005
  0.995881745261893       0.997981284993144       6.607525571134019E-006
  3.480204156278225E-005 -9.809167564718554E-006  2.651186950315880E-005
  6.607525571134019E-006  0.996072999169118       4.782310157317678E-005
  4.042431866439953E-006  7.343765171863008E-005  3.480204156278225E-005
  4.782310157317678E-005  0.995955161140395       2.444605439674428E-005
 -3.325588746130296E-005 -9.809167564718554E-006  4.042431866439953E-006
  2.444605439674428E-005  0.997961749207677       3.419384685444259E-005
  2.651186950315880E-005  7.343765171863008E-005 -3.325588746130296E-005
  3.419384685444259E-005  0.995946905422507       0.997981253674075     
  6.593602755003224E-006  3.488337572424100E-005 -9.843539718744351E-006
  2.657715586693474E-005  6.593602755003224E-006  0.996072991660834     
  4.786228593361877E-005  4.025065844627105E-006  7.348884729830634E-005
  3.488337572424100E-005  4.786228593361877E-005  0.995954868466159     
  2.454075379060345E-005 -3.353946834016447E-005 -9.843539718744351E-006
  4.025065844627105E-006  2.454075379060345E-005  0.997961690648565     
  3.431128279610099E-005  2.657715586693474E-005  7.348884729830634E-005
 -3.353946834016447E-005  3.431128279610099E-005  0.995946570445111     
  0.997966092515811       5.356709910213183E-006  4.251786540231125E-005
  3.575714582851330E-005 -4.495831945737268E-006  5.356709910213183E-006
  0.996022887560144      -1.452104591487237E-004  9.278093734533246E-006
  1.452104591489267E-004  4.251786540231125E-005 -1.452104591487237E-004
  0.995975073697965       2.973904060946687E-005  8.549307429817833E-005
  3.575714582851330E-005  9.278093734533246E-006  2.973904060946687E-005
  0.998007381311348      -5.169107186388439E-005 -4.495831945737268E-006
  1.452104591489267E-004  8.549307429817833E-005 -5.169107186388439E-005
  0.995975073697964       0.997966083935901       5.353890396677011E-006
  4.249351096379064E-005  3.575567393384466E-005 -4.496787281345793E-006
  5.353890396677011E-006  0.996022887127460      -1.451892052166992E-004
  9.273210193835964E-006  1.451892052169022E-004  4.249351096379064E-005
 -1.451892052166992E-004  0.995974953317946       2.972608269437253E-005
  8.560741574024629E-005  3.575567393384466E-005  9.273210193835964E-006
  2.972608269437253E-005  0.998007371031840      -5.166350134388346E-005
 -4.496787281345793E-006  1.451892052169022E-004  8.560741574024629E-005
 -5.166350134388346E-005  0.995974953317946       0.997975128142346     
  1.970858963566954E-007 -1.635680528527456E-005 -1.336382702982198E-005
 -3.769883343400943E-006  1.970858963566954E-007  0.996072999169118     
 -7.343765171842747E-005  7.743500938296659E-006 -4.782310157297393E-005
 -1.635680528527456E-005 -7.343765171842747E-005  0.995946905422507     
 -4.005687591740320E-005 -3.325588746130284E-005 -1.336382702982198E-005
  7.743500938296659E-006 -4.005687591740320E-005  0.997967906058474     
 -4.236247930136615E-005 -3.769883343400943E-006 -4.782310157297393E-005
 -3.325588746130284E-005 -4.236247930136615E-005  0.995955161140394     
  0.997975106160404       1.890078883694920E-007 -1.642586461218012E-005
 -1.339280839168095E-005 -3.811228343476592E-006  1.890078883694920E-007
  0.996072991660834      -7.348884729810371E-005  7.722760414928748E-006
 -4.786228593341593E-005 -1.642586461218012E-005 -7.348884729810371E-005
  0.995946570445111      -4.017213353778308E-005 -3.353946834016435E-005
 -1.339280839168095E-005  7.722760414928748E-006 -4.017213353778308E-005
  0.997967838162236      -4.248026644831452E-005 -3.811228343476592E-006
 -4.786228593341593E-005 -3.353946834016435E-005 -4.248026644831452E-005
  0.995954868466159       0.000000000000000E+000  0.000000000000000E+000
  0.000000000000000E+000  0.000000000000000E+000  0.000000000000000E+000
  0.000000000000000E+000  0.000000000000000E+000  0.000000000000000E+000
  0.000000000000000E+000  0.000000000000000E+000  0.000000000000000E+000
  0.000000000000000E+000  0.000000000000000E+000  0.000000000000000E+000
  0.000000000000000E+000  0.000000000000000E+000  0.000000000000000E+000
  0.000000000000000E+000  0.000000000000000E+000  0.000000000000000E+000
  0.000000000000000E+000  0.000000000000000E+000  0.000000000000000E+000
  0.000000000000000E+000  0.000000000000000E+000  0.000000000000000E+000
  0.000000000000000E+000  0.000000000000000E+000  0.000000000000000E+000
  0.000000000000000E+000  0.000000000000000E+000  0.000000000000000E+000
  0.000000000000000E+000  0.000000000000000E+000  0.000000000000000E+000
  0.000000000000000E+000  0.000000000000000E+000  0.000000000000000E+000
  0.000000000000000E+000  0.000000000000000E+000  0.000000000000000E+000
  0.000000000000000E+000  0.000000000000000E+000  0.000000000000000E+000
  0.000000000000000E+000  0.000000000000000E+000  0.000000000000000E+000
  0.000000000000000E+000  0.000000000000000E+000  0.000000000000000E+000
  0.000000000000000E+000  0.000000000000000E+000  0.000000000000000E+000
  0.000000000000000E+000  0.000000000000000E+000  0.000000000000000E+000
  0.000000000000000E+000  0.000000000000000E+000  0.000000000000000E+000
  0.000000000000000E+000  0.000000000000000E+000  0.000000000000000E+000
  0.000000000000000E+000  0.000000000000000E+000  0.000000000000000E+000
  0.000000000000000E+000  0.000000000000000E+000  0.000000000000000E+000
  0.000000000000000E+000  0.000000000000000E+000  0.000000000000000E+000
  0.000000000000000E+000  0.000000000000000E+000  0.000000000000000E+000
  0.000000000000000E+000  0.000000000000000E+000  0.000000000000000E+000
  0.000000000000000E+000  0.000000000000000E+000  0.000000000000000E+000
  0.000000000000000E+000  0.000000000000000E+000  0.000000000000000E+000
  0.000000000000000E+000  0.000000000000000E+000  0.000000000000000E+000
  0.000000000000000E+000  0.000000000000000E+000  0.000000000000000E+000
  0.000000000000000E+000  0.000000000000000E+000  0.000000000000000E+000
  0.000000000000000E+000  0.000000000000000E+000  0.000000000000000E+000
  0.000000000000000E+000  0.000000000000000E+000  0.000000000000000E+000
  0.000000000000000E+000  0.000000000000000E+000  0.000000000000000E+000
  0.000000000000000E+000  0.000000000000000E+000  0.000000000000000E+000
  0.000000000000000E+000  0.000000000000000E+000  0.000000000000000E+000
  0.000000000000000E+000  0.000000000000000E+000  0.000000000000000E+000
  0.000000000000000E+000  0.000000000000000E+000  0.000000000000000E+000
  0.000000000000000E+000  0.000000000000000E+000  0.000000000000000E+000
  0.000000000000000E+000  0.000000000000000E+000  0.000000000000000E+000
  0.000000000000000E+000  0.000000000000000E+000  0.000000000000000E+000
  0.000000000000000E+000  0.000000000000000E+000  0.000000000000000E+000
  0.000000000000000E+000  0.000000000000000E+000  0.000000000000000E+000
  0.000000000000000E+000  0.000000000000000E+000  0.000000000000000E+000
  0.000000000000000E+000  0.000000000000000E+000  0.000000000000000E+000
  0.000000000000000E+000  0.000000000000000E+000  0.000000000000000E+000
  0.000000000000000E+000  0.000000000000000E+000  0.000000000000000E+000
  0.000000000000000E+000  0.000000000000000E+000  0.000000000000000E+000
  0.000000000000000E+000  0.000000000000000E+000  0.000000000000000E+000
  0.000000000000000E+000  0.000000000000000E+000  0.000000000000000E+000
  0.000000000000000E+000  0.000000000000000E+000  0.000000000000000E+000
  0.000000000000000E+000  0.000000000000000E+000  0.000000000000000E+000
  0.000000000000000E+000  0.000000000000000E+000  0.000000000000000E+000
  0.000000000000000E+000  0.000000000000000E+000  0.000000000000000E+000
  0.000000000000000E+000  0.000000000000000E+000  0.000000000000000E+000
  0.000000000000000E+000  0.000000000000000E+000  0.000000000000000E+000
  0.000000000000000E+000  0.000000000000000E+000  0.000000000000000E+000
  0.000000000000000E+000  0.000000000000000E+000  0.000000000000000E+000
  0.000000000000000E+000  0.000000000000000E+000  0.000000000000000E+000
  0.000000000000000E+000  0.000000000000000E+000  0.000000000000000E+000
  0.000000000000000E+000  0.000000000000000E+000  0.000000000000000E+000
  0.000000000000000E+000  0.000000000000000E+000  0.000000000000000E+000
  0.000000000000000E+000  0.000000000000000E+000  0.000000000000000E+000
  0.000000000000000E+000  0.000000000000000E+000  0.000000000000000E+000
  0.000000000000000E+000  0.000000000000000E+000  0.000000000000000E+000
  0.000000000000000E+000  0.000000000000000E+000  0.000000000000000E+000
  0.000000000000000E+000  0.000000000000000E+000  0.000000000000000E+000
  0.997930476470348      -3.365476135239485E-006  2.276400142712062E-005
 -5.175707580358509E-006 -1.383074343046588E-005 -3.365476135239485E-006
  0.995919099604506       1.952552725522018E-005 -1.402730833332620E-005
  6.054892151026846E-005  2.276400142712062E-005  1.952552725522018E-005
  0.995998831148697      -3.942840705708500E-005 -1.952552725433542E-005
 -5.175707580358509E-006 -1.402730833332620E-005 -3.942840705708500E-005
  0.997936452862676       4.099066336842468E-006 -1.383074343046588E-005
  6.054892151026846E-005 -1.952552725433542E-005  4.099066336842468E-006
  0.995919099604502       0.997930452122602      -3.352195803994865E-006
  2.274075474805306E-005 -5.143616749692099E-006 -1.384409000064466E-005
 -3.352195803994865E-006  0.995919079786417       1.954346623729340E-005
 -1.405038702791616E-005  6.055846632126717E-005  2.274075474805306E-005
  1.954346623729340E-005  0.995998791156365      -3.938814262783273E-005
 -1.954346623640864E-005 -5.143616749692099E-006 -1.405038702791616E-005
 -3.938814262783273E-005  0.997936391459630       4.122106788365962E-006
 -1.384409000064466E-005  6.055846632126717E-005 -1.954346623640864E-005
  4.122106788365962E-006  0.995919079786413       0.997888875015267     
 -1.203527759945825E-005  2.017735256956525E-005 -3.710750573274337E-007
 -8.667152124056941E-006 -1.203527759945825E-005  0.995898345047137     
  1.355231975984122E-005 -3.059394462658003E-006  6.683661475772306E-005
  2.017735256956525E-005  1.355231975984122E-005  0.995927951522131     
 -3.494819981445898E-005 -1.355231975895653E-005 -3.710750573274337E-007
 -3.059394462658003E-006 -3.494819981445898E-005  0.997889303495834     
 -8.893158912272504E-006 -8.667152124056941E-006  6.683661475772306E-005
 -1.355231975895653E-005 -8.893158912272504E-006  0.995898345047133     
  0.997888856595025      -1.205426164267107E-005  2.014274073954016E-005
 -3.329654171685549E-007 -8.654404459343996E-006 -1.205426164267107E-005
  0.995898331514517       1.352330524864591E-005 -3.033714284891656E-006
  6.685452677792199E-005  2.014274073954016E-005  1.352330524864591E-005
  0.995927893207235      -3.488825036631260E-005 -1.352330524776122E-005
 -3.329654171685549E-007 -3.033714284891656E-006 -3.488825036631260E-005
  0.997889241070370      -8.922439664844523E-006 -8.654404459343996E-006
  6.685452677792199E-005 -1.352330524776122E-005 -8.922439664844523E-006
  0.995898331514513       0.997880804086080      -1.039603653180862E-005
  3.665387385481563E-005  3.708307589849608E-005 -1.548965904160321E-005
 -1.039603653180862E-005  0.995853916017321       2.215367613044247E-004
 -2.810693669508996E-005  1.502988623191329E-004  3.665387385481563E-005
  2.215367613044247E-004  0.995981742682317       6.642139539390462E-005
 -8.089901485519420E-005  3.708307589849608E-005 -2.810693669508996E-005
  6.642139539390462E-005  0.997925520952798       4.075754389283742E-005
 -1.548965904160321E-005  1.502988623191329E-004 -8.089901485519420E-005
  4.075754389283742E-005  0.995896337935129       0.997880776598450     
 -1.038746198682496E-005  3.668522234874349E-005  3.710551699041138E-005
 -1.546915543683927E-005 -1.038746198682496E-005  0.995853905600362     
  2.215254405779800E-004 -2.811363048876671E-005  1.502883846431510E-004
  3.668522234874349E-005  2.215254405779800E-004  0.995981699132204     
  6.639376914572138E-005 -8.092287598329504E-005  3.710551699041138E-005
 -2.811363048876671E-005  6.639376914572138E-005  0.997925498562898     
  4.073990266242582E-005 -1.546915543683927E-005  1.502883846431510E-004
 -8.092287598329504E-005  4.073990266242582E-005  0.995896316347541     
  0.997946456621898       2.755223888674525E-005 -7.584955269484842E-005
 -8.214333292524377E-007 -2.953933946588163E-005  2.755223888674525E-005
  0.995896337935133       8.089901485607924E-005 -3.379321017330316E-005
  1.502988623191329E-004 -7.584955269484842E-005  8.089901485607924E-005
  0.995981742682317       1.467511790700873E-006 -2.215367613035393E-004
 -8.214333292524377E-007 -3.379321017330316E-005  1.467511790700873E-006
  0.997859868416980       5.050236611454832E-006 -2.953933946588163E-005
  1.502988623191329E-004 -2.215367613035393E-004  5.050236611454832E-006
  0.995853916017317       0.997946452392122       2.754721293543676E-005
 -7.584130190907441E-005 -8.124201651762385E-007 -2.954084918876155E-005
  2.754721293543676E-005  0.995896316347545       8.092287598418011E-005
 -3.376663291550264E-005  1.502883846431511E-004 -7.584130190907441E-005
  8.092287598418011E-005  0.995981699132204       1.426550074497350E-006
 -2.215254405770947E-004 -8.124201651762385E-007 -3.376663291550264E-005
  1.426550074497350E-006  0.997859822769227       5.061009282074952E-006
 -2.954084918876155E-005  1.502883846431511E-004 -2.215254405770947E-004
  5.061009282074952E-006  0.995853905600358       0.000000000000000E+000
  0.000000000000000E+000  0.000000000000000E+000  0.000000000000000E+000
  0.000000000000000E+000  0.000000000000000E+000  0.000000000000000E+000
  0.000000000000000E+000  0.000000000000000E+000  0.000000000000000E+000
  0.000000000000000E+000  0.000000000000000E+000  0.000000000000000E+000
  0.000000000000000E+000  0.000000000000000E+000  0.000000000000000E+000
  0.000000000000000E+000  0.000000000000000E+000  0.000000000000000E+000
  0.000000000000000E+000  0.000000000000000E+000  0.000000000000000E+000
  0.000000000000000E+000  0.000000000000000E+000  0.000000000000000E+000
  0.000000000000000E+000  0.000000000000000E+000  0.000000000000000E+000
  0.000000000000000E+000  0.000000000000000E+000  0.000000000000000E+000
  0.000000000000000E+000  0.000000000000000E+000  0.000000000000000E+000
  0.000000000000000E+000  0.000000000000000E+000  0.000000000000000E+000
  0.000000000000000E+000  0.000000000000000E+000  0.000000000000000E+000
  0.000000000000000E+000  0.000000000000000E+000  0.000000000000000E+000
  0.000000000000000E+000  0.000000000000000E+000  0.000000000000000E+000
  0.000000000000000E+000  0.000000000000000E+000  0.000000000000000E+000
  0.000000000000000E+000  0.000000000000000E+000  0.000000000000000E+000
  0.000000000000000E+000  0.000000000000000E+000  0.000000000000000E+000
  0.000000000000000E+000  0.000000000000000E+000  0.000000000000000E+000
  0.000000000000000E+000  0.000000000000000E+000  0.000000000000000E+000
  0.000000000000000E+000  0.000000000000000E+000  0.000000000000000E+000
  0.000000000000000E+000  0.000000000000000E+000  0.000000000000000E+000
  0.000000000000000E+000  0.000000000000000E+000  0.000000000000000E+000
  0.000000000000000E+000  0.000000000000000E+000  0.000000000000000E+000
  0.000000000000000E+000  0.000000000000000E+000  0.000000000000000E+000
  0.000000000000000E+000  0.000000000000000E+000  0.000000000000000E+000
  0.000000000000000E+000  0.000000000000000E+000  0.000000000000000E+000
  0.000000000000000E+000  0.000000000000000E+000  0.000000000000000E+000
  0.000000000000000E+000  0.000000000000000E+000  0.000000000000000E+000
  0.000000000000000E+000  0.000000000000000E+000  0.000000000000000E+000
  0.000000000000000E+000  0.000000000000000E+000  0.000000000000000E+000
  0.000000000000000E+000  0.000000000000000E+000  0.000000000000000E+000
  0.000000000000000E+000  0.000000000000000E+000  0.000000000000000E+000
  0.000000000000000E+000  0.000000000000000E+000  0.000000000000000E+000
  0.000000000000000E+000  0.000000000000000E+000  0.000000000000000E+000
  0.000000000000000E+000  0.000000000000000E+000  0.000000000000000E+000
  0.000000000000000E+000  0.000000000000000E+000  0.000000000000000E+000
  0.000000000000000E+000  0.000000000000000E+000  0.000000000000000E+000
  0.000000000000000E+000  0.000000000000000E+000  0.000000000000000E+000
  0.000000000000000E+000  0.000000000000000E+000  0.000000000000000E+000
  0.000000000000000E+000  0.000000000000000E+000  0.000000000000000E+000
  0.000000000000000E+000  0.000000000000000E+000  0.000000000000000E+000
  0.000000000000000E+000  0.000000000000000E+000  0.000000000000000E+000
  0.000000000000000E+000  0.000000000000000E+000  0.000000000000000E+000
  0.000000000000000E+000  0.000000000000000E+000  0.000000000000000E+000
  0.000000000000000E+000  0.000000000000000E+000  0.000000000000000E+000
  0.000000000000000E+000  0.000000000000000E+000  0.000000000000000E+000
  0.000000000000000E+000  0.000000000000000E+000  0.000000000000000E+000
  0.000000000000000E+000  0.000000000000000E+000  0.000000000000000E+000
  0.000000000000000E+000  0.000000000000000E+000  0.000000000000000E+000
  0.000000000000000E+000  0.000000000000000E+000  0.000000000000000E+000
  0.000000000000000E+000  0.000000000000000E+000  0.000000000000000E+000
  0.000000000000000E+000  0.000000000000000E+000  0.000000000000000E+000
  0.000000000000000E+000  0.000000000000000E+000  0.000000000000000E+000
  0.000000000000000E+000  0.000000000000000E+000  0.000000000000000E+000
  0.000000000000000E+000  0.000000000000000E+000  0.000000000000000E+000
  0.000000000000000E+000  0.000000000000000E+000  0.000000000000000E+000
  0.000000000000000E+000  0.000000000000000E+000  0.000000000000000E+000
  0.000000000000000E+000  0.000000000000000E+000  0.000000000000000E+000
  0.000000000000000E+000  0.000000000000000E+000  0.000000000000000E+000
  0.000000000000000E+000  0.000000000000000E+000  0.000000000000000E+000
  0.000000000000000E+000  0.000000000000000E+000  0.000000000000000E+000
  0.000000000000000E+000  0.000000000000000E+000  0.000000000000000E+000
  0.000000000000000E+000  0.000000000000000E+000  0.000000000000000E+000
  0.000000000000000E+000  0.000000000000000E+000  0.000000000000000E+000
  0.000000000000000E+000  0.000000000000000E+000  0.000000000000000E+000
  0.000000000000000E+000  0.997929539119632       3.985989839749787E-005
 -1.781300816813797E-005  5.272849029292004E-006 -1.266245360554321E-005
  3.985989839749787E-005  0.995882070723121      -7.832710928324749E-005
 -3.763446506580325E-005  1.541690200607807E-005 -1.781300816813797E-005
 -7.832710928324749E-005  0.995992679997081       3.085303518111282E-005
  7.832710928413175E-005  5.272849029292004E-006 -3.763446506580325E-005
  3.085303518111282E-005  0.997923450558018       5.333691713652826E-005
 -1.266245360554321E-005  1.541690200607807E-005  7.832710928413175E-005
  5.333691713652826E-005  0.995882070723117       0.997929516396618     
  3.996412569423128E-005 -1.781275125741524E-005  5.308911520007864E-006
 -1.274678104585802E-005  3.996412569423128E-005  0.995881745261897     
 -7.836034703681232E-005 -3.779201366436085E-005  1.577965078909081E-005
 -1.781275125741524E-005 -7.836034703681232E-005  0.995992693844045     
  3.085259019868806E-005  7.836034703769660E-005  5.308911520007864E-006
 -3.779201366436085E-005  3.085259019868806E-005  0.997923386193626     
  5.350595492254597E-005 -1.274678104585802E-005  1.577965078909081E-005
  7.836034703769660E-005  5.350595492254597E-005  0.995881745261893     
  0.997966092515811       4.251786540160143E-005  5.356709910923010E-006
 -3.575714582762505E-005 -4.495831945737009E-006  4.251786540160143E-005
  0.995975073697969      -1.452104591487237E-004 -2.973904060380171E-005
  8.549307429749721E-005  5.356709910923010E-006 -1.452104591487237E-004
  0.996022887560140      -9.278093728867876E-006  1.452104591496078E-004
 -3.575714582762505E-005 -2.973904060380171E-005 -9.278093728867876E-006
  0.998007381311348       5.169107185350186E-005 -4.495831945737009E-006
  8.549307429749721E-005  1.452104591496078E-004  5.169107185350186E-005
  0.995975073697964       0.997966083935901       4.249351096308082E-005
  5.353890397386834E-006 -3.575567393297722E-005 -4.496787281345532E-006
  4.249351096308082E-005  0.995974953317950      -1.451892052166992E-004
 -2.972608268870738E-005  8.560741573956517E-005  5.353890397386834E-006
 -1.451892052166992E-004  0.996022887127456      -9.273210188170594E-006
  1.451892052175833E-004 -3.575567393297722E-005 -2.972608268870738E-005
 -9.273210188170594E-006  0.998007371031840       5.166350133350093E-005
 -4.496787281345532E-006  8.560741573956517E-005  1.451892052175833E-004
  5.166350133350093E-005  0.995974953317946       0.997981284993144     
  3.480204156207260E-005  6.607525571843777E-006  9.809167565599858E-006
  2.651186950315890E-005  3.480204156207260E-005  0.995955161140398     
  4.782310157317678E-005 -2.444605439107702E-005 -3.325588746198474E-005
  6.607525571843777E-006  4.782310157317678E-005  0.996072999169114     
 -4.042431860772882E-006  7.343765171931179E-005  9.809167565599858E-006
 -2.444605439107702E-005 -4.042431860772882E-006  0.997961749207677     
 -3.419384686482583E-005  2.651186950315890E-005 -3.325588746198474E-005
  7.343765171931179E-005 -3.419384686482583E-005  0.995946905422507     
  0.997981253674075       3.488337572353136E-005  6.593602755712984E-006
  9.843539719611777E-006  2.657715586693483E-005  3.488337572353136E-005
  0.995954868466163       4.786228593361879E-005 -2.454075378493619E-005
 -3.353946834084626E-005  6.593602755712984E-006  4.786228593361879E-005
  0.996072991660830      -4.025065838960036E-006  7.348884729898802E-005
  9.843539719611777E-006 -2.454075378493619E-005 -4.025065838960036E-006
  0.997961690648565      -3.431128280648424E-005  2.657715586693483E-005
 -3.353946834084626E-005  7.348884729898802E-005 -3.431128280648424E-005
  0.995946570445111       0.997975128142346      -1.635680528598433E-005
  1.970858970666386E-007  1.336382703072398E-005 -3.769883343400977E-006
 -1.635680528598433E-005  0.995946905422511      -7.343765171842720E-005
  4.005687592306968E-005 -3.325588746198489E-005  1.970858970666386E-007
 -7.343765171842720E-005  0.996072999169114      -7.743500932629307E-006
 -4.782310157229215E-005  1.336382703072398E-005  4.005687592306968E-005
 -7.743500932629307E-006  0.997967906058474       4.236247929098228E-005
 -3.769883343400977E-006 -3.325588746198489E-005 -4.782310157229215E-005
  4.236247929098228E-005  0.995955161140394       0.997975106160404     
 -1.642586461288989E-005  1.890078890794352E-007  1.339280839256213E-005
 -3.811228343476628E-006 -1.642586461288989E-005  0.995946570445115     
 -7.348884729810344E-005  4.017213354344955E-005 -3.353946834084640E-005
  1.890078890794352E-007 -7.348884729810344E-005  0.996072991660830     
 -7.722760409261394E-006 -4.786228593273414E-005  1.339280839256213E-005
  4.017213354344955E-005 -7.722760409261394E-006  0.997967838162236     
  4.248026643793064E-005 -3.811228343476628E-006 -3.353946834084640E-005
 -4.786228593273414E-005  4.248026643793064E-005  0.995954868466159     
  0.000000000000000E+000  0.000000000000000E+000  0.000000000000000E+000
  0.000000000000000E+000  0.000000000000000E+000  0.000000000000000E+000
  0.000000000000000E+000  0.000000000000000E+000  0.000000000000000E+000
  0.000000000000000E+000  0.000000000000000E+000  0.000000000000000E+000
  0.000000000000000E+000  0.000000000000000E+000  0.000000000000000E+000
  0.000000000000000E+000  0.000000000000000E+000  0.000000000000000E+000
  0.000000000000000E+000  0.000000000000000E+000  0.000000000000000E+000
  0.000000000000000E+000  0.000000000000000E+000  0.000000000000000E+000
  0.000000000000000E+000  0.000000000000000E+000  0.000000000000000E+000
  0.000000000000000E+000  0.000000000000000E+000  0.000000000000000E+000
  0.000000000000000E+000  0.000000000000000E+000  0.000000000000000E+000
  0.000000000000000E+000  0.000000000000000E+000  0.000000000000000E+000
  0.000000000000000E+000  0.000000000000000E+000  0.000000000000000E+000
  0.000000000000000E+000  0.000000000000000E+000  0.000000000000000E+000
  0.000000000000000E+000  0.000000000000000E+000  0.000000000000000E+000
  0.000000000000000E+000  0.000000000000000E+000  0.000000000000000E+000
  0.000000000000000E+000  0.000000000000000E+000  0.000000000000000E+000
  0.000000000000000E+000  0.000000000000000E+000  0.000000000000000E+000
  0.000000000000000E+000  0.000000000000000E+000  0.000000000000000E+000
  0.000000000000000E+000  0.000000000000000E+000  0.000000000000000E+000
  0.000000000000000E+000  0.000000000000000E+000  0.000000000000000E+000
  0.000000000000000E+000  0.000000000000000E+000  0.000000000000000E+000
  0.000000000000000E+000  0.000000000000000E+000  0.000000000000000E+000
  0.000000000000000E+000  0.000000000000000E+000  0.000000000000000E+000
  0.000000000000000E+000  0.000000000000000E+000  0.000000000000000E+000
  0.000000000000000E+000  0.000000000000000E+000  0.000000000000000E+000
  0.000000000000000E+000  0.000000000000000E+000  0.000000000000000E+000
  0.000000000000000E+000  0.000000000000000E+000  0.000000000000000E+000
  0.000000000000000E+000  0.000000000000000E+000  0.000000000000000E+000
  0.000000000000000E+000  0.000000000000000E+000  0.000000000000000E+000
  0.000000000000000E+000  0.000000000000000E+000  0.000000000000000E+000
  0.000000000000000E+000  0.000000000000000E+000  0.000000000000000E+000
  0.000000000000000E+000  0.000000000000000E+000  0.000000000000000E+000
  0.000000000000000E+000  0.000000000000000E+000  0.000000000000000E+000
  0.000000000000000E+000  0.000000000000000E+000  0.000000000000000E+000
  0.000000000000000E+000  0.000000000000000E+000  0.000000000000000E+000
  0.000000000000000E+000  0.000000000000000E+000  0.000000000000000E+000
  0.000000000000000E+000  0.000000000000000E+000  0.000000000000000E+000
  0.000000000000000E+000  0.000000000000000E+000  0.000000000000000E+000
  0.000000000000000E+000  0.000000000000000E+000  0.000000000000000E+000
  0.000000000000000E+000  0.000000000000000E+000  0.000000000000000E+000
  0.000000000000000E+000  0.000000000000000E+000  0.000000000000000E+000
  0.000000000000000E+000  0.000000000000000E+000  0.000000000000000E+000
  0.000000000000000E+000  0.000000000000000E+000  0.000000000000000E+000
  0.000000000000000E+000  0.000000000000000E+000  0.000000000000000E+000
  0.000000000000000E+000  0.000000000000000E+000  0.000000000000000E+000
  0.000000000000000E+000  0.000000000000000E+000  0.000000000000000E+000
  0.000000000000000E+000  0.000000000000000E+000  0.000000000000000E+000
  0.000000000000000E+000  0.000000000000000E+000  0.000000000000000E+000
  0.000000000000000E+000  0.000000000000000E+000  0.000000000000000E+000
  0.000000000000000E+000  0.000000000000000E+000  0.000000000000000E+000
  0.000000000000000E+000  0.000000000000000E+000  0.000000000000000E+000
  0.000000000000000E+000  0.000000000000000E+000  0.000000000000000E+000
  0.000000000000000E+000  0.000000000000000E+000  0.000000000000000E+000
  0.000000000000000E+000  0.000000000000000E+000  0.000000000000000E+000
  0.000000000000000E+000  0.000000000000000E+000  0.000000000000000E+000
  0.000000000000000E+000  0.000000000000000E+000  0.000000000000000E+000
  0.000000000000000E+000  0.000000000000000E+000  0.000000000000000E+000
  0.000000000000000E+000  0.000000000000000E+000  0.000000000000000E+000
  0.000000000000000E+000  0.000000000000000E+000  0.000000000000000E+000
  0.000000000000000E+000  0.000000000000000E+000  0.000000000000000E+000
  0.000000000000000E+000  0.000000000000000E+000  0.000000000000000E+000
  0.000000000000000E+000  0.000000000000000E+000  0.000000000000000E+000
  0.000000000000000E+000  0.000000000000000E+000  0.000000000000000E+000
  0.000000000000000E+000  0.000000000000000E+000  0.000000000000000E+000
  0.000000000000000E+000  0.000000000000000E+000  0.000000000000000E+000
  0.000000000000000E+000  0.000000000000000E+000  0.997930476470348     
  2.276400142641096E-005 -3.365476134529861E-006  5.175707581253627E-006
 -1.383074343046578E-005  2.276400142641096E-005  0.995998831148701     
  1.952552725521984E-005  3.942840706275234E-005 -1.952552725501721E-005
 -3.365476134529861E-006  1.952552725521984E-005  0.995919099604502     
  1.402730833899225E-005  6.054892151095023E-005  5.175707581253627E-006
  3.942840706275234E-005  1.402730833899225E-005  0.997936452862676     
 -4.099066347225346E-006 -1.383074343046578E-005 -1.952552725501721E-005
  6.054892151095023E-005 -4.099066347225346E-006  0.995919099604502     
  0.997930452122601       2.274075474734340E-005 -3.352195803285240E-006
  5.143616750566401E-006 -1.384409000064456E-005  2.274075474734340E-005
  0.995998791156368       1.954346623729307E-005  3.938814263350008E-005
 -1.954346623709043E-005 -3.352195803285240E-006  1.954346623729307E-005
  0.995919079786413       1.405038703358220E-005  6.055846632194895E-005
  5.143616750566401E-006  3.938814263350008E-005  1.405038703358220E-005
  0.997936391459630      -4.122106798748838E-006 -1.384409000064456E-005
 -1.954346623709043E-005  6.055846632194895E-005 -4.122106798748838E-006
  0.995919079786413       0.997880804086080       3.665387385410610E-005
 -1.039603653109927E-005 -3.708307589759393E-005 -1.548965904160283E-005
  3.665387385410610E-005  0.995981742682321       2.215367613044239E-004
 -6.642139538823587E-005 -8.089901485587587E-005 -1.039603653109927E-005
  2.215367613044239E-004  0.995853916017317       2.810693670075620E-005
  1.502988623198150E-004 -3.708307589759393E-005 -6.642139538823587E-005
  2.810693670075620E-005  0.997925520952798      -4.075754390322011E-005
 -1.548965904160283E-005 -8.089901485587587E-005  1.502988623198150E-004
 -4.075754390322011E-005  0.995896337935129       0.997880776598450     
  3.668522234803397E-005 -1.038746198611561E-005 -3.710551698953003E-005
 -1.546915543683889E-005  3.668522234803397E-005  0.995981699132208     
  2.215254405779792E-004 -6.639376914005262E-005 -8.092287598397674E-005
 -1.038746198611561E-005  2.215254405779792E-004  0.995853905600358     
  2.811363049443295E-005  1.502883846438331E-004 -3.710551698953003E-005
 -6.639376914005262E-005  2.811363049443295E-005  0.997925498562898     
 -4.073990267280851E-005 -1.546915543683889E-005 -8.092287598397674E-005
  1.502883846438331E-004 -4.073990267280851E-005  0.995896316347541     
  0.997888875015267       2.017735256885560E-005 -1.203527759874860E-005
  3.710750581947777E-007 -8.667152124056807E-006  2.017735256885560E-005
  0.995927951522135       1.355231975984099E-005  3.494819982012580E-005
 -1.355231975963833E-005 -1.203527759874860E-005  1.355231975984099E-005
  0.995898345047133       3.059394468323905E-006  6.683661475840481E-005
  3.710750581947777E-007  3.494819982012580E-005  3.059394468323905E-006
  0.997889303495834       8.893158901889996E-006 -8.667152124056807E-006
 -1.355231975963833E-005  6.683661475840481E-005  8.893158901889996E-006
  0.995898345047133       0.997888856595025       2.014274073883051E-005
 -1.205426164196143E-005  3.329654180705935E-007 -8.654404459343861E-006
  2.014274073883051E-005  0.995927893207238       1.352330524864567E-005
  3.488825037197940E-005 -1.352330524844302E-005 -1.205426164196143E-005
  1.352330524864567E-005  0.995898331514513       3.033714290557558E-006
  6.685452677860374E-005  3.329654180705935E-007  3.488825037197940E-005
  3.033714290557558E-006  0.997889241070370       8.922439654462014E-006
 -8.654404459343861E-006 -1.352330524844302E-005  6.685452677860374E-005
  8.922439654462014E-006  0.995898331514513       0.997946456621899     
 -7.584955269555810E-005  2.755223888745489E-005  8.214333301128286E-007
 -2.953933946588140E-005 -7.584955269555810E-005  0.995981742682320     
  8.089901485607835E-005 -1.467511785031769E-006 -2.215367613042213E-004
  2.755223888745489E-005  8.089901485607835E-005  0.995896337935129     
  3.379321017896877E-005  1.502988623198149E-004  8.214333301128286E-007
 -1.467511785031769E-006  3.379321017896877E-005  0.997859868416980     
 -5.050236621837713E-006 -2.953933946588140E-005 -2.215367613042213E-004
  1.502988623198149E-004 -5.050236621837713E-006  0.995853916017317     
  0.997946452392122      -7.584130190978409E-005  2.754721293614639E-005
  8.124201660227514E-007 -2.954084918876132E-005 -7.584130190978409E-005
  0.995981699132208       8.092287598417923E-005 -1.426550068828245E-006
 -2.215254405777766E-004  2.754721293614639E-005  8.092287598417923E-005
  0.995896316347541       3.376663292116825E-005  1.502883846438329E-004
  8.124201660227514E-007 -1.426550068828245E-006  3.376663292116825E-005
  0.997859822769227      -5.061009292457833E-006 -2.954084918876132E-005
 -2.215254405777766E-004  1.502883846438329E-004 -5.061009292457833E-006
  0.995853905600358       0.000000000000000E+000  0.000000000000000E+000
  0.000000000000000E+000  0.000000000000000E+000  0.000000000000000E+000
  0.000000000000000E+000  0.000000000000000E+000  0.000000000000000E+000
  0.000000000000000E+000  0.000000000000000E+000  0.000000000000000E+000
  0.000000000000000E+000  0.000000000000000E+000  0.000000000000000E+000
  0.000000000000000E+000  0.000000000000000E+000  0.000000000000000E+000
  0.000000000000000E+000  0.000000000000000E+000  0.000000000000000E+000
  0.000000000000000E+000  0.000000000000000E+000  0.000000000000000E+000
  0.000000000000000E+000  0.000000000000000E+000  0.000000000000000E+000
  0.000000000000000E+000  0.000000000000000E+000  0.000000000000000E+000
  0.000000000000000E+000  0.000000000000000E+000  0.000000000000000E+000
  0.000000000000000E+000  0.000000000000000E+000  0.000000000000000E+000
  0.000000000000000E+000  0.000000000000000E+000  0.000000000000000E+000
  0.000000000000000E+000  0.000000000000000E+000  0.000000000000000E+000
  0.000000000000000E+000  0.000000000000000E+000  0.000000000000000E+000
  0.000000000000000E+000  0.000000000000000E+000  0.000000000000000E+000
  0.000000000000000E+000  0.000000000000000E+000  0.000000000000000E+000
  0.000000000000000E+000  0.000000000000000E+000  0.000000000000000E+000
  0.000000000000000E+000  0.000000000000000E+000  0.000000000000000E+000
  0.000000000000000E+000  0.000000000000000E+000  0.000000000000000E+000
  0.000000000000000E+000  0.000000000000000E+000  0.000000000000000E+000
  0.000000000000000E+000  0.000000000000000E+000  0.000000000000000E+000
  0.000000000000000E+000  0.000000000000000E+000  0.000000000000000E+000
  0.000000000000000E+000  0.000000000000000E+000  0.000000000000000E+000
  0.000000000000000E+000  0.000000000000000E+000  0.000000000000000E+000
  0.000000000000000E+000  0.000000000000000E+000  0.000000000000000E+000
  0.000000000000000E+000  0.000000000000000E+000  0.000000000000000E+000
  0.000000000000000E+000  0.000000000000000E+000  0.000000000000000E+000
  0.000000000000000E+000  0.000000000000000E+000  0.000000000000000E+000
  0.000000000000000E+000  0.000000000000000E+000  0.000000000000000E+000
  0.000000000000000E+000  0.000000000000000E+000  0.000000000000000E+000
  0.000000000000000E+000  0.000000000000000E+000  0.000000000000000E+000
  0.000000000000000E+000  0.000000000000000E+000  0.000000000000000E+000
  0.000000000000000E+000  0.000000000000000E+000  0.000000000000000E+000
  0.000000000000000E+000  0.000000000000000E+000  0.000000000000000E+000
  0.000000000000000E+000  0.000000000000000E+000  0.000000000000000E+000
  0.000000000000000E+000  0.000000000000000E+000  0.000000000000000E+000
  0.000000000000000E+000  0.000000000000000E+000  0.000000000000000E+000
  0.000000000000000E+000  0.000000000000000E+000  0.000000000000000E+000
  0.000000000000000E+000  0.000000000000000E+000  0.000000000000000E+000
  0.000000000000000E+000  0.000000000000000E+000  0.000000000000000E+000
  0.000000000000000E+000  0.000000000000000E+000  0.000000000000000E+000
  0.000000000000000E+000  0.000000000000000E+000  0.000000000000000E+000
  0.000000000000000E+000  0.000000000000000E+000  0.000000000000000E+000
  0.000000000000000E+000  0.000000000000000E+000  0.000000000000000E+000
  0.000000000000000E+000  0.000000000000000E+000  0.000000000000000E+000
  0.000000000000000E+000  0.000000000000000E+000  0.000000000000000E+000
  0.000000000000000E+000  0.000000000000000E+000  0.000000000000000E+000
  0.000000000000000E+000  0.000000000000000E+000  0.000000000000000E+000
  0.000000000000000E+000  0.000000000000000E+000  0.000000000000000E+000
  0.000000000000000E+000  0.000000000000000E+000  0.000000000000000E+000
  0.000000000000000E+000  0.000000000000000E+000  0.000000000000000E+000
  0.000000000000000E+000  0.000000000000000E+000  0.000000000000000E+000
  0.000000000000000E+000  0.000000000000000E+000  0.000000000000000E+000
  0.000000000000000E+000  0.000000000000000E+000  0.000000000000000E+000
  0.000000000000000E+000  0.000000000000000E+000  0.000000000000000E+000
  0.000000000000000E+000  0.000000000000000E+000  0.000000000000000E+000
  0.000000000000000E+000  0.000000000000000E+000  0.000000000000000E+000
  0.000000000000000E+000  0.000000000000000E+000  0.000000000000000E+000
  0.000000000000000E+000  0.000000000000000E+000  0.000000000000000E+000
  0.000000000000000E+000  0.000000000000000E+000  0.000000000000000E+000
  0.000000000000000E+000  0.000000000000000E+000  0.000000000000000E+000
  0.000000000000000E+000  0.000000000000000E+000  0.000000000000000E+000
  0.000000000000000E+000  0.000000000000000E+000  0.000000000000000E+000
  0.000000000000000E+000  0.000000000000000E+000  0.000000000000000E+000
  0.000000000000000E+000  0.000000000000000E+000  0.000000000000000E+000
  0.000000000000000E+000  0.000000000000000E+000  0.000000000000000E+000
  0.997939441058843      -1.046526730323776E-005 -1.046526730252785E-005
  4.371453639334921E-016  4.552800286083427E-005 -1.046526730323776E-005
  0.995919099604506      -6.054892151006577E-005 -9.928241991292141E-006
 -1.952552725501732E-005 -1.046526730252785E-005 -6.054892151006577E-005
  0.995919099604502       9.928241996958466E-006 -1.952552725433536E-005
  4.371453639334921E-016 -9.928241991292141E-006  9.928241996958466E-006
  0.997927488274181      -5.191985244610540E-015  4.552800286083427E-005
 -1.952552725501732E-005 -1.952552725433536E-005 -5.191985244610540E-015
  0.995998831148697       0.997939361128147      -1.049189420466116E-005
 -1.049189420395125E-005  4.163286379047778E-016  4.548150950269915E-005
 -1.049189420466116E-005  0.995919079786417      -6.055846632106447E-005
 -9.928280234358605E-006 -1.954346623709055E-005 -1.049189420395125E-005
 -6.055846632106447E-005  0.995919079786413       9.928280240024929E-006
 -1.954346623640859E-005  4.163286379047778E-016 -9.928280234358605E-006
  9.928280240024929E-006  0.997927482454084      -5.191985267642112E-015
  4.548150950269915E-005 -1.954346623709055E-005 -1.954346623640859E-005
 -5.191985267642112E-015  0.995998791156364       0.997882226850342     
 -4.304189793635935E-005 -1.914330294137460E-005 -3.790450922721433E-005
 -3.919567883343796E-005 -4.304189793635935E-005  0.995896337935133     
 -1.502988623189303E-004  6.964333724725895E-006 -8.089901485587628E-005
 -1.914330294137460E-005 -1.502988623189303E-004  0.995853916017317     
  2.305670008411038E-005 -2.215367613035391E-004 -3.790450922721433E-005
  6.964333724725895E-006  2.305670008411038E-005  0.997924098188536     
  6.495388359801116E-005 -3.919567883343796E-005 -8.089901485587628E-005
 -2.215367613035391E-004  6.495388359801116E-005  0.995981742682317     
  0.997882183751454      -4.301636838028692E-005 -1.915338720923819E-005
 -3.791793715510200E-005 -3.915607955373610E-005 -4.301636838028692E-005
  0.995896316347545      -1.502883846429484E-004  6.973269752114818E-006
 -8.092287598397714E-005 -1.915338720923819E-005 -1.502883846429484E-004
  0.995853905600358       2.305262120716700E-005 -2.215254405770945E-004
 -3.791793715510200E-005  6.973269752114818E-006  2.305262120716700E-005
  0.997924091409894       6.496721906603146E-005 -3.915607955373610E-005
 -8.092287598397714E-005 -2.215254405770945E-004  6.496721906603146E-005
  0.995981699132204       0.997882226850342      -1.914330294208446E-005
 -4.304189793564947E-005  3.790450922810939E-005 -3.919567883343795E-005
 -1.914330294208446E-005  0.995853916017321      -1.502988623189306E-004
 -2.305670007844329E-005 -2.215367613042215E-004 -4.304189793564947E-005
 -1.502988623189306E-004  0.995896337935129      -6.964333719059820E-006
 -8.089901485519387E-005  3.790450922810939E-005 -2.305670007844329E-005
 -6.964333719059820E-006  0.997924098188537      -6.495388360839649E-005
 -3.919567883343795E-005 -2.215367613042215E-004 -8.089901485519387E-005
 -6.495388360839649E-005  0.995981742682316       0.997882183751454     
 -1.915338720994804E-005 -4.301636837957703E-005  3.791793715597624E-005
 -3.915607955373609E-005 -1.915338720994804E-005  0.995853905600362     
 -1.502883846429487E-004 -2.305262120149991E-005 -2.215254405777769E-004
 -4.301636837957703E-005 -1.502883846429487E-004  0.995896316347541     
 -6.973269746448744E-006 -8.092287598329473E-005  3.791793715597624E-005
 -2.305262120149991E-005 -6.973269746448744E-006  0.997924091409895     
 -6.496721907641679E-005 -3.915607955373609E-005 -2.215254405777769E-004
 -8.092287598329473E-005 -6.496721907641679E-005  0.995981699132204     
  0.997889517736120       3.368125467390236E-006  3.368125468100078E-006
  4.510408301171066E-016  4.035470514572295E-005  3.368125467390236E-006
  0.995898345047137      -6.683661475752036E-005 -1.195255336973914E-005
 -1.355231975963836E-005  3.368125468100078E-006 -6.683661475752036E-005
  0.995898345047133       1.195255337540526E-005 -1.355231975895655E-005
  4.510408301171066E-016 -1.195255336973914E-005  1.195255337540526E-005
  0.997888660774980      -5.191628134572455E-015  4.035470514572295E-005
 -1.355231975963836E-005 -1.355231975895655E-005 -5.191628134572455E-015
  0.995927951522131       0.997889433308045       3.399857175316004E-006
  3.399857176025847E-006  4.302241938047036E-016  4.028548148567278E-005
  3.399857175316004E-006  0.995898331514517      -6.685452677771930E-005
 -1.195615394454481E-005 -1.352330524844305E-005  3.399857176025847E-006
 -6.685452677771930E-005  0.995898331514513       1.195615395021094E-005
 -1.352330524776124E-005  4.302241938047036E-016 -1.195615394454481E-005
  1.195615395021094E-005  0.997888664357349      -5.191627676190540E-015
  4.028548148567278E-005 -1.352330524844305E-005 -1.352330524776124E-005
 -5.191627676190540E-015  0.995927893207234       0.000000000000000E+000
  0.000000000000000E+000  0.000000000000000E+000  0.000000000000000E+000
  0.000000000000000E+000  0.000000000000000E+000  0.000000000000000E+000
  0.000000000000000E+000  0.000000000000000E+000  0.000000000000000E+000
  0.000000000000000E+000  0.000000000000000E+000  0.000000000000000E+000
  0.000000000000000E+000  0.000000000000000E+000  0.000000000000000E+000
  0.000000000000000E+000  0.000000000000000E+000  0.000000000000000E+000
  0.000000000000000E+000  0.000000000000000E+000  0.000000000000000E+000
  0.000000000000000E+000  0.000000000000000E+000  0.000000000000000E+000
  0.000000000000000E+000  0.000000000000000E+000  0.000000000000000E+000
  0.000000000000000E+000  0.000000000000000E+000  0.000000000000000E+000
  0.000000000000000E+000  0.000000000000000E+000  0.000000000000000E+000
  0.000000000000000E+000  0.000000000000000E+000  0.000000000000000E+000
  0.000000000000000E+000  0.000000000000000E+000  0.000000000000000E+000
  0.000000000000000E+000  0.000000000000000E+000  0.000000000000000E+000
  0.000000000000000E+000  0.000000000000000E+000  0.000000000000000E+000
  0.000000000000000E+000  0.000000000000000E+000  0.000000000000000E+000
  0.000000000000000E+000  0.000000000000000E+000  0.000000000000000E+000
  0.000000000000000E+000  0.000000000000000E+000  0.000000000000000E+000
  0.000000000000000E+000  0.000000000000000E+000  0.000000000000000E+000
  0.000000000000000E+000  0.000000000000000E+000  0.000000000000000E+000
  0.000000000000000E+000  0.000000000000000E+000  0.000000000000000E+000
  0.000000000000000E+000  0.000000000000000E+000  0.000000000000000E+000
  0.000000000000000E+000  0.000000000000000E+000  0.000000000000000E+000
  0.000000000000000E+000  0.000000000000000E+000  0.000000000000000E+000
  0.000000000000000E+000  0.000000000000000E+000  0.000000000000000E+000
  0.000000000000000E+000  0.000000000000000E+000  0.000000000000000E+000
  0.000000000000000E+000  0.000000000000000E+000  0.000000000000000E+000
  0.000000000000000E+000  0.000000000000000E+000  0.000000000000000E+000
  0.000000000000000E+000  0.000000000000000E+000  0.000000000000000E+000
  0.000000000000000E+000  0.000000000000000E+000  0.000000000000000E+000
  0.000000000000000E+000  0.000000000000000E+000  0.000000000000000E+000
  0.000000000000000E+000  0.000000000000000E+000  0.000000000000000E+000
  0.000000000000000E+000  0.000000000000000E+000  0.000000000000000E+000
  0.000000000000000E+000  0.000000000000000E+000  0.000000000000000E+000
  0.000000000000000E+000  0.000000000000000E+000  0.000000000000000E+000
  0.000000000000000E+000  0.000000000000000E+000  0.000000000000000E+000
  0.000000000000000E+000  0.000000000000000E+000  0.000000000000000E+000
  0.000000000000000E+000  0.000000000000000E+000  0.000000000000000E+000
  0.000000000000000E+000  0.000000000000000E+000  0.000000000000000E+000
  0.000000000000000E+000  0.000000000000000E+000  0.000000000000000E+000
  0.000000000000000E+000  0.000000000000000E+000  0.000000000000000E+000
  0.000000000000000E+000  0.000000000000000E+000  0.000000000000000E+000
  0.000000000000000E+000  0.000000000000000E+000  0.000000000000000E+000
  0.000000000000000E+000  0.000000000000000E+000  0.000000000000000E+000
  0.000000000000000E+000  0.000000000000000E+000  0.000000000000000E+000
  0.000000000000000E+000  0.000000000000000E+000  0.000000000000000E+000
  0.000000000000000E+000  0.000000000000000E+000  0.000000000000000E+000
  0.000000000000000E+000  0.000000000000000E+000  0.000000000000000E+000
  0.000000000000000E+000  0.000000000000000E+000  0.000000000000000E+000
  0.000000000000000E+000  0.000000000000000E+000  0.000000000000000E+000
  0.000000000000000E+000  0.000000000000000E+000  0.000000000000000E+000
  0.000000000000000E+000  0.000000000000000E+000  0.000000000000000E+000
  0.000000000000000E+000  0.000000000000000E+000  0.000000000000000E+000
  0.000000000000000E+000  0.000000000000000E+000  0.000000000000000E+000
  0.000000000000000E+000  0.000000000000000E+000  0.000000000000000E+000
  0.000000000000000E+000  0.000000000000000E+000  0.000000000000000E+000
  0.000000000000000E+000  0.000000000000000E+000  0.000000000000000E+000
  0.000000000000000E+000  0.000000000000000E+000  0.000000000000000E+000
  0.000000000000000E+000  0.000000000000000E+000  0.000000000000000E+000
  0.000000000000000E+000  0.000000000000000E+000  0.000000000000000E+000
  0.000000000000000E+000  0.000000000000000E+000  0.000000000000000E+000
  0.000000000000000E+000  0.000000000000000E+000  0.000000000000000E+000
  0.000000000000000E+000  0.000000000000000E+000  0.000000000000000E+000
  0.000000000000000E+000  0.000000000000000E+000  0.000000000000000E+000
  0.000000000000000E+000  0.000000000000000E+000  0.000000000000000E+000
  0.000000000000000E+000  0.000000000000000E+000  0.000000000000000E+000
  0.000000000000000E+000  0.990043324200864      -1.971930644030016E-003
 -1.971930644029315E-003  4.581358546171954E-016 -3.943861288052151E-003
 -1.971930644030016E-003  0.981281546165714      -1.745435265790674E-003
 -3.415484064453511E-003  1.745435265790883E-003 -1.971930644029315E-003
 -1.745435265790674E-003  0.981281546165710       3.415484064459069E-003
  1.745435265791537E-003  4.581358546171954E-016 -3.415484064453511E-003
  3.415484064459069E-003  0.990043324200862      -5.119551954988072E-015
 -3.943861288052151E-003  1.745435265790883E-003  1.745435265791537E-003
 -5.119551954988072E-015  0.981281546165710       0.990043135840662     
 -1.972055474321882E-003 -1.972055474321182E-003  4.095630151457989E-016
 -3.944110948635885E-003 -1.972055474321882E-003  0.981276200609368     
 -1.750728774199170E-003 -3.415700276861346E-003  1.750728774199379E-003
 -1.972055474321182E-003 -1.750728774199170E-003  0.981276200609364     
  3.415700276866905E-003  1.750728774200034E-003  4.095630151457989E-016
 -3.415700276861346E-003  3.415700276866905E-003  0.990043135840660     
 -5.119545798550356E-015 -3.944110948635885E-003  1.750728774199379E-003
  1.750728774200034E-003 -5.119545798550356E-015  0.981276200609364     
  0.998271090930510       1.244516820183156E-004 -1.192729575506778E-004
 -1.134110856344795E-005  2.399212516847674E-004  1.244516820183156E-004
  0.996259710614332      -3.929932006373477E-004  2.051849863740351E-004
 -4.152612500734637E-004 -1.192729575506778E-004 -3.929932006373477E-004
  0.996481519386689       2.065868224450381E-004  3.929932006382305E-004
 -1.134110856344795E-005  2.051849863740351E-004  2.065868224450381E-004
  0.998284186514673       5.185824983673765E-006  2.399212516847674E-004
 -4.152612500734637E-004  3.929932006382305E-004  5.185824983673765E-006
  0.996259710614328       0.998271124046163       1.245488119674383E-004
 -1.193469813486067E-004 -1.134293080628374E-005  2.399336187060750E-004
  1.245488119674383E-004  0.996258944611695      -3.924783783060161E-004
  2.051431885779247E-004 -4.143059983077484E-004 -1.193469813486067E-004
 -3.924783783060161E-004  0.996481357900963       2.067150354240201E-004
  3.924783783068988E-004 -1.134293080628374E-005  2.051431885779247E-004
  2.067150354240201E-004  0.998284221734470       5.290840885137494E-006
  2.399336187060750E-004 -4.143059983077484E-004  3.924783783068988E-004
  5.290840885137494E-006  0.996258944611691       0.998271090930510     
 -1.192729575513891E-004  1.244516820190263E-004  1.134110856431532E-005
  2.399212516847663E-004 -1.192729575513891E-004  0.996481519386693     
 -3.929932006373462E-004 -2.065868224393745E-004  3.929932006375499E-004
  1.244516820190263E-004 -3.929932006373462E-004  0.996259710614328     
 -2.051849863683648E-004 -4.152612500727817E-004  1.134110856431532E-005
 -2.065868224393745E-004 -2.051849863683648E-004  0.998284186514673     
 -5.185824994060575E-006  2.399212516847663E-004  3.929932006375499E-004
 -4.152612500727817E-004 -5.185824994060575E-006  0.996259710614328     
  0.998271124046163      -1.193469813493179E-004  1.245488119681490E-004
  1.134293080717193E-005  2.399336187060738E-004 -1.193469813493179E-004
  0.996481357900967      -3.924783783060146E-004 -2.067150354183564E-004
  3.924783783062183E-004  1.245488119681490E-004 -3.924783783060146E-004
  0.996258944611691      -2.051431885722545E-004 -4.143059983070663E-004
  1.134293080717193E-005 -2.067150354183564E-004 -2.051431885722545E-004
  0.998284221734470      -5.290840895524301E-006  2.399336187060738E-004
  3.924783783062183E-004 -4.143059983070663E-004 -5.290840895524301E-006
  0.996258944611691       0.998290734306757       1.154695696584373E-004
  1.154695696591457E-004  4.510088383326555E-016 -2.385459150947662E-004
  1.154695696584373E-004  0.996259710614332       4.152612500736669E-004
  2.103708113629009E-004  3.929932006375493E-004  1.154695696591457E-004
  4.152612500736669E-004  0.996259710614328      -2.103708113572331E-004
  3.929932006382317E-004  4.510088383326555E-016  2.103708113629009E-004
 -2.103708113572331E-004  0.998264543138426      -5.191676592479753E-015
 -2.385459150947662E-004  3.929932006375493E-004  3.929932006382317E-004
 -5.191676592479753E-015  0.996481519386689       0.998290770578627     
  1.153848067306222E-004  1.153848067313305E-004  4.371308895739969E-016
 -2.386939626906238E-004  1.153848067306222E-004  0.996258944611695     
  4.143059983079516E-004  2.104340294682543E-004  3.924783783062178E-004
  1.153848067313305E-004  4.143059983079516E-004  0.996258944611691     
 -2.104340294625865E-004  3.924783783069002E-004  4.371308895739969E-016
  2.104340294682543E-004 -2.104340294625865E-004  0.998264575202006     
 -5.191673803081502E-015 -2.386939626906238E-004  3.924783783062178E-004
  3.924783783069002E-004 -5.191673803081502E-015  0.996481357900963     
  0.000000000000000E+000  0.000000000000000E+000  0.000000000000000E+000
  0.000000000000000E+000  0.000000000000000E+000  0.000000000000000E+000
  0.000000000000000E+000  0.000000000000000E+000  0.000000000000000E+000
  0.000000000000000E+000  0.000000000000000E+000  0.000000000000000E+000
  0.000000000000000E+000  0.000000000000000E+000  0.000000000000000E+000
  0.000000000000000E+000  0.000000000000000E+000  0.000000000000000E+000
  0.000000000000000E+000  0.000000000000000E+000  0.000000000000000E+000
  0.000000000000000E+000  0.000000000000000E+000  0.000000000000000E+000
  0.000000000000000E+000  0.000000000000000E+000  0.000000000000000E+000
  0.000000000000000E+000  0.000000000000000E+000  0.000000000000000E+000
  0.000000000000000E+000  0.000000000000000E+000  0.000000000000000E+000
  0.000000000000000E+000  0.000000000000000E+000  0.000000000000000E+000
  0.000000000000000E+000  0.000000000000000E+000  0.000000000000000E+000
  0.000000000000000E+000  0.000000000000000E+000  0.000000000000000E+000
  0.000000000000000E+000  0.000000000000000E+000  0.000000000000000E+000
  0.000000000000000E+000  0.000000000000000E+000  0.000000000000000E+000
  0.000000000000000E+000  0.000000000000000E+000  0.000000000000000E+000
  0.000000000000000E+000  0.000000000000000E+000  0.000000000000000E+000
  0.000000000000000E+000  0.000000000000000E+000  0.000000000000000E+000
  0.000000000000000E+000  0.000000000000000E+000  0.000000000000000E+000
  0.000000000000000E+000  0.000000000000000E+000  0.000000000000000E+000
  0.000000000000000E+000  0.000000000000000E+000  0.000000000000000E+000
  0.000000000000000E+000  0.000000000000000E+000  0.000000000000000E+000
  0.000000000000000E+000  0.000000000000000E+000  0.000000000000000E+000
  0.000000000000000E+000  0.000000000000000E+000  0.000000000000000E+000
  0.000000000000000E+000  0.000000000000000E+000  0.000000000000000E+000
  0.000000000000000E+000  0.000000000000000E+000  0.000000000000000E+000
  0.000000000000000E+000  0.000000000000000E+000  0.000000000000000E+000
  0.000000000000000E+000  0.000000000000000E+000  0.000000000000000E+000
  0.000000000000000E+000  0.000000000000000E+000  0.000000000000000E+000
  0.000000000000000E+000  0.000000000000000E+000  0.000000000000000E+000
  0.000000000000000E+000  0.000000000000000E+000  0.000000000000000E+000
  0.000000000000000E+000  0.000000000000000E+000  0.000000000000000E+000
  0.000000000000000E+000  0.000000000000000E+000  0.000000000000000E+000
  0.000000000000000E+000  0.000000000000000E+000  0.000000000000000E+000
  0.000000000000000E+000  0.000000000000000E+000  0.000000000000000E+000
  0.000000000000000E+000  0.000000000000000E+000  0.000000000000000E+000
  0.000000000000000E+000  0.000000000000000E+000  0.000000000000000E+000
  0.000000000000000E+000  0.000000000000000E+000  0.000000000000000E+000
  0.000000000000000E+000  0.000000000000000E+000  0.000000000000000E+000
  0.000000000000000E+000  0.000000000000000E+000  0.000000000000000E+000
  0.000000000000000E+000  0.000000000000000E+000  0.000000000000000E+000
  0.000000000000000E+000  0.000000000000000E+000  0.000000000000000E+000
  0.000000000000000E+000  0.000000000000000E+000  0.000000000000000E+000
  0.000000000000000E+000  0.000000000000000E+000  0.000000000000000E+000
  0.000000000000000E+000  0.000000000000000E+000  0.000000000000000E+000
  0.000000000000000E+000  0.000000000000000E+000  0.000000000000000E+000
  0.000000000000000E+000  0.000000000000000E+000  0.000000000000000E+000
  0.000000000000000E+000  0.000000000000000E+000  0.000000000000000E+000
  0.000000000000000E+000  0.000000000000000E+000  0.000000000000000E+000
