4.70	7.64	-753.45518367
4.70	7.65	-753.45518500
4.70	7.66	-753.45518530
4.70	7.67	-753.45510579
4.70	7.68	-753.45510579
4.70	7.69	-753.45510596
4.70	7.70	-753.45510597
4.70	7.71	-753.45491338
4.70	7.72	-753.45491353
4.70	7.73	-753.45491354
4.70	7.74	-753.45491347
4.70	7.75	-753.45491294
4.71	7.64	-753.45517014
4.71	7.65	-753.45517134
4.71	7.66	-753.45517135
4.71	7.67	-753.45517146
4.71	7.68	-753.45503301
4.71	7.69	-753.45503327
4.71	7.70	-753.45503320
4.72	7.64	-753.45518518
4.72	7.65	-753.45508081
4.72	7.66	-753.45508140
4.72	7.67	-753.45508136
4.72	7.68	-753.45508146
4.72	7.69	-753.45508147
4.72	7.70	-753.45487426
4.73	7.64	-753.45508016
4.73	7.65	-753.45508024
4.73	7.66	-753.45508023
4.73	7.67	-753.45492015
4.73	7.68	-753.45492047
4.73	7.69	-753.45492050
4.73	7.70	-753.45492044
4.74	7.64	-753.45489368
4.74	7.65	-753.45489501
4.74	7.66	-753.45489510
4.74	7.67	-753.45489483
4.74	7.68	-753.45467453
4.74	7.69	-753.45467481
4.74	7.70	-753.45467475
4.75	7.64	-753.45483307
4.75	7.65	-753.45463551
4.75	7.66	-753.45463626
4.75	7.67	-753.45463627
4.75	7.68	-753.45463600
4.75	7.69	-753.45463628
4.75	7.70	-753.45434210
