  0.997928885208824      -5.558866577054455E-006 -5.558866576344709E-006
  4.024567864102874E-016 -1.111773314609707E-005 -5.558866577054455E-006
  0.995952791520194      -5.394641740737316E-006 -9.628239335317266E-006
  5.394641740940065E-006 -5.558866576344709E-006 -5.394641740737316E-006
  0.995952791520190       9.628239340983898E-006  5.394641741621890E-006
  4.024567864102874E-016 -9.628239335317266E-006  9.628239340983898E-006
  0.997928885208821      -5.191671155489552E-015 -1.111773314609707E-005
  5.394641740940065E-006  5.394641741621890E-006 -5.191671155489552E-015
  0.995952791520190       0.997929622739912      -4.982196178656787E-006
 -4.982196177947055E-006  4.440899280396671E-016 -9.964392349301827E-006
 -4.982196178656787E-006  0.995942133611415      -5.121132664575986E-006
 -8.629416906071621E-006  5.121132664778732E-006 -4.982196177947055E-006
 -5.121132664575986E-006  0.995942133611411       8.629416911738192E-006
  5.121132665460552E-006  4.440899280396671E-016 -8.629416906071621E-006
  8.629416911738192E-006  0.997929622739911      -5.191633746187515E-015
 -9.964392349301827E-006  5.121132664778732E-006  5.121132665460552E-006
 -5.191633746187515E-015  0.995942133611411       0.997931082628157     
 -7.947132896877646E-006 -2.164281569730178E-006  3.140444825341917E-006
 -5.093004260143576E-006 -7.947132896877646E-006  0.995945770164749     
 -1.272542329217203E-005 -1.292615444471270E-006  4.657930839368171E-006
 -2.164281569730178E-006 -1.272542329217203E-005  0.995963471834637     
  3.748645638915996E-006  1.272542329305658E-005  3.140444825341917E-006
 -1.292615444471270E-006  3.748645638915996E-006  0.997927456354825     
 -6.236111254584304E-006 -5.093004260143576E-006  4.657930839368171E-006
  1.272542329305658E-005 -6.236111254584304E-006  0.995945770164745     
  0.997931712165769      -8.272424247216884E-006 -1.368546702010351E-006
  3.120962502420324E-006 -5.821856396697030E-006 -8.272424247216884E-006
  0.995934533813644      -1.307352159188666E-005 -1.946414350264999E-006
  1.419184917239010E-006 -1.368546702010351E-006 -1.307352159188666E-005
  0.995955331577384       2.370392418671167E-006  1.307352159277122E-005
  3.120962502420324E-006 -1.946414350264999E-006  2.370392418671167E-006
  0.997928108388686      -6.190922374712584E-006 -5.821856396697030E-006
  1.419184917239010E-006  1.307352159277122E-005 -6.190922374712584E-006
  0.995934533813640       0.997931082628157      -2.164281570439951E-006
 -7.947132896167895E-006 -3.140444824474564E-006 -5.093004260143564E-006
 -2.164281570439951E-006  0.995963471834641      -1.272542329217205E-005
 -3.748645633249420E-006  1.272542329237479E-005 -7.947132896167895E-006
 -1.272542329217205E-005  0.995945770164746       1.292615450137847E-006
  4.657930840049989E-006 -3.140444824474564E-006 -3.748645633249420E-006
  1.292615450137847E-006  0.997927456354825       6.236111244201075E-006
 -5.093004260143564E-006  1.272542329237479E-005  4.657930840049989E-006
  6.236111244201075E-006  0.995945770164745       0.997931712165769     
 -1.368546702720107E-006 -8.272424246507150E-006 -3.120962501532154E-006
 -5.821856396697021E-006 -1.368546702720107E-006  0.995955331577388     
 -1.307352159188668E-005 -2.370392413004644E-006  1.307352159208943E-005
 -8.272424246507150E-006 -1.307352159188668E-005  0.995934533813640     
  1.946414355931521E-006  1.419184917920825E-006 -3.120962501532154E-006
 -2.370392413004644E-006  1.946414355931521E-006  0.997928108388686     
  6.190922364329414E-006 -5.821856396697021E-006  1.307352159208943E-005
  1.419184917920825E-006  6.190922364329414E-006  0.995934533813640     
  0.997925643218162       2.854128628722353E-006  2.854128629432074E-006
  4.510366481792628E-016 -4.328563132868073E-006  2.854128628722353E-006
  0.995945770164749      -4.657930839165423E-006 -7.528726693863981E-006
  1.272542329237478E-005  2.854128629432074E-006 -4.657930839165423E-006
  0.995945770164746       7.528726699530522E-006  1.272542329305661E-005
  4.510366481792628E-016 -7.528726693863981E-006  7.528726699530522E-006
  0.997932895764820      -5.191671867420758E-015 -4.328563132868073E-006
  1.272542329237478E-005  1.272542329305661E-005 -5.191671867420758E-015
  0.995963471834637       0.997926306500147       2.450567842508213E-006
  2.450567843217919E-006  4.302200996447842E-016 -2.737093397428466E-006
  2.450567842508213E-006  0.995934533813644      -1.419184917036260E-006
 -8.137336719786019E-006  1.307352159208941E-005  2.450567843217919E-006
 -1.419184917036260E-006  0.995934533813640       8.137336725452502E-006
  1.307352159277125E-005  4.302200996447842E-016 -8.137336719786019E-006
  8.137336725452502E-006  0.997933514054308      -5.191644567219445E-015
 -2.737093397428466E-006  1.307352159208941E-005  1.307352159277125E-005
 -5.191644567219445E-015  0.995955331577384       0.000000000000000E+000
  0.000000000000000E+000  0.000000000000000E+000  0.000000000000000E+000
  0.000000000000000E+000  0.000000000000000E+000  0.000000000000000E+000
  0.000000000000000E+000  0.000000000000000E+000  0.000000000000000E+000
  0.000000000000000E+000  0.000000000000000E+000  0.000000000000000E+000
  0.000000000000000E+000  0.000000000000000E+000  0.000000000000000E+000
  0.000000000000000E+000  0.000000000000000E+000  0.000000000000000E+000
  0.000000000000000E+000  0.000000000000000E+000  0.000000000000000E+000
  0.000000000000000E+000  0.000000000000000E+000  0.000000000000000E+000
  0.000000000000000E+000  0.000000000000000E+000  0.000000000000000E+000
  0.000000000000000E+000  0.000000000000000E+000  0.000000000000000E+000
  0.000000000000000E+000  0.000000000000000E+000  0.000000000000000E+000
  0.000000000000000E+000  0.000000000000000E+000  0.000000000000000E+000
  0.000000000000000E+000  0.000000000000000E+000  0.000000000000000E+000
  0.000000000000000E+000  0.000000000000000E+000  0.000000000000000E+000
  0.000000000000000E+000  0.000000000000000E+000  0.000000000000000E+000
  0.000000000000000E+000  0.000000000000000E+000  0.000000000000000E+000
  0.000000000000000E+000  0.000000000000000E+000  0.000000000000000E+000
  0.000000000000000E+000  0.000000000000000E+000  0.000000000000000E+000
  0.000000000000000E+000  0.000000000000000E+000  0.000000000000000E+000
  0.000000000000000E+000  0.000000000000000E+000  0.000000000000000E+000
  0.000000000000000E+000  0.000000000000000E+000  0.000000000000000E+000
  0.000000000000000E+000  0.000000000000000E+000  0.000000000000000E+000
  0.000000000000000E+000  0.000000000000000E+000  0.000000000000000E+000
  0.000000000000000E+000  0.000000000000000E+000  0.000000000000000E+000
  0.000000000000000E+000  0.000000000000000E+000  0.000000000000000E+000
  0.000000000000000E+000  0.000000000000000E+000  0.000000000000000E+000
  0.000000000000000E+000  0.000000000000000E+000  0.000000000000000E+000
  0.000000000000000E+000  0.000000000000000E+000  0.000000000000000E+000
  0.000000000000000E+000  0.000000000000000E+000  0.000000000000000E+000
  0.000000000000000E+000  0.000000000000000E+000  0.000000000000000E+000
  0.000000000000000E+000  0.000000000000000E+000  0.000000000000000E+000
  0.000000000000000E+000  0.000000000000000E+000  0.000000000000000E+000
  0.000000000000000E+000  0.000000000000000E+000  0.000000000000000E+000
  0.000000000000000E+000  0.000000000000000E+000  0.000000000000000E+000
  0.000000000000000E+000  0.000000000000000E+000  0.000000000000000E+000
  0.000000000000000E+000  0.000000000000000E+000  0.000000000000000E+000
  0.000000000000000E+000  0.000000000000000E+000  0.000000000000000E+000
  0.000000000000000E+000  0.000000000000000E+000  0.000000000000000E+000
  0.000000000000000E+000  0.000000000000000E+000  0.000000000000000E+000
  0.000000000000000E+000  0.000000000000000E+000  0.000000000000000E+000
  0.000000000000000E+000  0.000000000000000E+000  0.000000000000000E+000
  0.000000000000000E+000  0.000000000000000E+000  0.000000000000000E+000
  0.000000000000000E+000  0.000000000000000E+000  0.000000000000000E+000
  0.000000000000000E+000  0.000000000000000E+000  0.000000000000000E+000
  0.000000000000000E+000  0.000000000000000E+000  0.000000000000000E+000
  0.000000000000000E+000  0.000000000000000E+000  0.000000000000000E+000
  0.000000000000000E+000  0.000000000000000E+000  0.000000000000000E+000
  0.000000000000000E+000  0.000000000000000E+000  0.000000000000000E+000
  0.000000000000000E+000  0.000000000000000E+000  0.000000000000000E+000
  0.000000000000000E+000  0.000000000000000E+000  0.000000000000000E+000
  0.000000000000000E+000  0.000000000000000E+000  0.000000000000000E+000
  0.000000000000000E+000  0.000000000000000E+000  0.000000000000000E+000
  0.000000000000000E+000  0.000000000000000E+000  0.000000000000000E+000
  0.000000000000000E+000  0.000000000000000E+000  0.000000000000000E+000
  0.000000000000000E+000  0.000000000000000E+000  0.000000000000000E+000
  0.000000000000000E+000  0.000000000000000E+000  0.000000000000000E+000
  0.000000000000000E+000  0.000000000000000E+000  0.000000000000000E+000
  0.000000000000000E+000  0.000000000000000E+000  0.000000000000000E+000
  0.000000000000000E+000  0.000000000000000E+000  0.000000000000000E+000
  0.000000000000000E+000  0.000000000000000E+000  0.000000000000000E+000
  0.000000000000000E+000  0.000000000000000E+000  0.000000000000000E+000
  0.000000000000000E+000  0.000000000000000E+000  0.000000000000000E+000
  0.000000000000000E+000  0.000000000000000E+000  0.000000000000000E+000
  0.000000000000000E+000  0.000000000000000E+000  0.000000000000000E+000
  0.000000000000000E+000  0.000000000000000E+000  0.000000000000000E+000
  0.000000000000000E+000  0.000000000000000E+000  0.000000000000000E+000
  0.000000000000000E+000  0.997932853348041      -3.634322418556826E-005
 -3.634322418485831E-005  4.093730535975291E-016  3.261964729538752E-005
 -3.634322418556826E-005  0.995935779002284      -1.433573142185473E-005
 -1.335565480989063E-005  2.363509916489756E-005 -3.634322418485831E-005
 -1.433573142185473E-005  0.995935779002279       1.335565481555702E-005
  2.363509916557933E-005  4.093730535975291E-016 -1.335565480989063E-005
  1.335565481555702E-005  0.997926385244921      -5.191607490685618E-015
  3.261964729538752E-005  2.363509916489756E-005  2.363509916557933E-005
 -5.191607490685618E-015  0.995960748253012       0.997906486216336     
 -9.495637051539381E-005 -9.495637051468365E-005  4.439677514836765E-016
  3.214673856333686E-005 -9.495637051539381E-005  0.995812267388785     
 -1.429028985609789E-004 -6.711364830251813E-006  3.468192830248756E-005
 -9.495637051468365E-005 -1.429028985609789E-004  0.995812267388781     
  6.711364835916637E-006  3.468192830316929E-005  4.439677514836765E-016
 -6.711364830251813E-006  6.711364835916637E-006  0.997925407933362     
 -5.191534839725372E-015  3.214673856333686E-005  3.468192830248756E-005
  3.468192830316929E-005 -5.191534839725372E-015  0.995962207592293     
  0.997921614904058       2.510756787561846E-005 -4.288329915114353E-005
  3.504006221004290E-006 -1.291154157631818E-005  2.510756787561846E-005
  0.995912127315141       4.213613647068946E-005  1.200088368677231E-006
  2.301332597416978E-005 -4.288329915114353E-005  4.213613647068946E-005
  0.995927269687540       1.983920292657947E-005 -4.447784295291785E-006
  3.504006221004290E-006  1.200088368677231E-006  1.983920292657947E-005
  0.997947635375966       6.830654221071777E-006 -1.291154157631818E-005
  2.301332597416978E-005 -4.447784295291785E-006  6.830654221071777E-006
  0.995995120244502       0.997899226387368       7.043455495288185E-005
 -8.630578840823238E-005  1.825851981655898E-006 -1.499361759756651E-005
  7.043455495288185E-005  0.995803101557888       1.447753313066512E-004
 -2.428475444524226E-006  3.512544757312537E-005 -8.630578840823238E-005
  1.447753313066512E-004  0.995825496919453       1.005652756073804E-005
 -1.602056407550353E-005  1.825851981655898E-006 -2.428475444524226E-006
  1.005652756073804E-005  0.997946364989888       6.707097626427359E-006
 -1.499361759756651E-005  3.512544757312537E-005 -1.602056407550353E-005
  6.707097626427359E-006  0.995995636878338       0.997921614904058     
 -4.288329915185321E-005  2.510756787632814E-005 -3.504006220109182E-006
 -1.291154157631824E-005 -4.288329915185321E-005  0.995927269687544     
  4.213613647068939E-005 -1.983920292091266E-005 -4.447784295973760E-006
  2.510756787632814E-005  4.213613647068939E-005  0.995912127315137     
 -1.200088363010649E-006  2.301332597485183E-005 -3.504006220109182E-006
 -1.983920292091266E-005 -1.200088363010649E-006  0.997947635375966     
 -6.830654231455459E-006 -1.291154157631824E-005 -4.447784295973760E-006
  2.301332597485183E-005 -6.830654231455459E-006  0.995995120244501     
  0.997899226387368      -8.630578840894186E-005  7.043455495359130E-005
 -1.825851980767730E-006 -1.499361759756667E-005 -8.630578840894186E-005
  0.995825496919457       1.447753313066510E-004 -1.005652755507113E-005
 -1.602056407618581E-005  7.043455495359130E-005  1.447753313066510E-004
  0.995803101557884       2.428475450190619E-006  3.512544757380769E-005
 -1.825851980767730E-006 -1.005652755507113E-005  2.428475450190619E-006
  0.997946364989887      -6.707097636811024E-006 -1.499361759756667E-005
 -1.602056407618581E-005  3.512544757380769E-005 -6.707097636811024E-006
  0.995995636878338       0.997965174373893      -6.632909748467195E-005
 -6.632909748396205E-005  4.232168962625045E-016 -5.690159280037543E-005
 -6.632909748467195E-005  0.995956347019710       5.705149544265113E-006
 -4.571160130039420E-005  9.694048912145145E-005 -6.632909748396205E-005
  5.705149544265113E-006  0.995956347019706       4.571160130606027E-005
  9.694048912213287E-005  4.232168962625045E-016 -4.571160130039420E-005
  4.571160130606027E-005  0.997916029284580      -5.191201685594321E-015
 -5.690159280037543E-005  9.694048912145145E-005  9.694048912213287E-005
 -5.191201685594321E-015  0.995954726330536       0.997956871411106     
 -5.006954367430685E-005 -5.006954367359701E-005  4.371350183456077E-016
 -6.073492413125652E-005 -5.006954367430685E-005  0.995885683110609     
 -5.719242205420163E-005 -5.081440787316692E-005  9.776105186823998E-005
 -5.006954367359701E-005 -5.719242205420163E-005  0.995885683110605     
  5.081440787883218E-005  9.776105186892136E-005  4.371350183456077E-016
 -5.081440787316692E-005  5.081440787883218E-005  0.997914267194409     
 -5.191194873323211E-015 -6.073492413125652E-005  9.776105186823998E-005
  9.776105186892136E-005 -5.191194873323211E-015  0.995953109318748     
  0.000000000000000E+000  0.000000000000000E+000  0.000000000000000E+000
  0.000000000000000E+000  0.000000000000000E+000  0.000000000000000E+000
  0.000000000000000E+000  0.000000000000000E+000  0.000000000000000E+000
  0.000000000000000E+000  0.000000000000000E+000  0.000000000000000E+000
  0.000000000000000E+000  0.000000000000000E+000  0.000000000000000E+000
  0.000000000000000E+000  0.000000000000000E+000  0.000000000000000E+000
  0.000000000000000E+000  0.000000000000000E+000  0.000000000000000E+000
  0.000000000000000E+000  0.000000000000000E+000  0.000000000000000E+000
  0.000000000000000E+000  0.000000000000000E+000  0.000000000000000E+000
  0.000000000000000E+000  0.000000000000000E+000  0.000000000000000E+000
  0.000000000000000E+000  0.000000000000000E+000  0.000000000000000E+000
  0.000000000000000E+000  0.000000000000000E+000  0.000000000000000E+000
  0.000000000000000E+000  0.000000000000000E+000  0.000000000000000E+000
  0.000000000000000E+000  0.000000000000000E+000  0.000000000000000E+000
  0.000000000000000E+000  0.000000000000000E+000  0.000000000000000E+000
  0.000000000000000E+000  0.000000000000000E+000  0.000000000000000E+000
  0.000000000000000E+000  0.000000000000000E+000  0.000000000000000E+000
  0.000000000000000E+000  0.000000000000000E+000  0.000000000000000E+000
  0.000000000000000E+000  0.000000000000000E+000  0.000000000000000E+000
  0.000000000000000E+000  0.000000000000000E+000  0.000000000000000E+000
  0.000000000000000E+000  0.000000000000000E+000  0.000000000000000E+000
  0.000000000000000E+000  0.000000000000000E+000  0.000000000000000E+000
  0.000000000000000E+000  0.000000000000000E+000  0.000000000000000E+000
  0.000000000000000E+000  0.000000000000000E+000  0.000000000000000E+000
  0.000000000000000E+000  0.000000000000000E+000  0.000000000000000E+000
  0.000000000000000E+000  0.000000000000000E+000  0.000000000000000E+000
  0.000000000000000E+000  0.000000000000000E+000  0.000000000000000E+000
  0.000000000000000E+000  0.000000000000000E+000  0.000000000000000E+000
  0.000000000000000E+000  0.000000000000000E+000  0.000000000000000E+000
  0.000000000000000E+000  0.000000000000000E+000  0.000000000000000E+000
  0.000000000000000E+000  0.000000000000000E+000  0.000000000000000E+000
  0.000000000000000E+000  0.000000000000000E+000  0.000000000000000E+000
  0.000000000000000E+000  0.000000000000000E+000  0.000000000000000E+000
  0.000000000000000E+000  0.000000000000000E+000  0.000000000000000E+000
  0.000000000000000E+000  0.000000000000000E+000  0.000000000000000E+000
  0.000000000000000E+000  0.000000000000000E+000  0.000000000000000E+000
  0.000000000000000E+000  0.000000000000000E+000  0.000000000000000E+000
  0.000000000000000E+000  0.000000000000000E+000  0.000000000000000E+000
  0.000000000000000E+000  0.000000000000000E+000  0.000000000000000E+000
  0.000000000000000E+000  0.000000000000000E+000  0.000000000000000E+000
  0.000000000000000E+000  0.000000000000000E+000  0.000000000000000E+000
  0.000000000000000E+000  0.000000000000000E+000  0.000000000000000E+000
  0.000000000000000E+000  0.000000000000000E+000  0.000000000000000E+000
  0.000000000000000E+000  0.000000000000000E+000  0.000000000000000E+000
  0.000000000000000E+000  0.000000000000000E+000  0.000000000000000E+000
  0.000000000000000E+000  0.000000000000000E+000  0.000000000000000E+000
  0.000000000000000E+000  0.000000000000000E+000  0.000000000000000E+000
  0.000000000000000E+000  0.000000000000000E+000  0.000000000000000E+000
  0.000000000000000E+000  0.000000000000000E+000  0.000000000000000E+000
  0.000000000000000E+000  0.000000000000000E+000  0.000000000000000E+000
  0.000000000000000E+000  0.000000000000000E+000  0.000000000000000E+000
  0.000000000000000E+000  0.000000000000000E+000  0.000000000000000E+000
  0.000000000000000E+000  0.000000000000000E+000  0.000000000000000E+000
  0.000000000000000E+000  0.000000000000000E+000  0.000000000000000E+000
  0.000000000000000E+000  0.000000000000000E+000  0.000000000000000E+000
  0.000000000000000E+000  0.000000000000000E+000  0.000000000000000E+000
  0.000000000000000E+000  0.000000000000000E+000  0.000000000000000E+000
  0.000000000000000E+000  0.000000000000000E+000  0.000000000000000E+000
  0.000000000000000E+000  0.000000000000000E+000  0.000000000000000E+000
  0.000000000000000E+000  0.000000000000000E+000  0.000000000000000E+000
  0.000000000000000E+000  0.000000000000000E+000  0.000000000000000E+000
  0.000000000000000E+000  0.000000000000000E+000  0.000000000000000E+000
  0.000000000000000E+000  0.000000000000000E+000  0.000000000000000E+000
  0.000000000000000E+000  0.000000000000000E+000  0.000000000000000E+000
  0.000000000000000E+000  0.000000000000000E+000  0.000000000000000E+000
  0.000000000000000E+000  0.000000000000000E+000  0.000000000000000E+000
  0.000000000000000E+000  0.000000000000000E+000  0.997928002270703     
  1.630982364368802E-005  6.605275736472606E-006  2.800770807963316E-006
 -2.973794844179373E-005  1.630982364368802E-005  0.995960748253016     
 -2.363509916469482E-005  2.824944322199311E-005  2.363509916489753E-005
  6.605275736472606E-006 -2.363509916469482E-005  0.995935779002279     
  3.815198280642794E-005  1.433573142273919E-005  2.800770807963316E-006
  2.824944322199311E-005  3.815198280642794E-005  0.997931236322259     
 -2.479632799606251E-005 -2.973794844179373E-005  2.363509916489753E-005
  1.433573142273919E-005 -2.479632799606251E-005  0.995935779002279     
  0.997920677504107       1.607336927766283E-005  4.166597281386442E-005
 -8.193343814195954E-006 -5.329039769422899E-005  1.607336927766283E-005
  0.995962207592297      -3.468192830228508E-005  2.783989224636585E-005
  3.468192830248783E-005  4.166597281386442E-005 -3.468192830228508E-005
  0.995812267388781       8.559031153397121E-005  1.429028985618629E-004
 -8.193343814195954E-006  2.783989224636585E-005  8.559031153397121E-005
  0.997911216645591      -7.887894670324547E-005 -5.329039769422899E-005
  3.468192830248783E-005  1.429028985618629E-004 -7.887894670324547E-005
  0.995812267388781       0.997944164816392      -5.402507077533418E-007
  4.260395848811090E-006 -9.515191735573459E-006  1.359309095240143E-005
 -5.402507077533418E-007  0.995995120244506       4.447784296176456E-006
 -1.459705011854320E-005  2.301332597416991E-005  4.260395848811090E-006
  4.447784296176456E-006  0.995927269687540       4.705762792539689E-005
 -4.213613646980487E-005 -9.515191735573459E-006 -1.459705011854320E-005
  4.705762792539689E-005  0.997925085463631       2.114374742231613E-005
  1.359309095240143E-005  2.301332597416991E-005 -4.213613646980487E-005
  2.114374742231613E-005  0.995912127315137       0.997936161573459     
 -1.688291868144701E-006  3.444368586115050E-005 -1.949868765033223E-005
  3.311415604954778E-005 -1.688291868144701E-006  0.995995636878342     
  1.602056407638835E-005 -1.633840254823252E-005  3.512544757312562E-005
  3.444368586115050E-005  1.602056407638835E-005  0.995825496919453     
  7.977126903467196E-005 -1.447753313057665E-004 -1.949868765033223E-005
 -1.633840254823252E-005  7.977126903467196E-005  0.997909429803797     
  6.221235161483581E-005  3.311415604954778E-005  3.512544757312562E-005
 -1.447753313057665E-004  6.221235161483581E-005  0.995803101557884     
  0.997928315556910      -2.845079640419306E-005 -6.422859238241295E-006
  2.128044790765394E-005 -7.275195671561168E-005 -2.845079640419306E-005
  0.995954726330540      -9.694048912124842E-005 -4.927822487922384E-005
  9.694048912145139E-005 -6.422859238241295E-006 -9.694048912124842E-005
  0.995956347019706       8.029848408336487E-005 -5.705149543380715E-006
  2.128044790765394E-005 -4.927822487922384E-005  8.029848408336487E-005
  0.997952888101564      -3.458688278249613E-005 -7.275195671561168E-005
  9.694048912145139E-005 -5.705149543380715E-006 -3.458688278249613E-005
  0.995956347019706       0.997924918248584      -3.036746206963362E-005
 -1.897179626604244E-005  1.844816698347990E-005 -6.904133993304858E-005
 -3.036746206963362E-005  0.995953109318752      -9.776105186803706E-005
 -5.259798719288969E-005  9.776105186824004E-005 -1.897179626604244E-005
 -9.776105186803706E-005  0.995885683110605       6.876870071577474E-005
  5.719242205508588E-005  1.844816698347990E-005 -5.259798719288969E-005
  6.876870071577474E-005  0.997946220356930      -1.795429284213367E-005
 -6.904133993304858E-005  9.776105186824004E-005  5.719242205508588E-005
 -1.795429284213367E-005  0.995885683110605       0.997938095699588     
 -1.237129087657698E-005 -1.151447693051903E-005 -1.301919795614060E-005
 -3.862290329573983E-005 -1.237129087657698E-005  0.995995120244506     
 -2.301332597396720E-005 -7.766395892279571E-006 -4.447784295973699E-006
 -1.151447693051903E-005 -2.301332597396720E-005  0.995912127315137     
 -2.234383579051836E-005 -4.213613646980472E-005 -1.301919795614060E-005
 -7.766395892279571E-006 -2.234383579051836E-005  0.997931154580435     
 -2.721842500400900E-005 -3.862290329573983E-005 -4.447784295973699E-006
 -4.213613646980472E-005 -2.721842500400900E-005  0.995927269687540     
  0.997932999105060      -1.330532573743401E-005 -3.732039891063578E-005
 -2.132453963148152E-005 -5.186210254048907E-005 -1.330532573743401E-005
  0.995995636878342      -3.512544757292298E-005 -9.631304916613309E-006
 -1.602056407618562E-005 -3.732039891063578E-005 -3.512544757292298E-005
  0.995803101557884      -5.978387616983651E-005 -1.447753313057662E-004
 -2.132453963148152E-005 -9.631304916613309E-006 -5.978387616983651E-005
  0.997912592272195      -6.971474147912530E-005 -5.186210254048907E-005
 -1.602056407618562E-005 -1.447753313057662E-004 -6.971474147912530E-005
  0.995825496919453       0.000000000000000E+000  0.000000000000000E+000
  0.000000000000000E+000  0.000000000000000E+000  0.000000000000000E+000
  0.000000000000000E+000  0.000000000000000E+000  0.000000000000000E+000
  0.000000000000000E+000  0.000000000000000E+000  0.000000000000000E+000
  0.000000000000000E+000  0.000000000000000E+000  0.000000000000000E+000
  0.000000000000000E+000  0.000000000000000E+000  0.000000000000000E+000
  0.000000000000000E+000  0.000000000000000E+000  0.000000000000000E+000
  0.000000000000000E+000  0.000000000000000E+000  0.000000000000000E+000
  0.000000000000000E+000  0.000000000000000E+000  0.000000000000000E+000
  0.000000000000000E+000  0.000000000000000E+000  0.000000000000000E+000
  0.000000000000000E+000  0.000000000000000E+000  0.000000000000000E+000
  0.000000000000000E+000  0.000000000000000E+000  0.000000000000000E+000
  0.000000000000000E+000  0.000000000000000E+000  0.000000000000000E+000
  0.000000000000000E+000  0.000000000000000E+000  0.000000000000000E+000
  0.000000000000000E+000  0.000000000000000E+000  0.000000000000000E+000
  0.000000000000000E+000  0.000000000000000E+000  0.000000000000000E+000
  0.000000000000000E+000  0.000000000000000E+000  0.000000000000000E+000
  0.000000000000000E+000  0.000000000000000E+000  0.000000000000000E+000
  0.000000000000000E+000  0.000000000000000E+000  0.000000000000000E+000
  0.000000000000000E+000  0.000000000000000E+000  0.000000000000000E+000
  0.000000000000000E+000  0.000000000000000E+000  0.000000000000000E+000
  0.000000000000000E+000  0.000000000000000E+000  0.000000000000000E+000
  0.000000000000000E+000  0.000000000000000E+000  0.000000000000000E+000
  0.000000000000000E+000  0.000000000000000E+000  0.000000000000000E+000
  0.000000000000000E+000  0.000000000000000E+000  0.000000000000000E+000
  0.000000000000000E+000  0.000000000000000E+000  0.000000000000000E+000
  0.000000000000000E+000  0.000000000000000E+000  0.000000000000000E+000
  0.000000000000000E+000  0.000000000000000E+000  0.000000000000000E+000
  0.000000000000000E+000  0.000000000000000E+000  0.000000000000000E+000
  0.000000000000000E+000  0.000000000000000E+000  0.000000000000000E+000
  0.000000000000000E+000  0.000000000000000E+000  0.000000000000000E+000
  0.000000000000000E+000  0.000000000000000E+000  0.000000000000000E+000
  0.000000000000000E+000  0.000000000000000E+000  0.000000000000000E+000
  0.000000000000000E+000  0.000000000000000E+000  0.000000000000000E+000
  0.000000000000000E+000  0.000000000000000E+000  0.000000000000000E+000
  0.000000000000000E+000  0.000000000000000E+000  0.000000000000000E+000
  0.000000000000000E+000  0.000000000000000E+000  0.000000000000000E+000
  0.000000000000000E+000  0.000000000000000E+000  0.000000000000000E+000
  0.000000000000000E+000  0.000000000000000E+000  0.000000000000000E+000
  0.000000000000000E+000  0.000000000000000E+000  0.000000000000000E+000
  0.000000000000000E+000  0.000000000000000E+000  0.000000000000000E+000
  0.000000000000000E+000  0.000000000000000E+000  0.000000000000000E+000
  0.000000000000000E+000  0.000000000000000E+000  0.000000000000000E+000
  0.000000000000000E+000  0.000000000000000E+000  0.000000000000000E+000
  0.000000000000000E+000  0.000000000000000E+000  0.000000000000000E+000
  0.000000000000000E+000  0.000000000000000E+000  0.000000000000000E+000
  0.000000000000000E+000  0.000000000000000E+000  0.000000000000000E+000
  0.000000000000000E+000  0.000000000000000E+000  0.000000000000000E+000
  0.000000000000000E+000  0.000000000000000E+000  0.000000000000000E+000
  0.000000000000000E+000  0.000000000000000E+000  0.000000000000000E+000
  0.000000000000000E+000  0.000000000000000E+000  0.000000000000000E+000
  0.000000000000000E+000  0.000000000000000E+000  0.000000000000000E+000
  0.000000000000000E+000  0.000000000000000E+000  0.000000000000000E+000
  0.000000000000000E+000  0.000000000000000E+000  0.000000000000000E+000
  0.000000000000000E+000  0.000000000000000E+000  0.000000000000000E+000
  0.000000000000000E+000  0.000000000000000E+000  0.000000000000000E+000
  0.000000000000000E+000  0.000000000000000E+000  0.000000000000000E+000
  0.000000000000000E+000  0.000000000000000E+000  0.000000000000000E+000
  0.000000000000000E+000  0.000000000000000E+000  0.000000000000000E+000
  0.000000000000000E+000  0.000000000000000E+000  0.000000000000000E+000
  0.000000000000000E+000  0.000000000000000E+000  0.000000000000000E+000
  0.000000000000000E+000  0.000000000000000E+000  0.000000000000000E+000
  0.000000000000000E+000  0.000000000000000E+000  0.000000000000000E+000
  0.000000000000000E+000  0.000000000000000E+000  0.000000000000000E+000
  0.000000000000000E+000  0.000000000000000E+000  0.000000000000000E+000
  0.000000000000000E+000  0.000000000000000E+000  0.000000000000000E+000
  0.000000000000000E+000  0.000000000000000E+000  0.000000000000000E+000
  0.997936231371293      -4.612124236825909E-006 -1.935355896235757E-005
 -2.301745586632403E-005 -1.134744201221458E-005 -4.612124236825909E-006
  0.995959987446680       1.705735348195163E-005 -1.044008623167785E-005
  3.310777381230353E-005 -1.935355896235757E-005  1.705735348195163E-005
  0.995987546936333       3.352134742834166E-005 -1.705735348106697E-005
 -2.301745586632403E-005 -1.044008623167785E-005  3.352134742834166E-005
  0.997962809639972       1.225826360464846E-006 -1.134744201221458E-005
  3.310777381230353E-005 -1.705735348106697E-005  1.225826360464846E-006
  0.995959987446676       0.997932085283236       1.243064547970858E-006
 -2.731920383185239E-005 -1.191958851023271E-005 -1.397385857239923E-005
  1.243064547970858E-006  0.995954816531608       2.411397971716443E-005
 -1.685330566878972E-005  3.903240602805034E-005 -2.731920383185239E-005
  2.411397971716443E-005  0.995974352070969       4.731824905735705E-005
 -2.411397971627976E-005 -1.191958851023271E-005 -1.685330566878972E-005
  4.731824905735705E-005  0.997945848838505       9.503178310608517E-006
 -1.397385857239923E-005  3.903240602805034E-005 -2.411397971627976E-005
  9.503178310608517E-006  0.995954816531604       0.997921105055890     
  2.027616788237201E-005 -1.441989630001776E-005 -6.782027933284462E-006
  2.653693279413197E-005  2.027616788237201E-005  0.995964850195895     
  4.111157176989634E-006  1.893575959868296E-005  3.403548779186592E-005
 -1.441989630001776E-005  4.111157176989634E-006  0.995976274412965     
  2.497599302976362E-005 -4.111157176105046E-006 -6.782027933284462E-006
  1.893575959868296E-005  2.497599302976362E-005  0.997928936267194     
  8.091796677317914E-006  2.653693279413197E-005  3.403548779186592E-005
 -4.111157176105046E-006  8.091796677317914E-006  0.995964850195891     
  0.997916220029973       1.215502472685992E-005 -2.661087572574155E-005
  6.556543619133649E-006  3.041571310931454E-005  1.215502472685992E-005
  0.995957522233239      -7.302773080729352E-006  2.810333350384160E-005
  4.198693870651359E-005 -2.661087572574155E-005 -7.302773080729352E-006
  0.995952612903793       4.609138878914413E-005  7.302773081613862E-006
  6.556543619133649E-006  2.810333350384160E-005  4.609138878914413E-005
  0.997908649185524      -3.525106555704913E-006  3.041571310931454E-005
  4.198693870651359E-005  7.302773081613862E-006 -3.525106555704913E-006
  0.995957522233235       0.997907567908301       5.087887970394620E-005
  2.276138246665825E-005  3.092868907009216E-005  1.119835302759360E-004
  5.087887970394620E-005  0.995936557388158       1.192170097992813E-004
  8.317649563728216E-005  9.642471248928628E-005  2.276138246665825E-005
  1.192170097992813E-004  0.995981388110664       8.288095418867166E-005
 -3.141844680537180E-006  3.092868907009216E-005  8.317649563728216E-005
  8.288095418867166E-005  0.997954589270581       5.397720022213519E-005
  1.119835302759360E-004  9.642471248928628E-005 -3.141844680537180E-006
  5.397720022213519E-005  0.995985587609061       0.997899454210005     
  5.477360915849520E-005  3.317490049376638E-005  4.014443572115252E-005
  1.174118008283057E-004  5.477360915849520E-005  0.995932713586880     
  1.138415149010512E-004  7.896535063214459E-005  9.300001797096343E-005
  3.317490049376638E-005  1.138415149010512E-004  0.995964679443481     
  7.100646406981958E-005 -1.093328985299625E-005  4.014443572115252E-005
  7.896535063214459E-005  7.100646406981958E-005  0.997944726099793     
  4.710173901105776E-005  1.174118008283057E-004  9.300001797096343E-005
 -1.093328985299625E-005  4.710173901105776E-005  0.995980011718664     
  0.997969618960453       1.027373917559865E-004 -8.315770305212142E-005
 -4.896502593082422E-006  9.747239807215657E-005  1.027373917559865E-004
  0.995985587609065       3.141844681421852E-006  6.999198191246020E-005
  9.642471248928630E-005 -8.315770305212142E-005  3.141844681421852E-006
  0.995981388110664       2.172854165208532E-005 -1.192170097983965E-004
 -4.896502593082422E-006  6.999198191246020E-005  2.172854165208532E-005
  0.997892538218430       2.474154520196032E-006  9.747239807215657E-005
  9.642471248928630E-005 -1.192170097983965E-004  2.474154520196032E-006
  0.995936557388154       0.997968174228502       9.949720296064375E-005
 -7.808085196576230E-005  4.689145430836806E-007  9.577280424596195E-005
  9.949720296064375E-005  0.995980011718668       1.093328985388093E-005
  7.813073271496600E-005  9.300001797096346E-005 -7.808085196576230E-005
  1.093328985388093E-005  0.995964679443481       6.772925438416453E-006
 -1.138415149001664E-004  4.689145430836806E-007  7.813073271496600E-005
  6.772925438416453E-006  0.997876006081296       7.952661671271785E-006
  9.577280424596195E-005  9.300001797096346E-005 -1.138415149001664E-004
  7.952661671271785E-006  0.995932713586876       0.000000000000000E+000
  0.000000000000000E+000  0.000000000000000E+000  0.000000000000000E+000
  0.000000000000000E+000  0.000000000000000E+000  0.000000000000000E+000
  0.000000000000000E+000  0.000000000000000E+000  0.000000000000000E+000
  0.000000000000000E+000  0.000000000000000E+000  0.000000000000000E+000
  0.000000000000000E+000  0.000000000000000E+000  0.000000000000000E+000
  0.000000000000000E+000  0.000000000000000E+000  0.000000000000000E+000
  0.000000000000000E+000  0.000000000000000E+000  0.000000000000000E+000
  0.000000000000000E+000  0.000000000000000E+000  0.000000000000000E+000
  0.000000000000000E+000  0.000000000000000E+000  0.000000000000000E+000
  0.000000000000000E+000  0.000000000000000E+000  0.000000000000000E+000
  0.000000000000000E+000  0.000000000000000E+000  0.000000000000000E+000
  0.000000000000000E+000  0.000000000000000E+000  0.000000000000000E+000
  0.000000000000000E+000  0.000000000000000E+000  0.000000000000000E+000
  0.000000000000000E+000  0.000000000000000E+000  0.000000000000000E+000
  0.000000000000000E+000  0.000000000000000E+000  0.000000000000000E+000
  0.000000000000000E+000  0.000000000000000E+000  0.000000000000000E+000
  0.000000000000000E+000  0.000000000000000E+000  0.000000000000000E+000
  0.000000000000000E+000  0.000000000000000E+000  0.000000000000000E+000
  0.000000000000000E+000  0.000000000000000E+000  0.000000000000000E+000
  0.000000000000000E+000  0.000000000000000E+000  0.000000000000000E+000
  0.000000000000000E+000  0.000000000000000E+000  0.000000000000000E+000
  0.000000000000000E+000  0.000000000000000E+000  0.000000000000000E+000
  0.000000000000000E+000  0.000000000000000E+000  0.000000000000000E+000
  0.000000000000000E+000  0.000000000000000E+000  0.000000000000000E+000
  0.000000000000000E+000  0.000000000000000E+000  0.000000000000000E+000
  0.000000000000000E+000  0.000000000000000E+000  0.000000000000000E+000
  0.000000000000000E+000  0.000000000000000E+000  0.000000000000000E+000
  0.000000000000000E+000  0.000000000000000E+000  0.000000000000000E+000
  0.000000000000000E+000  0.000000000000000E+000  0.000000000000000E+000
  0.000000000000000E+000  0.000000000000000E+000  0.000000000000000E+000
  0.000000000000000E+000  0.000000000000000E+000  0.000000000000000E+000
  0.000000000000000E+000  0.000000000000000E+000  0.000000000000000E+000
  0.000000000000000E+000  0.000000000000000E+000  0.000000000000000E+000
  0.000000000000000E+000  0.000000000000000E+000  0.000000000000000E+000
  0.000000000000000E+000  0.000000000000000E+000  0.000000000000000E+000
  0.000000000000000E+000  0.000000000000000E+000  0.000000000000000E+000
  0.000000000000000E+000  0.000000000000000E+000  0.000000000000000E+000
  0.000000000000000E+000  0.000000000000000E+000  0.000000000000000E+000
  0.000000000000000E+000  0.000000000000000E+000  0.000000000000000E+000
  0.000000000000000E+000  0.000000000000000E+000  0.000000000000000E+000
  0.000000000000000E+000  0.000000000000000E+000  0.000000000000000E+000
  0.000000000000000E+000  0.000000000000000E+000  0.000000000000000E+000
  0.000000000000000E+000  0.000000000000000E+000  0.000000000000000E+000
  0.000000000000000E+000  0.000000000000000E+000  0.000000000000000E+000
  0.000000000000000E+000  0.000000000000000E+000  0.000000000000000E+000
  0.000000000000000E+000  0.000000000000000E+000  0.000000000000000E+000
  0.000000000000000E+000  0.000000000000000E+000  0.000000000000000E+000
  0.000000000000000E+000  0.000000000000000E+000  0.000000000000000E+000
  0.000000000000000E+000  0.000000000000000E+000  0.000000000000000E+000
  0.000000000000000E+000  0.000000000000000E+000  0.000000000000000E+000
  0.000000000000000E+000  0.000000000000000E+000  0.000000000000000E+000
  0.000000000000000E+000  0.000000000000000E+000  0.000000000000000E+000
  0.000000000000000E+000  0.000000000000000E+000  0.000000000000000E+000
  0.000000000000000E+000  0.000000000000000E+000  0.000000000000000E+000
  0.000000000000000E+000  0.000000000000000E+000  0.000000000000000E+000
  0.000000000000000E+000  0.000000000000000E+000  0.000000000000000E+000
  0.000000000000000E+000  0.000000000000000E+000  0.000000000000000E+000
  0.000000000000000E+000  0.000000000000000E+000  0.000000000000000E+000
  0.000000000000000E+000  0.000000000000000E+000  0.000000000000000E+000
  0.000000000000000E+000  0.000000000000000E+000  0.000000000000000E+000
  0.000000000000000E+000  0.000000000000000E+000  0.000000000000000E+000
  0.000000000000000E+000  0.000000000000000E+000  0.000000000000000E+000
  0.000000000000000E+000  0.000000000000000E+000  0.000000000000000E+000
  0.000000000000000E+000  0.000000000000000E+000  0.000000000000000E+000
  0.000000000000000E+000  0.000000000000000E+000  0.000000000000000E+000
  0.000000000000000E+000  0.000000000000000E+000  0.000000000000000E+000
  0.000000000000000E+000  0.997928002270702       6.605275735762905E-006
  1.630982364439766E-005 -2.800770807088986E-006 -2.973794844179368E-005
  6.605275735762905E-006  0.995935779002284      -2.363509916469480E-005
 -3.815198280076178E-005  1.433573142205756E-005  1.630982364439766E-005
 -2.363509916469480E-005  0.995960748253012      -2.824944321632648E-005
  2.363509916557935E-005 -2.800770807088986E-006 -3.815198280076178E-005
 -2.824944321632648E-005  0.997931236322260       2.479632798567950E-005
 -2.973794844179368E-005  1.433573142205756E-005  2.363509916557935E-005
  2.479632798567950E-005  0.995935779002279       0.997920677504107     
  4.166597281315493E-005  1.607336927837235E-005  8.193343815077314E-006
 -5.329039769422900E-005  4.166597281315493E-005  0.995812267388785     
 -3.468192830228457E-005 -8.559031152830702E-005  1.429028985611818E-004
  1.607336927837235E-005 -3.468192830228457E-005  0.995962207592293     
 -2.783989224069917E-005  3.468192830316910E-005  8.193343815077314E-006
 -8.559031152830702E-005 -2.783989224069917E-005  0.997911216645591     
  7.887894669286410E-005 -5.329039769422900E-005  1.429028985611818E-004
  3.468192830316910E-005  7.887894669286410E-005  0.995812267388781     
  0.997928315556910      -6.422859238951155E-006 -2.845079640348328E-005
 -2.128044790679346E-005 -7.275195671561146E-005 -6.422859238951155E-006
  0.995956347019710      -9.694048912124866E-005 -8.029848407769879E-005
 -5.705149544062037E-006 -2.845079640348328E-005 -9.694048912124866E-005
  0.995954726330536       4.927822488488941E-005  9.694048912213283E-005
 -2.128044790679346E-005 -8.029848407769879E-005  4.927822488488941E-005
  0.997952888101563       3.458688277211300E-005 -7.275195671561146E-005
 -5.705149544062037E-006  9.694048912213283E-005  3.458688277211300E-005
  0.995956347019706       0.997924918248585      -1.897179626675221E-005
 -3.036746206892377E-005 -1.844816698261251E-005 -6.904133993304847E-005
 -1.897179626675221E-005  0.995885683110609      -9.776105186803702E-005
 -6.876870071010951E-005  5.719242205440467E-005 -3.036746206892377E-005
 -9.776105186803702E-005  0.995953109318748       5.259798719855517E-005
  9.776105186892124E-005 -1.844816698261251E-005 -6.876870071010951E-005
  5.259798719855517E-005  0.997946220356930       1.795429283175145E-005
 -6.904133993304847E-005  5.719242205440467E-005  9.776105186892124E-005
  1.795429283175145E-005  0.995885683110605       0.997944164816392     
  4.260395848101334E-006 -5.402507070435353E-007  9.515191736447807E-006
  1.359309095240146E-005  4.260395848101334E-006  0.995927269687544     
  4.447784296176450E-006 -4.705762791972994E-005 -4.213613647048659E-005
 -5.402507070435353E-007  4.447784296176450E-006  0.995995120244502     
  1.459705012421001E-005  2.301332597485165E-005  9.515191736447807E-006
 -4.705762791972994E-005  1.459705012421001E-005  0.997925085463631     
 -2.114374743269937E-005  1.359309095240146E-005 -4.213613647048659E-005
  2.301332597485165E-005 -2.114374743269937E-005  0.995912127315137     
  0.997936161573458       3.444368586044088E-005 -1.688291867434926E-006
  1.949868765121359E-005  3.311415604954791E-005  3.444368586044088E-005
  0.995825496919457       1.602056407638831E-005 -7.977126902900482E-005
 -1.447753313064482E-004 -1.688291867434926E-006  1.602056407638831E-005
  0.995995636878338       1.633840255389926E-005  3.512544757380732E-005
  1.949868765121359E-005 -7.977126902900482E-005  1.633840255389926E-005
  0.997909429803797      -6.221235162521875E-005  3.311415604954791E-005
 -1.447753313064482E-004  3.512544757380732E-005 -6.221235162521875E-005
  0.995803101557884       0.997938095699588      -1.151447693122868E-005
 -1.237129087586721E-005  1.301919795699406E-005 -3.862290329573979E-005
 -1.151447693122868E-005  0.995912127315141      -2.301332597396710E-005
  2.234383579618504E-005 -4.213613647048671E-005 -1.237129087586721E-005
 -2.301332597396710E-005  0.995995120244502       7.766395897946412E-006
 -4.447784295291873E-006  1.301919795699406E-005  2.234383579618504E-005
  7.766395897946412E-006  0.997931154580436       2.721842499362558E-005
 -3.862290329573979E-005 -4.213613647048671E-005 -4.447784295291873E-006
  2.721842499362558E-005  0.995927269687540       0.997932999105060     
 -3.732039891134534E-005 -1.330532573672419E-005  2.132453963236265E-005
 -5.186210254048897E-005 -3.732039891134534E-005  0.995803101557888     
 -3.512544757292285E-005  5.978387617550328E-005 -1.447753313064485E-004
 -1.330532573672419E-005 -3.512544757292285E-005  0.995995636878338     
  9.631304922280181E-006 -1.602056407550381E-005  2.132453963236265E-005
  5.978387617550328E-005  9.631304922280181E-006  0.997912592272196     
  6.971474146874209E-005 -5.186210254048897E-005 -1.447753313064485E-004
 -1.602056407550381E-005  6.971474146874209E-005  0.995825496919453     
  0.000000000000000E+000  0.000000000000000E+000  0.000000000000000E+000
  0.000000000000000E+000  0.000000000000000E+000  0.000000000000000E+000
  0.000000000000000E+000  0.000000000000000E+000  0.000000000000000E+000
  0.000000000000000E+000  0.000000000000000E+000  0.000000000000000E+000
  0.000000000000000E+000  0.000000000000000E+000  0.000000000000000E+000
  0.000000000000000E+000  0.000000000000000E+000  0.000000000000000E+000
  0.000000000000000E+000  0.000000000000000E+000  0.000000000000000E+000
  0.000000000000000E+000  0.000000000000000E+000  0.000000000000000E+000
  0.000000000000000E+000  0.000000000000000E+000  0.000000000000000E+000
  0.000000000000000E+000  0.000000000000000E+000  0.000000000000000E+000
  0.000000000000000E+000  0.000000000000000E+000  0.000000000000000E+000
  0.000000000000000E+000  0.000000000000000E+000  0.000000000000000E+000
  0.000000000000000E+000  0.000000000000000E+000  0.000000000000000E+000
  0.000000000000000E+000  0.000000000000000E+000  0.000000000000000E+000
  0.000000000000000E+000  0.000000000000000E+000  0.000000000000000E+000
  0.000000000000000E+000  0.000000000000000E+000  0.000000000000000E+000
  0.000000000000000E+000  0.000000000000000E+000  0.000000000000000E+000
  0.000000000000000E+000  0.000000000000000E+000  0.000000000000000E+000
  0.000000000000000E+000  0.000000000000000E+000  0.000000000000000E+000
  0.000000000000000E+000  0.000000000000000E+000  0.000000000000000E+000
  0.000000000000000E+000  0.000000000000000E+000  0.000000000000000E+000
  0.000000000000000E+000  0.000000000000000E+000  0.000000000000000E+000
  0.000000000000000E+000  0.000000000000000E+000  0.000000000000000E+000
  0.000000000000000E+000  0.000000000000000E+000  0.000000000000000E+000
  0.000000000000000E+000  0.000000000000000E+000  0.000000000000000E+000
  0.000000000000000E+000  0.000000000000000E+000  0.000000000000000E+000
  0.000000000000000E+000  0.000000000000000E+000  0.000000000000000E+000
  0.000000000000000E+000  0.000000000000000E+000  0.000000000000000E+000
  0.000000000000000E+000  0.000000000000000E+000  0.000000000000000E+000
  0.000000000000000E+000  0.000000000000000E+000  0.000000000000000E+000
  0.000000000000000E+000  0.000000000000000E+000  0.000000000000000E+000
  0.000000000000000E+000  0.000000000000000E+000  0.000000000000000E+000
  0.000000000000000E+000  0.000000000000000E+000  0.000000000000000E+000
  0.000000000000000E+000  0.000000000000000E+000  0.000000000000000E+000
  0.000000000000000E+000  0.000000000000000E+000  0.000000000000000E+000
  0.000000000000000E+000  0.000000000000000E+000  0.000000000000000E+000
  0.000000000000000E+000  0.000000000000000E+000  0.000000000000000E+000
  0.000000000000000E+000  0.000000000000000E+000  0.000000000000000E+000
  0.000000000000000E+000  0.000000000000000E+000  0.000000000000000E+000
  0.000000000000000E+000  0.000000000000000E+000  0.000000000000000E+000
  0.000000000000000E+000  0.000000000000000E+000  0.000000000000000E+000
  0.000000000000000E+000  0.000000000000000E+000  0.000000000000000E+000
  0.000000000000000E+000  0.000000000000000E+000  0.000000000000000E+000
  0.000000000000000E+000  0.000000000000000E+000  0.000000000000000E+000
  0.000000000000000E+000  0.000000000000000E+000  0.000000000000000E+000
  0.000000000000000E+000  0.000000000000000E+000  0.000000000000000E+000
  0.000000000000000E+000  0.000000000000000E+000  0.000000000000000E+000
  0.000000000000000E+000  0.000000000000000E+000  0.000000000000000E+000
  0.000000000000000E+000  0.000000000000000E+000  0.000000000000000E+000
  0.000000000000000E+000  0.000000000000000E+000  0.000000000000000E+000
  0.000000000000000E+000  0.000000000000000E+000  0.000000000000000E+000
  0.000000000000000E+000  0.000000000000000E+000  0.000000000000000E+000
  0.000000000000000E+000  0.000000000000000E+000  0.000000000000000E+000
  0.000000000000000E+000  0.000000000000000E+000  0.000000000000000E+000
  0.000000000000000E+000  0.000000000000000E+000  0.000000000000000E+000
  0.000000000000000E+000  0.000000000000000E+000  0.000000000000000E+000
  0.000000000000000E+000  0.000000000000000E+000  0.000000000000000E+000
  0.000000000000000E+000  0.000000000000000E+000  0.000000000000000E+000
  0.000000000000000E+000  0.000000000000000E+000  0.000000000000000E+000
  0.000000000000000E+000  0.000000000000000E+000  0.000000000000000E+000
  0.000000000000000E+000  0.000000000000000E+000  0.000000000000000E+000
  0.000000000000000E+000  0.000000000000000E+000  0.000000000000000E+000
  0.000000000000000E+000  0.000000000000000E+000  0.000000000000000E+000
  0.000000000000000E+000  0.000000000000000E+000  0.000000000000000E+000
  0.000000000000000E+000  0.000000000000000E+000  0.000000000000000E+000
  0.000000000000000E+000  0.000000000000000E+000  0.000000000000000E+000
  0.000000000000000E+000  0.000000000000000E+000  0.997936231371293     
 -1.935355896306737E-005 -4.612124236116149E-006  2.301745586719139E-005
 -1.134744201221462E-005 -1.935355896306737E-005  0.995987546936337     
  1.705735348195147E-005 -3.352134742267455E-005 -1.705735348174872E-005
 -4.612124236116149E-006  1.705735348195147E-005  0.995959987446676     
  1.044008623734448E-005  3.310777381298538E-005  2.301745586719139E-005
 -3.352134742267455E-005  1.044008623734448E-005  0.997962809639972     
 -1.225826370848346E-006 -1.134744201221462E-005 -1.705735348174872E-005
  3.310777381298538E-005 -1.225826370848346E-006  0.995959987446676     
  0.997932085283237      -2.731920383256219E-005  1.243064548680610E-006
  1.191958851111397E-005 -1.397385857239925E-005 -2.731920383256219E-005
  0.995974352070973       2.411397971716426E-005 -4.731824905168995E-005
 -2.411397971696150E-005  1.243064548680610E-006  2.411397971716426E-005
  0.995954816531605       1.685330567445631E-005  3.903240602873220E-005
  1.191958851111397E-005 -4.731824905168995E-005  1.685330567445631E-005
  0.997945848838505      -9.503178320991965E-006 -1.397385857239925E-005
 -2.411397971696150E-005  3.903240602873220E-005 -9.503178320991965E-006
  0.995954816531604       0.997907567908301       2.276138246594845E-005
  5.087887970465583E-005 -3.092868906921777E-005  1.119835302759362E-004
  2.276138246594845E-005  0.995981388110668       1.192170097992810E-004
 -8.288095418300436E-005 -3.141844681218803E-006  5.087887970465583E-005
  1.192170097992810E-004  0.995936557388154      -8.317649563161547E-005
  9.642471248996837E-005 -3.092868906921777E-005 -8.288095418300436E-005
 -8.317649563161547E-005  0.997954589270581      -5.397720023251835E-005
  1.119835302759362E-004 -3.141844681218803E-006  9.642471248996837E-005
 -5.397720023251835E-005  0.995985587609061       0.997899454210005     
  3.317490049305659E-005  5.477360915920481E-005 -4.014443572027811E-005
  1.174118008283058E-004  3.317490049305659E-005  0.995964679443485     
  1.138415149010509E-004 -7.100646406415232E-005 -1.093328985367793E-005
  5.477360915920481E-005  1.138415149010509E-004  0.995932713586876     
 -7.896535062647787E-005  9.300001797164554E-005 -4.014443572027811E-005
 -7.100646406415232E-005 -7.896535062647787E-005  0.997944726099793     
 -4.710173902144089E-005  1.174118008283058E-004 -1.093328985367793E-005
  9.300001797164554E-005 -4.710173902144089E-005  0.995980011718663     
  0.997921105055890      -1.441989630072759E-005  2.027616788308178E-005
  6.782027934158775E-006  2.653693279413194E-005 -1.441989630072759E-005
  0.995976274412969       4.111157176989540E-006 -2.497599302409680E-005
 -4.111157176786780E-006  2.027616788308178E-005  4.111157176989540E-006
  0.995964850195891      -1.893575959301636E-005  3.403548779254779E-005
  6.782027934158775E-006 -2.497599302409680E-005 -1.893575959301636E-005
  0.997928936267195      -8.091796687701217E-006  2.653693279413194E-005
 -4.111157176786780E-006  3.403548779254779E-005 -8.091796687701217E-006
  0.995964850195891       0.997916220029973      -2.661087572645144E-005
  1.215502472756974E-005 -6.556543618280173E-006  3.041571310931456E-005
 -2.661087572645144E-005  0.995952612903797      -7.302773080729404E-006
 -4.609138878347769E-005  7.302773080932219E-006  1.215502472756974E-005
 -7.302773080729404E-006  0.995957522233235      -2.810333349817508E-005
  4.198693870719543E-005 -6.556543618280173E-006 -4.609138878347769E-005
 -2.810333349817508E-005  0.997908649185524       3.525106545321807E-006
  3.041571310931456E-005  7.302773080932219E-006  4.198693870719543E-005
  3.525106545321807E-006  0.995957522233235       0.997969618960453     
 -8.315770305283138E-005  1.027373917566963E-004  4.896502593949774E-006
  9.747239807215651E-005 -8.315770305283138E-005  0.995981388110668     
  3.141844681421461E-006 -2.172854164641768E-005 -1.192170097990783E-004
  1.027373917566963E-004  3.141844681421461E-006  0.995985587609061     
 -6.999198190679384E-005  9.642471248996833E-005  4.896502593949774E-006
 -2.172854164641768E-005 -6.999198190679384E-005  0.997892538218430     
 -2.474154530579246E-006  9.747239807215651E-005 -1.192170097990783E-004
  9.642471248996833E-005 -2.474154530579246E-006  0.995936557388154     
  0.997968174228502      -7.808085196647217E-005  9.949720296135357E-005
 -4.689145422024718E-007  9.577280424596195E-005 -7.808085196647217E-005
  0.995964679443485       1.093328985388057E-005 -6.772925432748897E-006
 -1.138415149008482E-004  9.949720296135357E-005  1.093328985388057E-005
  0.995980011718664      -7.813073270929966E-005  9.300001797164550E-005
 -4.689145422024718E-007 -6.772925432748897E-006 -7.813073270929966E-005
  0.997876006081296      -7.952661681654878E-006  9.577280424596195E-005
 -1.138415149008482E-004  9.300001797164550E-005 -7.952661681654878E-006
  0.995932713586876       0.000000000000000E+000  0.000000000000000E+000
  0.000000000000000E+000  0.000000000000000E+000  0.000000000000000E+000
  0.000000000000000E+000  0.000000000000000E+000  0.000000000000000E+000
  0.000000000000000E+000  0.000000000000000E+000  0.000000000000000E+000
  0.000000000000000E+000  0.000000000000000E+000  0.000000000000000E+000
  0.000000000000000E+000  0.000000000000000E+000  0.000000000000000E+000
  0.000000000000000E+000  0.000000000000000E+000  0.000000000000000E+000
  0.000000000000000E+000  0.000000000000000E+000  0.000000000000000E+000
  0.000000000000000E+000  0.000000000000000E+000  0.000000000000000E+000
  0.000000000000000E+000  0.000000000000000E+000  0.000000000000000E+000
  0.000000000000000E+000  0.000000000000000E+000  0.000000000000000E+000
  0.000000000000000E+000  0.000000000000000E+000  0.000000000000000E+000
  0.000000000000000E+000  0.000000000000000E+000  0.000000000000000E+000
  0.000000000000000E+000  0.000000000000000E+000  0.000000000000000E+000
  0.000000000000000E+000  0.000000000000000E+000  0.000000000000000E+000
  0.000000000000000E+000  0.000000000000000E+000  0.000000000000000E+000
  0.000000000000000E+000  0.000000000000000E+000  0.000000000000000E+000
  0.000000000000000E+000  0.000000000000000E+000  0.000000000000000E+000
  0.000000000000000E+000  0.000000000000000E+000  0.000000000000000E+000
  0.000000000000000E+000  0.000000000000000E+000  0.000000000000000E+000
  0.000000000000000E+000  0.000000000000000E+000  0.000000000000000E+000
  0.000000000000000E+000  0.000000000000000E+000  0.000000000000000E+000
  0.000000000000000E+000  0.000000000000000E+000  0.000000000000000E+000
  0.000000000000000E+000  0.000000000000000E+000  0.000000000000000E+000
  0.000000000000000E+000  0.000000000000000E+000  0.000000000000000E+000
  0.000000000000000E+000  0.000000000000000E+000  0.000000000000000E+000
  0.000000000000000E+000  0.000000000000000E+000  0.000000000000000E+000
  0.000000000000000E+000  0.000000000000000E+000  0.000000000000000E+000
  0.000000000000000E+000  0.000000000000000E+000  0.000000000000000E+000
  0.000000000000000E+000  0.000000000000000E+000  0.000000000000000E+000
  0.000000000000000E+000  0.000000000000000E+000  0.000000000000000E+000
  0.000000000000000E+000  0.000000000000000E+000  0.000000000000000E+000
  0.000000000000000E+000  0.000000000000000E+000  0.000000000000000E+000
  0.000000000000000E+000  0.000000000000000E+000  0.000000000000000E+000
  0.000000000000000E+000  0.000000000000000E+000  0.000000000000000E+000
  0.000000000000000E+000  0.000000000000000E+000  0.000000000000000E+000
  0.000000000000000E+000  0.000000000000000E+000  0.000000000000000E+000
  0.000000000000000E+000  0.000000000000000E+000  0.000000000000000E+000
  0.000000000000000E+000  0.000000000000000E+000  0.000000000000000E+000
  0.000000000000000E+000  0.000000000000000E+000  0.000000000000000E+000
  0.000000000000000E+000  0.000000000000000E+000  0.000000000000000E+000
  0.000000000000000E+000  0.000000000000000E+000  0.000000000000000E+000
  0.000000000000000E+000  0.000000000000000E+000  0.000000000000000E+000
  0.000000000000000E+000  0.000000000000000E+000  0.000000000000000E+000
  0.000000000000000E+000  0.000000000000000E+000  0.000000000000000E+000
  0.000000000000000E+000  0.000000000000000E+000  0.000000000000000E+000
  0.000000000000000E+000  0.000000000000000E+000  0.000000000000000E+000
  0.000000000000000E+000  0.000000000000000E+000  0.000000000000000E+000
  0.000000000000000E+000  0.000000000000000E+000  0.000000000000000E+000
  0.000000000000000E+000  0.000000000000000E+000  0.000000000000000E+000
  0.000000000000000E+000  0.000000000000000E+000  0.000000000000000E+000
  0.000000000000000E+000  0.000000000000000E+000  0.000000000000000E+000
  0.000000000000000E+000  0.000000000000000E+000  0.000000000000000E+000
  0.000000000000000E+000  0.000000000000000E+000  0.000000000000000E+000
  0.000000000000000E+000  0.000000000000000E+000  0.000000000000000E+000
  0.000000000000000E+000  0.000000000000000E+000  0.000000000000000E+000
  0.000000000000000E+000  0.000000000000000E+000  0.000000000000000E+000
  0.000000000000000E+000  0.000000000000000E+000  0.000000000000000E+000
  0.000000000000000E+000  0.000000000000000E+000  0.000000000000000E+000
  0.000000000000000E+000  0.000000000000000E+000  0.000000000000000E+000
  0.000000000000000E+000  0.000000000000000E+000  0.000000000000000E+000
  0.000000000000000E+000  0.000000000000000E+000  0.000000000000000E+000
  0.000000000000000E+000  0.000000000000000E+000  0.000000000000000E+000
  0.000000000000000E+000  0.000000000000000E+000  0.000000000000000E+000
  0.000000000000000E+000  0.000000000000000E+000  0.000000000000000E+000
  0.000000000000000E+000  0.000000000000000E+000  0.000000000000000E+000
  0.000000000000000E+000  0.000000000000000E+000  0.000000000000000E+000
  0.997976098774315      -6.735317783400555E-006 -6.735317782690837E-006
  4.510285349274628E-016 -3.870711791812227E-005 -6.735317783400555E-006
  0.995959987446680      -3.310777381210083E-005 -9.214259866021236E-006
 -1.705735348174882E-005 -6.735317782690837E-006 -3.310777381210083E-005
  0.995959987446676       9.214259871687924E-006 -1.705735348106688E-005
  4.510285349274628E-016 -9.214259866021236E-006  9.214259871687924E-006
  0.997922942236950      -5.191922440129703E-015 -3.870711791812227E-005
 -1.705735348174882E-005 -1.705735348106688E-005 -5.191922440129703E-015
  0.995987546936333       0.997952730616143      -1.521692312838192E-005
 -1.521692312767221E-005  4.510161188705540E-016 -5.463840765711191E-005
 -1.521692312838192E-005  0.995954816531608      -3.903240602784764E-005
 -7.350127352989437E-006 -2.411397971696161E-005 -1.521692312767221E-005
 -3.903240602784764E-005  0.995954816531604       7.350127358656121E-006
 -2.411397971627965E-005  4.510161188705540E-016 -7.350127352989437E-006
  7.350127358656121E-006  0.997925203505599      -5.191910946347684E-015
 -5.463840765711191E-005 -2.411397971696161E-005 -2.411397971627965E-005
 -5.191910946347684E-015  0.995974352070969       0.997916048899573     
  9.246138511938309E-006  4.659351836090821E-005 -3.582519166273759E-005
 -6.039632057886987E-005  9.246138511938309E-006  0.995985587609065     
 -9.642471248908373E-005  1.239691821397870E-004 -3.141844681219170E-006
  4.659351836090821E-005 -9.642471248908373E-005  0.995936557388154     
 -8.565065015700286E-005 -1.192170097983962E-004 -3.582519166273759E-005
  1.239691821397870E-004 -8.565065015700286E-005  0.997946108279310     
  6.115241253139443E-005 -6.039632057886987E-005 -3.141844681219170E-006
 -1.192170097983962E-004  6.115241253139443E-005  0.995981388110664     
  0.997898642026193       1.791459785965071E-005  4.099919508016467E-005
 -3.967552117763181E-005 -4.490595146540265E-005  1.791459785965071E-005
  0.995980011718668      -9.300001797076089E-005  1.252324717312154E-004
 -1.093328985367826E-005  4.099919508016467E-005 -9.300001797076089E-005
  0.995932713586876      -8.691801230294101E-005 -1.138415149001662E-004
 -3.967552117763181E-005  1.252324717312154E-004 -8.691801230294101E-005
  0.997945538283605       6.423353862621125E-005 -4.490595146540265E-005
 -1.093328985367826E-005 -1.138415149001662E-004  6.423353862621125E-005
  0.995964679443481       0.997916048899573       4.659351836019869E-005
  9.246138512647850E-006  3.582519166359099E-005 -6.039632057886982E-005
  4.659351836019869E-005  0.995936557388158      -9.642471248908390E-005
  8.565065016266993E-005 -1.192170097990785E-004  9.246138512647850E-006
 -9.642471248908390E-005  0.995985587609061      -1.239691821341207E-004
 -3.141844680536825E-006  3.582519166359099E-005  8.565065016266993E-005
 -1.239691821341207E-004  0.997946108279310      -6.115241254177843E-005
 -6.039632057886982E-005 -1.192170097990785E-004 -3.141844680536825E-006
 -6.115241254177843E-005  0.995981388110664       0.997898642026193     
  4.099919507945513E-005  1.791459786036028E-005  3.967552117849908E-005
 -4.490595146540269E-005  4.099919507945513E-005  0.995932713586880     
 -9.300001797076105E-005  8.691801230860803E-005 -1.138415149008484E-004
  1.791459786036028E-005 -9.300001797076105E-005  0.995980011718664     
 -1.252324717255491E-004 -1.093328985299593E-005  3.967552117849908E-005
  8.691801230860803E-005 -1.252324717255491E-004  0.997945538283605     
 -6.423353863659517E-005 -4.490595146540269E-005 -1.138415149008484E-004
 -1.093328985299593E-005 -6.423353863659517E-005  0.995964679443481     
  0.997932851872850       6.260764903748220E-006  6.260764904457898E-006
  4.440754020207000E-016 -2.883979259344296E-005  6.260764903748220E-006
  0.995964850195895      -3.403548779166325E-005  2.702755628119252E-005
 -4.111157176786883E-006  6.260764904457898E-006 -3.403548779166325E-005
  0.995964850195891      -2.702755627552590E-005 -4.111157176104929E-006
  4.440754020207000E-016  2.702755628119252E-005 -2.702755627552590E-005
  0.997917189450235      -5.191746653831917E-015 -2.883979259344296E-005
 -4.111157176786883E-006 -4.111157176104929E-006 -5.191746653831917E-015
  0.995976274412965       0.997904863763303       1.826068837444312E-005
  1.826068837515270E-005  4.510313579011419E-016 -5.322175144489089E-005
  1.826068837444312E-005  0.995957522233239      -4.198693870631090E-005
  2.457822695332817E-005  7.302773080932124E-006  1.826068837515270E-005
 -4.198693870631090E-005  0.995957522233235      -2.457822694766174E-005
  7.302773081613984E-006  4.510313579011419E-016  2.457822695332817E-005
 -2.457822694766174E-005  0.997920005452194      -5.191599219037205E-015
 -5.322175144489089E-005  7.302773080932124E-006  7.302773081613984E-006
 -5.191599219037205E-015  0.995952612903793       0.000000000000000E+000
  0.000000000000000E+000  0.000000000000000E+000  0.000000000000000E+000
  0.000000000000000E+000  0.000000000000000E+000  0.000000000000000E+000
  0.000000000000000E+000  0.000000000000000E+000  0.000000000000000E+000
  0.000000000000000E+000  0.000000000000000E+000  0.000000000000000E+000
  0.000000000000000E+000  0.000000000000000E+000  0.000000000000000E+000
  0.000000000000000E+000  0.000000000000000E+000  0.000000000000000E+000
  0.000000000000000E+000  0.000000000000000E+000  0.000000000000000E+000
  0.000000000000000E+000  0.000000000000000E+000  0.000000000000000E+000
  0.000000000000000E+000  0.000000000000000E+000  0.000000000000000E+000
  0.000000000000000E+000  0.000000000000000E+000  0.000000000000000E+000
  0.000000000000000E+000  0.000000000000000E+000  0.000000000000000E+000
  0.000000000000000E+000  0.000000000000000E+000  0.000000000000000E+000
  0.000000000000000E+000  0.000000000000000E+000  0.000000000000000E+000
  0.000000000000000E+000  0.000000000000000E+000  0.000000000000000E+000
  0.000000000000000E+000  0.000000000000000E+000  0.000000000000000E+000
  0.000000000000000E+000  0.000000000000000E+000  0.000000000000000E+000
  0.000000000000000E+000  0.000000000000000E+000  0.000000000000000E+000
  0.000000000000000E+000  0.000000000000000E+000  0.000000000000000E+000
  0.000000000000000E+000  0.000000000000000E+000  0.000000000000000E+000
  0.000000000000000E+000  0.000000000000000E+000  0.000000000000000E+000
  0.000000000000000E+000  0.000000000000000E+000  0.000000000000000E+000
  0.000000000000000E+000  0.000000000000000E+000  0.000000000000000E+000
  0.000000000000000E+000  0.000000000000000E+000  0.000000000000000E+000
  0.000000000000000E+000  0.000000000000000E+000  0.000000000000000E+000
  0.000000000000000E+000  0.000000000000000E+000  0.000000000000000E+000
  0.000000000000000E+000  0.000000000000000E+000  0.000000000000000E+000
  0.000000000000000E+000  0.000000000000000E+000  0.000000000000000E+000
  0.000000000000000E+000  0.000000000000000E+000  0.000000000000000E+000
  0.000000000000000E+000  0.000000000000000E+000  0.000000000000000E+000
  0.000000000000000E+000  0.000000000000000E+000  0.000000000000000E+000
  0.000000000000000E+000  0.000000000000000E+000  0.000000000000000E+000
  0.000000000000000E+000  0.000000000000000E+000  0.000000000000000E+000
  0.000000000000000E+000  0.000000000000000E+000  0.000000000000000E+000
  0.000000000000000E+000  0.000000000000000E+000  0.000000000000000E+000
  0.000000000000000E+000  0.000000000000000E+000  0.000000000000000E+000
  0.000000000000000E+000  0.000000000000000E+000  0.000000000000000E+000
  0.000000000000000E+000  0.000000000000000E+000  0.000000000000000E+000
  0.000000000000000E+000  0.000000000000000E+000  0.000000000000000E+000
  0.000000000000000E+000  0.000000000000000E+000  0.000000000000000E+000
  0.000000000000000E+000  0.000000000000000E+000  0.000000000000000E+000
  0.000000000000000E+000  0.000000000000000E+000  0.000000000000000E+000
  0.000000000000000E+000  0.000000000000000E+000  0.000000000000000E+000
  0.000000000000000E+000  0.000000000000000E+000  0.000000000000000E+000
  0.000000000000000E+000  0.000000000000000E+000  0.000000000000000E+000
  0.000000000000000E+000  0.000000000000000E+000  0.000000000000000E+000
  0.000000000000000E+000  0.000000000000000E+000  0.000000000000000E+000
  0.000000000000000E+000  0.000000000000000E+000  0.000000000000000E+000
  0.000000000000000E+000  0.000000000000000E+000  0.000000000000000E+000
  0.000000000000000E+000  0.000000000000000E+000  0.000000000000000E+000
  0.000000000000000E+000  0.000000000000000E+000  0.000000000000000E+000
  0.000000000000000E+000  0.000000000000000E+000  0.000000000000000E+000
  0.000000000000000E+000  0.000000000000000E+000  0.000000000000000E+000
  0.000000000000000E+000  0.000000000000000E+000  0.000000000000000E+000
  0.000000000000000E+000  0.000000000000000E+000  0.000000000000000E+000
  0.000000000000000E+000  0.000000000000000E+000  0.000000000000000E+000
  0.000000000000000E+000  0.000000000000000E+000  0.000000000000000E+000
  0.000000000000000E+000  0.000000000000000E+000  0.000000000000000E+000
  0.000000000000000E+000  0.000000000000000E+000  0.000000000000000E+000
  0.000000000000000E+000  0.000000000000000E+000  0.000000000000000E+000
  0.000000000000000E+000  0.000000000000000E+000  0.000000000000000E+000
  0.000000000000000E+000  0.000000000000000E+000  0.000000000000000E+000
  0.000000000000000E+000  0.000000000000000E+000  0.000000000000000E+000
  0.000000000000000E+000  0.000000000000000E+000  0.000000000000000E+000
  0.000000000000000E+000  0.000000000000000E+000  0.000000000000000E+000
  0.000000000000000E+000  0.000000000000000E+000  0.000000000000000E+000
  0.000000000000000E+000  0.000000000000000E+000  0.000000000000000E+000
  0.000000000000000E+000  0.993911062324465      -1.517754748863468E-005
 -1.517754748793275E-005  4.440983212147310E-016 -3.035509496929078E-005
 -1.517754748863468E-005  0.988890890153015       1.804592567740499E-003
 -2.628828337600444E-005 -1.804592567740301E-003 -1.517754748793275E-005
  1.804592567740499E-003  0.988890890153011       2.628828338165529E-005
 -1.804592567739614E-003  4.440983212147310E-016 -2.628828337600444E-005
  2.628828338165529E-005  0.993911062324463      -5.169170291772636E-015
 -3.035509496929078E-005 -1.804592567740301E-003 -1.804592567739614E-003
 -5.169170291772636E-015  0.988890890153011       0.994068490395110     
 -1.504788769593359E-004 -1.504788769586334E-004  4.510037461033712E-016
 -3.009577539107285E-004 -1.504788769593359E-004  0.987481501701955     
 -1.402575358036031E-004 -2.606370603509119E-004  1.402575358038048E-004
 -1.504788769586334E-004 -1.402575358036031E-004  0.987481501701951     
  2.606370603565288E-004  1.402575358044795E-004  4.510037461033712E-016
 -2.606370603509119E-004  2.606370603565288E-004  0.994068490395107     
 -5.153479824975361E-015 -3.009577539107285E-004  1.402575358038048E-004
  1.402575358044795E-004 -5.153479824975361E-015  0.987481501701951     
  0.998328689067604       3.072699135912849E-006 -4.369668751674293E-005
 -8.779583438055276E-006  4.804792553064635E-005  3.072699135912849E-006
  0.996575748487784      -5.166629017399511E-004  5.370694180437164E-005
 -6.560917365022386E-004 -4.369668751674293E-005 -5.166629017399511E-004
  0.996639040760086       7.568488289971749E-005  5.166629017408340E-004
 -8.779583438055276E-006  5.370694180437164E-005  7.568488289971749E-005
  0.998338826857325      -2.419243539317190E-005  4.804792553064635E-005
 -6.560917365022386E-004  5.166629017408340E-004 -2.419243539317190E-005
  0.996575748487780       0.998421223347401       8.155946475731493E-005
 -1.033818082062854E-004 -6.465422997606317E-006  1.431154920169149E-004
  8.155946475731493E-005  0.996565224667204      -3.586001409286493E-004
  1.181671567491317E-004 -3.761210631252704E-004 -1.033818082062854E-004
 -3.586001409286493E-004  0.996739675810653       1.790625443898850E-004
  3.586001409295327E-004 -6.465422997606317E-006  1.181671567491317E-004
  1.790625443898850E-004  0.998428688974816       1.154899002345732E-005
  1.431154920169149E-004 -3.761210631252704E-004  3.586001409295327E-004
  1.154899002345732E-005  0.996565224667200       0.998328689067604     
 -4.369668751745402E-005  3.072699136623795E-006  8.779583438943422E-006
  4.804792553064508E-005 -4.369668751745402E-005  0.996639040760090     
 -5.166629017399488E-004 -7.568488289405413E-005  5.166629017401523E-004
  3.072699136623795E-006 -5.166629017399488E-004  0.996575748487780     
 -5.370694179869894E-005 -6.560917365015567E-004  8.779583438943422E-006
 -7.568488289405413E-005 -5.370694179869894E-005  0.998338826857326     
  2.419243538278181E-005  4.804792553064508E-005  5.166629017401523E-004
 -6.560917365015567E-004  2.419243538278181E-005  0.996575748487780     
  0.998421223347401      -1.033818082069966E-004  8.155946475802580E-005
  6.465422998466761E-006  1.431154920169138E-004 -1.033818082069966E-004
  0.996739675810657      -3.586001409286480E-004 -1.790625443842192E-004
  3.586001409288516E-004  8.155946475802580E-005 -3.586001409286480E-004
  0.996565224667200      -1.181671567434600E-004 -3.761210631245881E-004
  6.465422998466761E-006 -1.790625443842192E-004 -1.181671567434600E-004
  0.998428688974816      -1.154899003384694E-005  1.431154920169138E-004
  3.586001409288516E-004 -3.761210631245881E-004 -1.154899003384694E-005
  0.996565224667200       0.998343895752189       4.497522638671532E-005
  4.497522638742448E-005  4.441205736890723E-016 -8.739337502689687E-005
  4.497522638671532E-005  0.996575748487784       6.560917365024423E-004
  2.951450641639337E-005  5.166629017401526E-004  4.497522638742448E-005
  6.560917365024423E-004  0.996575748487780      -2.951450641072338E-005
  5.166629017408339E-004  4.441205736890723E-016  2.951450641639337E-005
 -2.951450641072338E-005  0.998323620172741      -5.191915492038871E-015
 -8.739337502689687E-005  5.166629017401526E-004  5.166629017408339E-004
 -5.191915492038871E-015  0.996639040760086       0.998432421788526     
  6.155602725158290E-005  6.155602725229194E-005  4.301913055261342E-016
 -2.067636164059789E-004  6.155602725158290E-005  0.996565224667204     
  3.761210631254735E-004  1.297161467777827E-004  3.586001409288512E-004
  6.155602725229194E-005  3.761210631254735E-004  0.996565224667200     
 -1.297161467721132E-004  3.586001409295335E-004  4.301913055261342E-016
  1.297161467777827E-004 -1.297161467721132E-004  0.998417490533691     
 -5.193180378262270E-015 -2.067636164059789E-004  3.586001409288512E-004
  3.586001409295335E-004 -5.193180378262270E-015  0.996739675810653     
  0.000000000000000E+000  0.000000000000000E+000  0.000000000000000E+000
  0.000000000000000E+000  0.000000000000000E+000  0.000000000000000E+000
  0.000000000000000E+000  0.000000000000000E+000  0.000000000000000E+000
  0.000000000000000E+000  0.000000000000000E+000  0.000000000000000E+000
  0.000000000000000E+000  0.000000000000000E+000  0.000000000000000E+000
  0.000000000000000E+000  0.000000000000000E+000  0.000000000000000E+000
  0.000000000000000E+000  0.000000000000000E+000  0.000000000000000E+000
  0.000000000000000E+000  0.000000000000000E+000  0.000000000000000E+000
  0.000000000000000E+000  0.000000000000000E+000  0.000000000000000E+000
  0.000000000000000E+000  0.000000000000000E+000  0.000000000000000E+000
  0.000000000000000E+000  0.000000000000000E+000  0.000000000000000E+000
  0.000000000000000E+000  0.000000000000000E+000  0.000000000000000E+000
  0.000000000000000E+000  0.000000000000000E+000  0.000000000000000E+000
  0.000000000000000E+000  0.000000000000000E+000  0.000000000000000E+000
  0.000000000000000E+000  0.000000000000000E+000  0.000000000000000E+000
  0.000000000000000E+000  0.000000000000000E+000  0.000000000000000E+000
  0.000000000000000E+000  0.000000000000000E+000  0.000000000000000E+000
  0.000000000000000E+000  0.000000000000000E+000  0.000000000000000E+000
  0.000000000000000E+000  0.000000000000000E+000  0.000000000000000E+000
  0.000000000000000E+000  0.000000000000000E+000  0.000000000000000E+000
  0.000000000000000E+000  0.000000000000000E+000  0.000000000000000E+000
  0.000000000000000E+000  0.000000000000000E+000  0.000000000000000E+000
  0.000000000000000E+000  0.000000000000000E+000  0.000000000000000E+000
  0.000000000000000E+000  0.000000000000000E+000  0.000000000000000E+000
  0.000000000000000E+000  0.000000000000000E+000  0.000000000000000E+000
  0.000000000000000E+000  0.000000000000000E+000  0.000000000000000E+000
  0.000000000000000E+000  0.000000000000000E+000  0.000000000000000E+000
  0.000000000000000E+000  0.000000000000000E+000  0.000000000000000E+000
  0.000000000000000E+000  0.000000000000000E+000  0.000000000000000E+000
  0.000000000000000E+000  0.000000000000000E+000  0.000000000000000E+000
  0.000000000000000E+000  0.000000000000000E+000  0.000000000000000E+000
  0.000000000000000E+000  0.000000000000000E+000  0.000000000000000E+000
  0.000000000000000E+000  0.000000000000000E+000  0.000000000000000E+000
  0.000000000000000E+000  0.000000000000000E+000  0.000000000000000E+000
  0.000000000000000E+000  0.000000000000000E+000  0.000000000000000E+000
  0.000000000000000E+000  0.000000000000000E+000  0.000000000000000E+000
  0.000000000000000E+000  0.000000000000000E+000  0.000000000000000E+000
  0.000000000000000E+000  0.000000000000000E+000  0.000000000000000E+000
  0.000000000000000E+000  0.000000000000000E+000  0.000000000000000E+000
  0.000000000000000E+000  0.000000000000000E+000  0.000000000000000E+000
  0.000000000000000E+000  0.000000000000000E+000  0.000000000000000E+000
  0.000000000000000E+000  0.000000000000000E+000  0.000000000000000E+000
  0.000000000000000E+000  0.000000000000000E+000  0.000000000000000E+000
  0.000000000000000E+000  0.000000000000000E+000  0.000000000000000E+000
  0.000000000000000E+000  0.000000000000000E+000  0.000000000000000E+000
  0.000000000000000E+000  0.000000000000000E+000  0.000000000000000E+000
  0.000000000000000E+000  0.000000000000000E+000  0.000000000000000E+000
  0.000000000000000E+000  0.000000000000000E+000  0.000000000000000E+000
  0.000000000000000E+000  0.000000000000000E+000  0.000000000000000E+000
  0.000000000000000E+000  0.000000000000000E+000  0.000000000000000E+000
