  0.997928952601266      -5.476567443127652E-006 -5.476567442417908E-006
  4.302123517857176E-016 -1.095313487824347E-005 -5.476567443127652E-006
  0.995952899958090      -5.374582231875149E-006 -9.485693053937131E-006
  5.374582232077899E-006 -5.476567442417908E-006 -5.374582231875149E-006
  0.995952899958086       9.485693059603764E-006  5.374582232759725E-006
  4.302123517857176E-016 -9.485693053937131E-006  9.485693059603764E-006
  0.997928952601264      -5.191671413643767E-015 -1.095313487824347E-005
  5.374582232077899E-006  5.374582232759725E-006 -5.191671413643767E-015
  0.995952899958086       0.997929689613420      -4.921256954230303E-006
 -4.921256953520572E-006  4.232732499521000E-016 -9.842513900448859E-006
 -4.921256954230303E-006  0.995942489220700      -5.140370682787418E-006
 -8.523867073191107E-006  5.140370682990165E-006 -4.921256953520572E-006
 -5.140370682787418E-006  0.995942489220696       8.523867078857678E-006
  5.140370683671986E-006  4.232732499521000E-016 -8.523867073191107E-006
  8.523867078857678E-006  0.997929689613418      -5.191634891610662E-015
 -9.842513900448859E-006  5.140370682990165E-006  5.140370683671986E-006
 -5.191634891610662E-015  0.995942489220696       0.997931113863883     
 -7.626593682625113E-006 -2.054633744388650E-006  3.179552744661521E-006
 -4.822685171136823E-006 -7.626593682625113E-006  0.995945812057456     
 -1.248703201400324E-005 -1.165541248495511E-006  4.361384236137133E-006
 -2.054633744388650E-006 -1.248703201400324E-005  0.995963010241725     
  3.558730034485032E-006  1.248703201488780E-005  3.179552744661521E-006
 -1.165541248495511E-006  3.558730034485032E-006  0.997927442432615     
 -6.022053250120387E-006 -4.822685171136823E-006  4.361384236137133E-006
  1.248703201488780E-005 -6.022053250120387E-006  0.995945812057452     
  0.997931746366756      -7.930856107308233E-006 -1.262717620235498E-006
  3.166872845010429E-006 -5.525297490225536E-006 -7.930856107308233E-006
  0.995934733677959      -1.286219068095836E-005 -1.801182078824063E-006
  1.282290386323999E-006 -1.262717620235498E-006 -1.286219068095836E-005
  0.995954947143793       2.187091072118760E-006  1.286219068184291E-005
  3.166872845010429E-006 -1.801182078824063E-006  2.187091072118760E-006
  0.997928089576975      -5.967731824148761E-006 -5.525297490225536E-006
  1.282290386323999E-006  1.286219068184291E-005 -5.967731824148761E-006
  0.995934733677954       0.997931113863882      -2.054633745098422E-006
 -7.626593681915365E-006 -3.179552743794167E-006 -4.822685171136808E-006
 -2.054633745098422E-006  0.995963010241729      -1.248703201400326E-005
 -3.558730028818454E-006  1.248703201420600E-005 -7.626593681915365E-006
 -1.248703201400326E-005  0.995945812057452       1.165541254162093E-006
  4.361384236818954E-006 -3.179552743794167E-006 -3.558730028818454E-006
  1.165541254162093E-006  0.997927442432615       6.022053239737156E-006
 -4.822685171136808E-006  1.248703201420600E-005  4.361384236818954E-006
  6.022053239737156E-006  0.995945812057452       0.997931746366756     
 -1.262717620945252E-006 -7.930856106598499E-006 -3.166872844143076E-006
 -5.525297490225528E-006 -1.262717620945252E-006  0.995954947143797     
 -1.286219068095838E-005 -2.187091066452235E-006  1.286219068116112E-005
 -7.930856106598499E-006 -1.286219068095838E-005  0.995934733677955     
  1.801182084490589E-006  1.282290387005815E-006 -3.166872844143076E-006
 -2.187091066452235E-006  1.801182084490589E-006  0.997928089576975     
  5.967731813765593E-006 -5.525297490225528E-006  1.286219068116112E-005
  1.282290387005815E-006  5.967731813765593E-006  0.995934733677954     
  0.997925606716984       2.803908503476573E-006  2.803908504186294E-006
  4.510362972064770E-016 -4.109267482185016E-006  2.803908503476573E-006
  0.995945812057456      -4.361384235934385E-006 -7.187594493424304E-006
  1.248703201420599E-005  2.803908504186294E-006 -4.361384235934385E-006
  0.995945812057452       7.187594499090849E-006  1.248703201488782E-005
  4.510362972064770E-016 -7.187594493424304E-006  7.187594499090849E-006
  0.997932949579513      -5.191671067724862E-015 -4.109267482185016E-006
  1.248703201420599E-005  1.248703201488782E-005 -5.191671067724862E-015
  0.995963010241725       0.997926261182088       2.405558609071053E-006
  2.405558609780758E-006  4.232808422286161E-016 -2.525435233878759E-006
  2.405558609071053E-006  0.995934733677958      -1.282290386121248E-006
 -7.768913897781263E-006  1.286219068116111E-005  2.405558609780758E-006
 -1.282290386121248E-006  0.995934733677955       7.768913903447749E-006
  1.286219068184294E-005  4.232808422286161E-016 -7.768913897781263E-006
  7.768913903447749E-006  0.997933574761643      -5.191643944025558E-015
 -2.525435233878759E-006  1.286219068116111E-005  1.286219068184294E-005
 -5.191643944025558E-015  0.995954947143793       0.000000000000000E+000
  0.000000000000000E+000  0.000000000000000E+000  0.000000000000000E+000
  0.000000000000000E+000  0.000000000000000E+000  0.000000000000000E+000
  0.000000000000000E+000  0.000000000000000E+000  0.000000000000000E+000
  0.000000000000000E+000  0.000000000000000E+000  0.000000000000000E+000
  0.000000000000000E+000  0.000000000000000E+000  0.000000000000000E+000
  0.000000000000000E+000  0.000000000000000E+000  0.000000000000000E+000
  0.000000000000000E+000  0.000000000000000E+000  0.000000000000000E+000
  0.000000000000000E+000  0.000000000000000E+000  0.000000000000000E+000
  0.000000000000000E+000  0.000000000000000E+000  0.000000000000000E+000
  0.000000000000000E+000  0.000000000000000E+000  0.000000000000000E+000
  0.000000000000000E+000  0.000000000000000E+000  0.000000000000000E+000
  0.000000000000000E+000  0.000000000000000E+000  0.000000000000000E+000
  0.000000000000000E+000  0.000000000000000E+000  0.000000000000000E+000
  0.000000000000000E+000  0.000000000000000E+000  0.000000000000000E+000
  0.000000000000000E+000  0.000000000000000E+000  0.000000000000000E+000
  0.000000000000000E+000  0.000000000000000E+000  0.000000000000000E+000
  0.000000000000000E+000  0.000000000000000E+000  0.000000000000000E+000
  0.000000000000000E+000  0.000000000000000E+000  0.000000000000000E+000
  0.000000000000000E+000  0.000000000000000E+000  0.000000000000000E+000
  0.000000000000000E+000  0.000000000000000E+000  0.000000000000000E+000
  0.000000000000000E+000  0.000000000000000E+000  0.000000000000000E+000
  0.000000000000000E+000  0.000000000000000E+000  0.000000000000000E+000
  0.000000000000000E+000  0.000000000000000E+000  0.000000000000000E+000
  0.000000000000000E+000  0.000000000000000E+000  0.000000000000000E+000
  0.000000000000000E+000  0.000000000000000E+000  0.000000000000000E+000
  0.000000000000000E+000  0.000000000000000E+000  0.000000000000000E+000
  0.000000000000000E+000  0.000000000000000E+000  0.000000000000000E+000
  0.000000000000000E+000  0.000000000000000E+000  0.000000000000000E+000
  0.000000000000000E+000  0.000000000000000E+000  0.000000000000000E+000
  0.000000000000000E+000  0.000000000000000E+000  0.000000000000000E+000
  0.000000000000000E+000  0.000000000000000E+000  0.000000000000000E+000
  0.000000000000000E+000  0.000000000000000E+000  0.000000000000000E+000
  0.000000000000000E+000  0.000000000000000E+000  0.000000000000000E+000
  0.000000000000000E+000  0.000000000000000E+000  0.000000000000000E+000
  0.000000000000000E+000  0.000000000000000E+000  0.000000000000000E+000
  0.000000000000000E+000  0.000000000000000E+000  0.000000000000000E+000
  0.000000000000000E+000  0.000000000000000E+000  0.000000000000000E+000
  0.000000000000000E+000  0.000000000000000E+000  0.000000000000000E+000
  0.000000000000000E+000  0.000000000000000E+000  0.000000000000000E+000
  0.000000000000000E+000  0.000000000000000E+000  0.000000000000000E+000
  0.000000000000000E+000  0.000000000000000E+000  0.000000000000000E+000
  0.000000000000000E+000  0.000000000000000E+000  0.000000000000000E+000
  0.000000000000000E+000  0.000000000000000E+000  0.000000000000000E+000
  0.000000000000000E+000  0.000000000000000E+000  0.000000000000000E+000
  0.000000000000000E+000  0.000000000000000E+000  0.000000000000000E+000
  0.000000000000000E+000  0.000000000000000E+000  0.000000000000000E+000
  0.000000000000000E+000  0.000000000000000E+000  0.000000000000000E+000
  0.000000000000000E+000  0.000000000000000E+000  0.000000000000000E+000
  0.000000000000000E+000  0.000000000000000E+000  0.000000000000000E+000
  0.000000000000000E+000  0.000000000000000E+000  0.000000000000000E+000
  0.000000000000000E+000  0.000000000000000E+000  0.000000000000000E+000
  0.000000000000000E+000  0.000000000000000E+000  0.000000000000000E+000
  0.000000000000000E+000  0.000000000000000E+000  0.000000000000000E+000
  0.000000000000000E+000  0.000000000000000E+000  0.000000000000000E+000
  0.000000000000000E+000  0.000000000000000E+000  0.000000000000000E+000
  0.000000000000000E+000  0.000000000000000E+000  0.000000000000000E+000
  0.000000000000000E+000  0.000000000000000E+000  0.000000000000000E+000
  0.000000000000000E+000  0.000000000000000E+000  0.000000000000000E+000
  0.000000000000000E+000  0.000000000000000E+000  0.000000000000000E+000
  0.000000000000000E+000  0.000000000000000E+000  0.000000000000000E+000
  0.000000000000000E+000  0.000000000000000E+000  0.000000000000000E+000
  0.000000000000000E+000  0.000000000000000E+000  0.000000000000000E+000
  0.000000000000000E+000  0.000000000000000E+000  0.000000000000000E+000
  0.000000000000000E+000  0.000000000000000E+000  0.000000000000000E+000
  0.000000000000000E+000  0.000000000000000E+000  0.000000000000000E+000
  0.000000000000000E+000  0.000000000000000E+000  0.000000000000000E+000
  0.000000000000000E+000  0.997932467538307      -3.588531610859281E-005
 -3.588531610788286E-005  4.371289467598550E-016  3.258223869317253E-005
 -3.588531610859281E-005  0.995934714172062      -1.406658925651398E-005
 -1.314124373888481E-005  2.318917935547484E-005 -3.588531610788286E-005
 -1.406658925651398E-005  0.995934714172059       1.314124374455120E-005
  2.318917935615661E-005  4.371289467598550E-016 -1.314124373888481E-005
  1.314124374455120E-005  0.997926350144786      -5.191608690365644E-015
  3.258223869317253E-005  2.318917935547484E-005  2.318917935615661E-005
 -5.191608690365644E-015  0.995960877560607       0.997906361841557     
 -9.352549318912857E-005 -9.352549318841842E-005  4.370310654674124E-016
  3.219881089741479E-005 -9.352549318912857E-005  0.995812861511057     
 -1.413290163287021E-004 -6.649581052189649E-006  3.426245192695864E-005
 -9.352549318841842E-005 -1.413290163287021E-004  0.995812861511053     
  6.649581057854486E-006  3.426245192764038E-005  4.370310654674124E-016
 -6.649581052189649E-006  6.649581057854486E-006  0.997925435689355     
 -5.191538937285923E-015  3.219881089741479E-005  3.426245192695864E-005
  3.426245192764038E-005 -5.191538937285923E-015  0.995962407158367     
  0.997921856953200       2.455739383964856E-005 -4.199120331996202E-005
  3.430232326538678E-006 -1.237325614986729E-005  2.455739383964856E-005
  0.995912660868042       4.134403942578667E-005  9.357710991833114E-007
  2.217914398360831E-005 -4.199120331996202E-005  4.134403942578667E-005
  0.995927536884287       1.927061509551486E-005 -3.857322432886198E-006
  3.430232326538678E-006  9.357710991833114E-007  1.927061509551486E-005
  0.997947135054581       6.640422170309140E-006 -1.237325614986729E-005
  2.217914398360831E-005 -3.857322432886198E-006  6.640422170309140E-006
  0.995994485303246       0.997899516599484       6.959775252932624E-005
 -8.499362510958466E-005  1.620502615075443E-006 -1.482159673561952E-005
  6.959775252932624E-005  0.995804733877920       1.424913654338410E-004
 -2.452689465609104E-006  3.480379961642618E-005 -8.499362510958466E-005
  1.424913654338410E-004  0.995827574693203       9.328780365128172E-006
 -1.593545958492304E-005  1.620502615075443E-006 -2.452689465609104E-006
  9.328780365128172E-006  0.997945778769473       6.449796533849162E-006
 -1.482159673561952E-005  3.480379961642618E-005 -1.593545958492304E-005
  6.449796533849162E-006  0.995994748538769       0.997921856953200     
 -4.199120332067171E-005  2.455739384035825E-005 -3.430232325664386E-006
 -1.237325614986735E-005 -4.199120332067171E-005  0.995927536884290     
  4.134403942578661E-005 -1.927061508984806E-005 -3.857322433568174E-006
  2.455739384035825E-005  4.134403942578661E-005  0.995912660868038     
 -9.357710935167251E-007  2.217914398429035E-005 -3.430232325664386E-006
 -1.927061508984806E-005 -9.357710935167251E-007  0.997947135054581     
 -6.640422180692819E-006 -1.237325614986735E-005 -3.857322433568174E-006
  2.217914398429035E-005 -6.640422180692819E-006  0.995994485303246     
  0.997899516599485      -8.499362511029415E-005  6.959775253003570E-005
 -1.620502614187276E-006 -1.482159673561968E-005 -8.499362511029415E-005
  0.995827574693207       1.424913654338408E-004 -9.328780359461270E-006
 -1.593545958560532E-005  6.959775253003570E-005  1.424913654338408E-004
  0.995804733877916       2.452689471275499E-006  3.480379961710850E-005
 -1.620502614187276E-006 -9.328780359461270E-006  2.452689471275499E-006
  0.997945778769473      -6.449796544232822E-006 -1.482159673561968E-005
 -1.593545958560532E-005  3.480379961710850E-005 -6.449796544232822E-006
  0.995994748538769       0.997963037434639      -6.368924926244801E-005
 -6.368924926173811E-005  4.440352603123694E-016 -5.338287394826829E-005
 -6.368924926244801E-005  0.995955917773928       5.286438665722079E-006
 -4.403209046201874E-005  9.376260114394593E-005 -6.368924926173811E-005
  5.286438665722079E-006  0.995955917773924       4.403209046768480E-005
  9.376260114462740E-005  4.440352603123694E-016 -4.403209046201874E-005
  4.403209046768480E-005  0.997916736996676      -5.191222694791709E-015
 -5.338287394826829E-005  9.376260114394593E-005  9.376260114462740E-005
 -5.191222694791709E-015  0.995955593664959       0.997954450544604     
 -4.565185989704628E-005 -4.565185989633648E-005  4.093836746280478E-016
 -5.731044346396214E-005 -4.565185989704628E-005  0.995881096047421     
 -6.227099409296518E-005 -4.914937141324675E-005  9.438557394258088E-005
 -4.565185989633648E-005 -6.227099409296518E-005  0.995881096047417     
  4.914937141891196E-005  9.438557394326231E-005  4.093836746280478E-016
 -4.914937141324675E-005  4.914937141891196E-005  0.997915091936614     
 -5.191215858191068E-015 -5.731044346396214E-005  9.438557394258088E-005
  9.438557394326231E-005 -5.191215858191068E-015  0.995954228518734     
  0.000000000000000E+000  0.000000000000000E+000  0.000000000000000E+000
  0.000000000000000E+000  0.000000000000000E+000  0.000000000000000E+000
  0.000000000000000E+000  0.000000000000000E+000  0.000000000000000E+000
  0.000000000000000E+000  0.000000000000000E+000  0.000000000000000E+000
  0.000000000000000E+000  0.000000000000000E+000  0.000000000000000E+000
  0.000000000000000E+000  0.000000000000000E+000  0.000000000000000E+000
  0.000000000000000E+000  0.000000000000000E+000  0.000000000000000E+000
  0.000000000000000E+000  0.000000000000000E+000  0.000000000000000E+000
  0.000000000000000E+000  0.000000000000000E+000  0.000000000000000E+000
  0.000000000000000E+000  0.000000000000000E+000  0.000000000000000E+000
  0.000000000000000E+000  0.000000000000000E+000  0.000000000000000E+000
  0.000000000000000E+000  0.000000000000000E+000  0.000000000000000E+000
  0.000000000000000E+000  0.000000000000000E+000  0.000000000000000E+000
  0.000000000000000E+000  0.000000000000000E+000  0.000000000000000E+000
  0.000000000000000E+000  0.000000000000000E+000  0.000000000000000E+000
  0.000000000000000E+000  0.000000000000000E+000  0.000000000000000E+000
  0.000000000000000E+000  0.000000000000000E+000  0.000000000000000E+000
  0.000000000000000E+000  0.000000000000000E+000  0.000000000000000E+000
  0.000000000000000E+000  0.000000000000000E+000  0.000000000000000E+000
  0.000000000000000E+000  0.000000000000000E+000  0.000000000000000E+000
  0.000000000000000E+000  0.000000000000000E+000  0.000000000000000E+000
  0.000000000000000E+000  0.000000000000000E+000  0.000000000000000E+000
  0.000000000000000E+000  0.000000000000000E+000  0.000000000000000E+000
  0.000000000000000E+000  0.000000000000000E+000  0.000000000000000E+000
  0.000000000000000E+000  0.000000000000000E+000  0.000000000000000E+000
  0.000000000000000E+000  0.000000000000000E+000  0.000000000000000E+000
  0.000000000000000E+000  0.000000000000000E+000  0.000000000000000E+000
  0.000000000000000E+000  0.000000000000000E+000  0.000000000000000E+000
  0.000000000000000E+000  0.000000000000000E+000  0.000000000000000E+000
  0.000000000000000E+000  0.000000000000000E+000  0.000000000000000E+000
  0.000000000000000E+000  0.000000000000000E+000  0.000000000000000E+000
  0.000000000000000E+000  0.000000000000000E+000  0.000000000000000E+000
  0.000000000000000E+000  0.000000000000000E+000  0.000000000000000E+000
  0.000000000000000E+000  0.000000000000000E+000  0.000000000000000E+000
  0.000000000000000E+000  0.000000000000000E+000  0.000000000000000E+000
  0.000000000000000E+000  0.000000000000000E+000  0.000000000000000E+000
  0.000000000000000E+000  0.000000000000000E+000  0.000000000000000E+000
  0.000000000000000E+000  0.000000000000000E+000  0.000000000000000E+000
  0.000000000000000E+000  0.000000000000000E+000  0.000000000000000E+000
  0.000000000000000E+000  0.000000000000000E+000  0.000000000000000E+000
  0.000000000000000E+000  0.000000000000000E+000  0.000000000000000E+000
  0.000000000000000E+000  0.000000000000000E+000  0.000000000000000E+000
  0.000000000000000E+000  0.000000000000000E+000  0.000000000000000E+000
  0.000000000000000E+000  0.000000000000000E+000  0.000000000000000E+000
  0.000000000000000E+000  0.000000000000000E+000  0.000000000000000E+000
  0.000000000000000E+000  0.000000000000000E+000  0.000000000000000E+000
  0.000000000000000E+000  0.000000000000000E+000  0.000000000000000E+000
  0.000000000000000E+000  0.000000000000000E+000  0.000000000000000E+000
  0.000000000000000E+000  0.000000000000000E+000  0.000000000000000E+000
  0.000000000000000E+000  0.000000000000000E+000  0.000000000000000E+000
  0.000000000000000E+000  0.000000000000000E+000  0.000000000000000E+000
  0.000000000000000E+000  0.000000000000000E+000  0.000000000000000E+000
  0.000000000000000E+000  0.000000000000000E+000  0.000000000000000E+000
  0.000000000000000E+000  0.000000000000000E+000  0.000000000000000E+000
  0.000000000000000E+000  0.000000000000000E+000  0.000000000000000E+000
  0.000000000000000E+000  0.000000000000000E+000  0.000000000000000E+000
  0.000000000000000E+000  0.000000000000000E+000  0.000000000000000E+000
  0.000000000000000E+000  0.000000000000000E+000  0.000000000000000E+000
  0.000000000000000E+000  0.000000000000000E+000  0.000000000000000E+000
  0.000000000000000E+000  0.000000000000000E+000  0.000000000000000E+000
  0.000000000000000E+000  0.000000000000000E+000  0.000000000000000E+000
  0.000000000000000E+000  0.000000000000000E+000  0.000000000000000E+000
  0.000000000000000E+000  0.000000000000000E+000  0.000000000000000E+000
  0.000000000000000E+000  0.000000000000000E+000  0.000000000000000E+000
  0.000000000000000E+000  0.000000000000000E+000  0.000000000000000E+000
  0.000000000000000E+000  0.000000000000000E+000  0.000000000000000E+000
  0.000000000000000E+000  0.000000000000000E+000  0.997927879493167     
  1.629111934258052E-005  6.562007132328555E-006  2.648909096694686E-006
 -2.932330896896234E-005  1.629111934258052E-005  0.995960877560611     
 -2.318917935527209E-005  2.821704642215485E-005  2.318917935547481E-005
  6.562007132328555E-006 -2.318917935527209E-005  0.995934714172059     
  3.764821724366620E-005  1.406658925739843E-005  2.648909096694686E-006
  2.821704642215485E-005  3.764821724366620E-005  0.997930938189925     
 -2.450697350430661E-005 -2.932330896896234E-005  2.318917935547481E-005
  1.406658925739843E-005 -2.450697350430661E-005  0.995934714172058     
  0.997920667227407       1.609940544470178E-005  4.100404047207540E-005
 -8.259218370575140E-006 -5.252145270975276E-005  1.609940544470178E-005
  0.995962407158372      -3.426245192675617E-005  2.788498821051168E-005
  3.426245192695892E-005  4.100404047207540E-005 -3.426245192675617E-005
  0.995812861511053       8.432024353069530E-005  1.413290163295861E-004
 -8.259218370575140E-006  2.788498821051168E-005  8.432024353069530E-005
  0.997911130303505      -7.767066247803171E-005 -5.252145270975276E-005
  3.426245192695892E-005  1.413290163295861E-004 -7.767066247803171E-005
  0.995812861511053       0.997943786197572      -4.358537831023495E-007
  4.306759439204984E-006 -9.230622814798684E-006  1.308909846437580E-005
 -4.358537831023495E-007  0.995994485303250       3.857322433770868E-006
 -1.403576523936847E-005  2.217914398360843E-005  4.306759439204984E-006
  3.857322433770868E-006  0.995927536884287       4.600075635745120E-005
 -4.134403942490210E-005 -9.230622814798684E-006 -1.403576523936847E-005
  4.600075635745120E-005  0.997925205810209       2.079944136541055E-005
  1.308909846437580E-005  2.217914398360843E-005 -4.134403942490210E-005
  2.079944136541055E-005  0.995912660868038       0.997935616623408     
 -1.825110719765415E-006  3.441785177075769E-005 -1.922185591499147E-005
  3.267478488038270E-005 -1.825110719765415E-006  0.995994748538773     
  1.593545958580785E-005 -1.606077756551643E-005  3.480379961642644E-005
  3.441785177075769E-005  1.593545958580785E-005  0.995827574693203     
  7.827102868632453E-005 -1.424913654329563E-004 -1.922185591499147E-005
 -1.606077756551643E-005  7.827102868632453E-005  0.997909678745549     
  6.149976646863069E-005  3.267478488038270E-005  3.480379961642644E-005
 -1.424913654329563E-004  6.149976646863069E-005  0.995804733877916     
  0.997928312106168      -2.669143697813950E-005 -6.288284297388824E-006
  2.004867774087899E-005 -6.997753355253523E-005 -2.669143697813950E-005
  0.995955593664963      -9.376260114374293E-005 -4.623092496452382E-005
  9.376260114394588E-005 -6.288284297388824E-006 -9.376260114374293E-005
  0.995955917773924       7.717255304159601E-005 -5.286438664837677E-006
  2.004867774087899E-005 -4.623092496452382E-005  7.717255304159601E-005
  0.997951462325147      -3.314046257910272E-005 -6.997753355253523E-005
  9.376260114394588E-005 -5.286438664837677E-006 -3.314046257910272E-005
  0.995955917773923       0.997924931588613      -2.865522173598645E-005
 -1.973867428215447E-005  1.704277718805880E-005 -6.539053417190012E-005
 -2.865522173598645E-005  0.995954228518738      -9.438557394237800E-005
 -4.963229994024407E-005  9.438557394258096E-005 -1.973867428215447E-005
 -9.438557394237800E-005  0.995881096047417       6.411035610882062E-005
  6.227099409384945E-005  1.704277718805880E-005 -4.963229994024407E-005
  6.411035610882062E-005  0.997944610892605      -1.496098469509974E-005
 -6.539053417190012E-005  9.438557394258096E-005  6.227099409384945E-005
 -1.496098469509974E-005  0.995881096047417       0.997937844860902     
 -1.193740237477709E-005 -1.146829538257475E-005 -1.266085514091410E-005
 -3.768444387416445E-005 -1.193740237477709E-005  0.995994485303250     
 -2.217914398340573E-005 -7.395343063867484E-006 -3.857322433568114E-006
 -1.146829538257475E-005 -2.217914398340573E-005  0.995912660868038     
 -2.173521246411885E-005 -4.134403942490194E-005 -1.266085514091410E-005
 -7.395343063867484E-006 -2.173521246411885E-005  0.997931147146879     
 -2.673014126712793E-005 -3.768444387416445E-005 -3.857322433568114E-006
 -4.134403942490194E-005 -2.673014126712793E-005  0.995927536884287     
  0.997932809830546      -1.299648602386630E-005 -3.692296765624526E-005
 -2.084235852965744E-005 -5.057577333223418E-005 -1.299648602386630E-005
  0.995994748538773      -3.480379961622379E-005 -9.610981026475422E-006
 -1.593545958560513E-005 -3.692296765624526E-005 -3.480379961622379E-005
  0.995804733877917      -5.904707700254653E-005 -1.424913654329561E-004
 -2.084235852965744E-005 -9.610981026475422E-006 -5.904707700254653E-005
  0.997912485538411      -6.894224832638775E-005 -5.057577333223418E-005
 -1.593545958560513E-005 -1.424913654329561E-004 -6.894224832638775E-005
  0.995827574693203       0.000000000000000E+000  0.000000000000000E+000
  0.000000000000000E+000  0.000000000000000E+000  0.000000000000000E+000
  0.000000000000000E+000  0.000000000000000E+000  0.000000000000000E+000
  0.000000000000000E+000  0.000000000000000E+000  0.000000000000000E+000
  0.000000000000000E+000  0.000000000000000E+000  0.000000000000000E+000
  0.000000000000000E+000  0.000000000000000E+000  0.000000000000000E+000
  0.000000000000000E+000  0.000000000000000E+000  0.000000000000000E+000
  0.000000000000000E+000  0.000000000000000E+000  0.000000000000000E+000
  0.000000000000000E+000  0.000000000000000E+000  0.000000000000000E+000
  0.000000000000000E+000  0.000000000000000E+000  0.000000000000000E+000
  0.000000000000000E+000  0.000000000000000E+000  0.000000000000000E+000
  0.000000000000000E+000  0.000000000000000E+000  0.000000000000000E+000
  0.000000000000000E+000  0.000000000000000E+000  0.000000000000000E+000
  0.000000000000000E+000  0.000000000000000E+000  0.000000000000000E+000
  0.000000000000000E+000  0.000000000000000E+000  0.000000000000000E+000
  0.000000000000000E+000  0.000000000000000E+000  0.000000000000000E+000
  0.000000000000000E+000  0.000000000000000E+000  0.000000000000000E+000
  0.000000000000000E+000  0.000000000000000E+000  0.000000000000000E+000
  0.000000000000000E+000  0.000000000000000E+000  0.000000000000000E+000
  0.000000000000000E+000  0.000000000000000E+000  0.000000000000000E+000
  0.000000000000000E+000  0.000000000000000E+000  0.000000000000000E+000
  0.000000000000000E+000  0.000000000000000E+000  0.000000000000000E+000
  0.000000000000000E+000  0.000000000000000E+000  0.000000000000000E+000
  0.000000000000000E+000  0.000000000000000E+000  0.000000000000000E+000
  0.000000000000000E+000  0.000000000000000E+000  0.000000000000000E+000
  0.000000000000000E+000  0.000000000000000E+000  0.000000000000000E+000
  0.000000000000000E+000  0.000000000000000E+000  0.000000000000000E+000
  0.000000000000000E+000  0.000000000000000E+000  0.000000000000000E+000
  0.000000000000000E+000  0.000000000000000E+000  0.000000000000000E+000
  0.000000000000000E+000  0.000000000000000E+000  0.000000000000000E+000
  0.000000000000000E+000  0.000000000000000E+000  0.000000000000000E+000
  0.000000000000000E+000  0.000000000000000E+000  0.000000000000000E+000
  0.000000000000000E+000  0.000000000000000E+000  0.000000000000000E+000
  0.000000000000000E+000  0.000000000000000E+000  0.000000000000000E+000
  0.000000000000000E+000  0.000000000000000E+000  0.000000000000000E+000
  0.000000000000000E+000  0.000000000000000E+000  0.000000000000000E+000
  0.000000000000000E+000  0.000000000000000E+000  0.000000000000000E+000
  0.000000000000000E+000  0.000000000000000E+000  0.000000000000000E+000
  0.000000000000000E+000  0.000000000000000E+000  0.000000000000000E+000
  0.000000000000000E+000  0.000000000000000E+000  0.000000000000000E+000
  0.000000000000000E+000  0.000000000000000E+000  0.000000000000000E+000
  0.000000000000000E+000  0.000000000000000E+000  0.000000000000000E+000
  0.000000000000000E+000  0.000000000000000E+000  0.000000000000000E+000
  0.000000000000000E+000  0.000000000000000E+000  0.000000000000000E+000
  0.000000000000000E+000  0.000000000000000E+000  0.000000000000000E+000
  0.000000000000000E+000  0.000000000000000E+000  0.000000000000000E+000
  0.000000000000000E+000  0.000000000000000E+000  0.000000000000000E+000
  0.000000000000000E+000  0.000000000000000E+000  0.000000000000000E+000
  0.000000000000000E+000  0.000000000000000E+000  0.000000000000000E+000
  0.000000000000000E+000  0.000000000000000E+000  0.000000000000000E+000
  0.000000000000000E+000  0.000000000000000E+000  0.000000000000000E+000
  0.000000000000000E+000  0.000000000000000E+000  0.000000000000000E+000
  0.000000000000000E+000  0.000000000000000E+000  0.000000000000000E+000
  0.000000000000000E+000  0.000000000000000E+000  0.000000000000000E+000
  0.000000000000000E+000  0.000000000000000E+000  0.000000000000000E+000
  0.000000000000000E+000  0.000000000000000E+000  0.000000000000000E+000
  0.000000000000000E+000  0.000000000000000E+000  0.000000000000000E+000
  0.000000000000000E+000  0.000000000000000E+000  0.000000000000000E+000
  0.000000000000000E+000  0.000000000000000E+000  0.000000000000000E+000
  0.000000000000000E+000  0.000000000000000E+000  0.000000000000000E+000
  0.000000000000000E+000  0.000000000000000E+000  0.000000000000000E+000
  0.000000000000000E+000  0.000000000000000E+000  0.000000000000000E+000
  0.000000000000000E+000  0.000000000000000E+000  0.000000000000000E+000
  0.000000000000000E+000  0.000000000000000E+000  0.000000000000000E+000
  0.000000000000000E+000  0.000000000000000E+000  0.000000000000000E+000
  0.000000000000000E+000  0.000000000000000E+000  0.000000000000000E+000
  0.000000000000000E+000  0.000000000000000E+000  0.000000000000000E+000
  0.997936297538980      -4.706755456638862E-006 -1.868263612916721E-005
 -2.298590740291984E-005 -1.128840189787537E-005 -4.706755456638862E-006
  0.995959822995645       1.654076455483406E-005 -1.031727721963164E-005
  3.208887591679599E-005 -1.868263612916721E-005  1.654076455483406E-005
  0.995987736176910       3.235927499329789E-005 -1.654076455394940E-005
 -2.298590740291984E-005 -1.031727721963164E-005  3.235927499329789E-005
  0.997962839378632       1.082468814092613E-006 -1.128840189787537E-005
  3.208887591679599E-005 -1.654076455394940E-005  1.082468814092613E-006
  0.995959822995641       0.997932232873640       1.062396426557521E-006
 -2.650834905741441E-005 -1.212604695637053E-005 -1.388653205278356E-005
  1.062396426557521E-006  0.995954639656521       2.354171236277393E-005
 -1.664816090104275E-005  3.799738755136399E-005 -2.650834905741441E-005
  2.354171236277393E-005  0.995974758305216       4.591380739047065E-005
 -2.354171236188928E-005 -1.212604695637053E-005 -1.664816090104275E-005
  4.591380739047065E-005  0.997946234826588       9.244142743937066E-006
 -1.388653205278356E-005  3.799738755136399E-005 -2.354171236188928E-005
  9.244142743937066E-006  0.995954639656517       0.997921184670896     
  2.003361499396962E-005 -1.423836621610146E-005 -6.738039252086869E-006
  2.620961560296389E-005  2.003361499396962E-005  0.995964889300541     
  4.205505744566512E-006  1.869784423723223E-005  3.353941623740182E-005
 -1.423836621610146E-005  4.205505744566512E-006  0.995976132517131     
  2.466157370131834E-005 -4.205505743681922E-006 -6.738039252086869E-006
  1.869784423723223E-005  2.466157370131834E-005  0.997928965088447     
  8.000697394925518E-006  2.620961560296389E-005  3.353941623740182E-005
 -4.205505743681922E-006  8.000697394925518E-006  0.995964889300536     
  0.997916418090287       1.208597553959102E-005 -2.620778791925056E-005
  6.376780505627778E-006  2.998175421848318E-005  1.208597553959102E-005
  0.995957723740562      -6.964919043313543E-006  2.764210650582118E-005
  4.130414279676143E-005 -2.620778791925056E-005 -6.964919043313543E-006
  0.995952937569558       4.539322022839025E-005  6.964919044198058E-006
  6.376780505627778E-006  2.764210650582118E-005  4.539322022839025E-005
  0.997909054818403      -3.354291406980250E-006  2.998175421848318E-005
  4.130414279676143E-005  6.964919044198058E-006 -3.354291406980250E-006
  0.995957723740558       0.997907656836716       4.943879283902015E-005
  2.314402294099444E-005  3.005847057739596E-005  1.098630179239946E-004
  4.943879283902015E-005  0.995937040629398       1.174708248041622E-004
  8.019039015815457E-005  9.520640300945795E-005  2.314402294099444E-005
  1.174708248041622E-004  0.995981959390363       8.099982083791286E-005
 -1.242088640631256E-006  3.005847057739596E-005  8.019039015815457E-005
  8.099982083791286E-005  0.997952611879560       5.343850160135771E-005
  1.098630179239946E-004  9.520640300945795E-005 -1.242088640631256E-006
  5.343850160135771E-005  0.995984746584893       0.997899187374053     
  5.365265355672479E-005  3.370068652628410E-005  3.957037361665418E-005
  1.147531139079807E-004  5.365265355672479E-005  0.995933035666999     
  1.117798919188006E-004  7.564954402262023E-005  9.190171597153846E-005
  3.370068652628410E-005  1.117798919188006E-004  0.995965179703216     
  6.888138291392609E-005 -8.192971867265649E-006  3.957037361665418E-005
  7.564954402262023E-005  6.888138291392609E-005  0.997942361302559     
  4.707849645914320E-005  1.147531139079807E-004  9.190171597153846E-005
 -8.192971867265649E-006  4.707849645914320E-005  0.995980329275012     
  0.997967404517969       1.012106088894388E-004 -8.171991401962624E-005
 -4.436869277563075E-006  9.416631143638909E-005  1.012106088894388E-004
  0.995984746584897       1.242088641515923E-006  6.842491365702895E-005
  9.520640300945801E-005 -8.171991401962624E-005  1.242088641515923E-006
  0.995981959390363       2.045659860541467E-005 -1.174708248032774E-004
 -4.436869277563075E-006  6.842491365702895E-005  2.045659860541467E-005
  0.997892864198307       2.720055451077577E-006  9.416631143638909E-005
  9.520640300945801E-005 -1.174708248032774E-004  2.720055451077577E-006
  0.995937040629395       0.997965836769223       9.814773086007447E-005
 -7.650337071591380E-005  1.090327373706795E-006  9.234075368719229E-005
  9.814773086007447E-005  0.995980329275017       8.192971868150329E-006
  7.583986357721244E-005  9.190171597153851E-005 -7.650337071591380E-005
  8.192971868150329E-006  0.995965179703216       5.255040799354311E-006
 -1.117798919179157E-004  1.090327373706795E-006  7.583986357721244E-005
  5.255040799354311E-006  0.997875711907389       8.639788948386306E-006
  9.234075368719229E-005  9.190171597153851E-005 -1.117798919179157E-004
  8.639788948386306E-006  0.995933035666996       0.000000000000000E+000
  0.000000000000000E+000  0.000000000000000E+000  0.000000000000000E+000
  0.000000000000000E+000  0.000000000000000E+000  0.000000000000000E+000
  0.000000000000000E+000  0.000000000000000E+000  0.000000000000000E+000
  0.000000000000000E+000  0.000000000000000E+000  0.000000000000000E+000
  0.000000000000000E+000  0.000000000000000E+000  0.000000000000000E+000
  0.000000000000000E+000  0.000000000000000E+000  0.000000000000000E+000
  0.000000000000000E+000  0.000000000000000E+000  0.000000000000000E+000
  0.000000000000000E+000  0.000000000000000E+000  0.000000000000000E+000
  0.000000000000000E+000  0.000000000000000E+000  0.000000000000000E+000
  0.000000000000000E+000  0.000000000000000E+000  0.000000000000000E+000
  0.000000000000000E+000  0.000000000000000E+000  0.000000000000000E+000
  0.000000000000000E+000  0.000000000000000E+000  0.000000000000000E+000
  0.000000000000000E+000  0.000000000000000E+000  0.000000000000000E+000
  0.000000000000000E+000  0.000000000000000E+000  0.000000000000000E+000
  0.000000000000000E+000  0.000000000000000E+000  0.000000000000000E+000
  0.000000000000000E+000  0.000000000000000E+000  0.000000000000000E+000
  0.000000000000000E+000  0.000000000000000E+000  0.000000000000000E+000
  0.000000000000000E+000  0.000000000000000E+000  0.000000000000000E+000
  0.000000000000000E+000  0.000000000000000E+000  0.000000000000000E+000
  0.000000000000000E+000  0.000000000000000E+000  0.000000000000000E+000
  0.000000000000000E+000  0.000000000000000E+000  0.000000000000000E+000
  0.000000000000000E+000  0.000000000000000E+000  0.000000000000000E+000
  0.000000000000000E+000  0.000000000000000E+000  0.000000000000000E+000
  0.000000000000000E+000  0.000000000000000E+000  0.000000000000000E+000
  0.000000000000000E+000  0.000000000000000E+000  0.000000000000000E+000
  0.000000000000000E+000  0.000000000000000E+000  0.000000000000000E+000
  0.000000000000000E+000  0.000000000000000E+000  0.000000000000000E+000
  0.000000000000000E+000  0.000000000000000E+000  0.000000000000000E+000
  0.000000000000000E+000  0.000000000000000E+000  0.000000000000000E+000
  0.000000000000000E+000  0.000000000000000E+000  0.000000000000000E+000
  0.000000000000000E+000  0.000000000000000E+000  0.000000000000000E+000
  0.000000000000000E+000  0.000000000000000E+000  0.000000000000000E+000
  0.000000000000000E+000  0.000000000000000E+000  0.000000000000000E+000
  0.000000000000000E+000  0.000000000000000E+000  0.000000000000000E+000
  0.000000000000000E+000  0.000000000000000E+000  0.000000000000000E+000
  0.000000000000000E+000  0.000000000000000E+000  0.000000000000000E+000
  0.000000000000000E+000  0.000000000000000E+000  0.000000000000000E+000
  0.000000000000000E+000  0.000000000000000E+000  0.000000000000000E+000
  0.000000000000000E+000  0.000000000000000E+000  0.000000000000000E+000
  0.000000000000000E+000  0.000000000000000E+000  0.000000000000000E+000
  0.000000000000000E+000  0.000000000000000E+000  0.000000000000000E+000
  0.000000000000000E+000  0.000000000000000E+000  0.000000000000000E+000
  0.000000000000000E+000  0.000000000000000E+000  0.000000000000000E+000
  0.000000000000000E+000  0.000000000000000E+000  0.000000000000000E+000
  0.000000000000000E+000  0.000000000000000E+000  0.000000000000000E+000
  0.000000000000000E+000  0.000000000000000E+000  0.000000000000000E+000
  0.000000000000000E+000  0.000000000000000E+000  0.000000000000000E+000
  0.000000000000000E+000  0.000000000000000E+000  0.000000000000000E+000
  0.000000000000000E+000  0.000000000000000E+000  0.000000000000000E+000
  0.000000000000000E+000  0.000000000000000E+000  0.000000000000000E+000
  0.000000000000000E+000  0.000000000000000E+000  0.000000000000000E+000
  0.000000000000000E+000  0.000000000000000E+000  0.000000000000000E+000
  0.000000000000000E+000  0.000000000000000E+000  0.000000000000000E+000
  0.000000000000000E+000  0.000000000000000E+000  0.000000000000000E+000
  0.000000000000000E+000  0.000000000000000E+000  0.000000000000000E+000
  0.000000000000000E+000  0.000000000000000E+000  0.000000000000000E+000
  0.000000000000000E+000  0.000000000000000E+000  0.000000000000000E+000
  0.000000000000000E+000  0.000000000000000E+000  0.000000000000000E+000
  0.000000000000000E+000  0.000000000000000E+000  0.000000000000000E+000
  0.000000000000000E+000  0.000000000000000E+000  0.000000000000000E+000
  0.000000000000000E+000  0.000000000000000E+000  0.000000000000000E+000
  0.000000000000000E+000  0.000000000000000E+000  0.000000000000000E+000
  0.000000000000000E+000  0.000000000000000E+000  0.000000000000000E+000
  0.000000000000000E+000  0.000000000000000E+000  0.000000000000000E+000
  0.000000000000000E+000  0.000000000000000E+000  0.000000000000000E+000
  0.000000000000000E+000  0.000000000000000E+000  0.000000000000000E+000
  0.000000000000000E+000  0.997927879493167       6.562007131618852E-006
  1.629111934329015E-005 -2.648909095813417E-006 -2.932330896896229E-005
  6.562007131618852E-006  0.995934714172062      -2.318917935527208E-005
 -3.764821723800005E-005  1.406658925671680E-005  1.629111934329015E-005
 -2.318917935527208E-005  0.995960877560607      -2.821704641648823E-005
  2.318917935615663E-005 -2.648909095813417E-006 -3.764821723800005E-005
 -2.821704641648823E-005  0.997930938189925       2.450697349392359E-005
 -2.932330896896229E-005  1.406658925671680E-005  2.318917935615663E-005
  2.450697349392359E-005  0.995934714172058       0.997920667227407     
  4.100404047136593E-005  1.609940544541130E-005  8.259218371435680E-006
 -5.252145270975278E-005  4.100404047136593E-005  0.995812861511057     
 -3.426245192675566E-005 -8.432024352503107E-005  1.413290163289050E-004
  1.609940544541130E-005 -3.426245192675566E-005  0.995962407158368     
 -2.788498820484500E-005  3.426245192764019E-005  8.259218371435680E-006
 -8.432024352503107E-005 -2.788498820484500E-005  0.997911130303505     
  7.767066246765032E-005 -5.252145270975278E-005  1.413290163289050E-004
  3.426245192764019E-005  7.767066246765032E-005  0.995812861511053     
  0.997928312106168      -6.288284298098673E-006 -2.669143697742971E-005
 -2.004867773997687E-005 -6.997753355253501E-005 -6.288284298098673E-006
  0.995955917773928      -9.376260114374314E-005 -7.717255303592993E-005
 -5.286438665519018E-006 -2.669143697742971E-005 -9.376260114374314E-005
  0.995955593664959       4.623092497018941E-005  9.376260114462734E-005
 -2.004867773997687E-005 -7.717255303592993E-005  4.623092497018941E-005
  0.997951462325147       3.314046256871961E-005 -6.997753355253501E-005
 -5.286438665519018E-006  9.376260114462734E-005  3.314046256871961E-005
  0.995955917773923       0.997924931588613      -1.973867428286425E-005
 -2.865522173527661E-005 -1.704277718721918E-005 -6.539053417190003E-005
 -1.973867428286425E-005  0.995881096047421      -9.438557394237793E-005
 -6.411035610315546E-005  6.227099409316821E-005 -2.865522173527661E-005
 -9.438557394237793E-005  0.995954228518734       4.963229994590958E-005
  9.438557394326215E-005 -1.704277718721918E-005 -6.411035610315546E-005
  4.963229994590958E-005  0.997944610892605       1.496098468471757E-005
 -6.539053417190003E-005  6.227099409316821E-005  9.438557394326215E-005
  1.496098468471757E-005  0.995881096047417       0.997943786197572     
  4.306759438495229E-006 -4.358537823925454E-007  9.230622815673033E-006
  1.308909846437584E-005  4.306759438495229E-006  0.995927536884291     
  3.857322433770864E-006 -4.600075635178428E-005 -4.134403942558381E-005
 -4.358537823925454E-007  3.857322433770864E-006  0.995994485303246     
  1.403576524503527E-005  2.217914398429018E-005  9.230622815673033E-006
 -4.600075635178428E-005  1.403576524503527E-005  0.997925205810209     
 -2.079944137579379E-005  1.308909846437584E-005 -4.134403942558381E-005
  2.217914398429018E-005 -2.079944137579379E-005  0.995912660868038     
  0.997935616623408       3.441785177004804E-005 -1.825110719055642E-006
  1.922185591588671E-005  3.267478488038283E-005  3.441785177004804E-005
  0.995827574693207       1.593545958580781E-005 -7.827102868065739E-005
 -1.424913654336380E-004 -1.825110719055642E-006  1.593545958580781E-005
  0.995994748538769       1.606077757118318E-005  3.480379961710813E-005
  1.922185591588671E-005 -7.827102868065739E-005  1.606077757118318E-005
  0.997909678745549      -6.149976647901363E-005  3.267478488038283E-005
 -1.424913654336380E-004  3.480379961710813E-005 -6.149976647901363E-005
  0.995804733877916       0.997937844860902      -1.146829538328441E-005
 -1.193740237406731E-005  1.266085514180224E-005 -3.768444387416442E-005
 -1.146829538328441E-005  0.995912660868042      -2.217914398340564E-005
  2.173521246978553E-005 -4.134403942558394E-005 -1.193740237406731E-005
 -2.217914398340564E-005  0.995994485303246       7.395343069534323E-006
 -3.857322432886283E-006  1.266085514180224E-005  2.173521246978553E-005
  7.395343069534323E-006  0.997931147146879       2.673014125674452E-005
 -3.768444387416442E-005 -4.134403942558394E-005 -3.857322432886283E-006
  2.673014125674452E-005  0.995927536884286       0.997932809830546     
 -3.692296765695482E-005 -1.299648602315648E-005  2.084235853051776E-005
 -5.057577333223410E-005 -3.692296765695482E-005  0.995804733877921     
 -3.480379961622366E-005  5.904707700821329E-005 -1.424913654336383E-004
 -1.299648602315648E-005 -3.480379961622366E-005  0.995994748538769     
  9.610981032142288E-006 -1.593545958492331E-005  2.084235853051776E-005
  5.904707700821329E-005  9.610981032142288E-006  0.997912485538411     
  6.894224831600454E-005 -5.057577333223410E-005 -1.424913654336383E-004
 -1.593545958492331E-005  6.894224831600454E-005  0.995827574693203     
  0.000000000000000E+000  0.000000000000000E+000  0.000000000000000E+000
  0.000000000000000E+000  0.000000000000000E+000  0.000000000000000E+000
  0.000000000000000E+000  0.000000000000000E+000  0.000000000000000E+000
  0.000000000000000E+000  0.000000000000000E+000  0.000000000000000E+000
  0.000000000000000E+000  0.000000000000000E+000  0.000000000000000E+000
  0.000000000000000E+000  0.000000000000000E+000  0.000000000000000E+000
  0.000000000000000E+000  0.000000000000000E+000  0.000000000000000E+000
  0.000000000000000E+000  0.000000000000000E+000  0.000000000000000E+000
  0.000000000000000E+000  0.000000000000000E+000  0.000000000000000E+000
  0.000000000000000E+000  0.000000000000000E+000  0.000000000000000E+000
  0.000000000000000E+000  0.000000000000000E+000  0.000000000000000E+000
  0.000000000000000E+000  0.000000000000000E+000  0.000000000000000E+000
  0.000000000000000E+000  0.000000000000000E+000  0.000000000000000E+000
  0.000000000000000E+000  0.000000000000000E+000  0.000000000000000E+000
  0.000000000000000E+000  0.000000000000000E+000  0.000000000000000E+000
  0.000000000000000E+000  0.000000000000000E+000  0.000000000000000E+000
  0.000000000000000E+000  0.000000000000000E+000  0.000000000000000E+000
  0.000000000000000E+000  0.000000000000000E+000  0.000000000000000E+000
  0.000000000000000E+000  0.000000000000000E+000  0.000000000000000E+000
  0.000000000000000E+000  0.000000000000000E+000  0.000000000000000E+000
  0.000000000000000E+000  0.000000000000000E+000  0.000000000000000E+000
  0.000000000000000E+000  0.000000000000000E+000  0.000000000000000E+000
  0.000000000000000E+000  0.000000000000000E+000  0.000000000000000E+000
  0.000000000000000E+000  0.000000000000000E+000  0.000000000000000E+000
  0.000000000000000E+000  0.000000000000000E+000  0.000000000000000E+000
  0.000000000000000E+000  0.000000000000000E+000  0.000000000000000E+000
  0.000000000000000E+000  0.000000000000000E+000  0.000000000000000E+000
  0.000000000000000E+000  0.000000000000000E+000  0.000000000000000E+000
  0.000000000000000E+000  0.000000000000000E+000  0.000000000000000E+000
  0.000000000000000E+000  0.000000000000000E+000  0.000000000000000E+000
  0.000000000000000E+000  0.000000000000000E+000  0.000000000000000E+000
  0.000000000000000E+000  0.000000000000000E+000  0.000000000000000E+000
  0.000000000000000E+000  0.000000000000000E+000  0.000000000000000E+000
  0.000000000000000E+000  0.000000000000000E+000  0.000000000000000E+000
  0.000000000000000E+000  0.000000000000000E+000  0.000000000000000E+000
  0.000000000000000E+000  0.000000000000000E+000  0.000000000000000E+000
  0.000000000000000E+000  0.000000000000000E+000  0.000000000000000E+000
  0.000000000000000E+000  0.000000000000000E+000  0.000000000000000E+000
  0.000000000000000E+000  0.000000000000000E+000  0.000000000000000E+000
  0.000000000000000E+000  0.000000000000000E+000  0.000000000000000E+000
  0.000000000000000E+000  0.000000000000000E+000  0.000000000000000E+000
  0.000000000000000E+000  0.000000000000000E+000  0.000000000000000E+000
  0.000000000000000E+000  0.000000000000000E+000  0.000000000000000E+000
  0.000000000000000E+000  0.000000000000000E+000  0.000000000000000E+000
  0.000000000000000E+000  0.000000000000000E+000  0.000000000000000E+000
  0.000000000000000E+000  0.000000000000000E+000  0.000000000000000E+000
  0.000000000000000E+000  0.000000000000000E+000  0.000000000000000E+000
  0.000000000000000E+000  0.000000000000000E+000  0.000000000000000E+000
  0.000000000000000E+000  0.000000000000000E+000  0.000000000000000E+000
  0.000000000000000E+000  0.000000000000000E+000  0.000000000000000E+000
  0.000000000000000E+000  0.000000000000000E+000  0.000000000000000E+000
  0.000000000000000E+000  0.000000000000000E+000  0.000000000000000E+000
  0.000000000000000E+000  0.000000000000000E+000  0.000000000000000E+000
  0.000000000000000E+000  0.000000000000000E+000  0.000000000000000E+000
  0.000000000000000E+000  0.000000000000000E+000  0.000000000000000E+000
  0.000000000000000E+000  0.000000000000000E+000  0.000000000000000E+000
  0.000000000000000E+000  0.000000000000000E+000  0.000000000000000E+000
  0.000000000000000E+000  0.000000000000000E+000  0.000000000000000E+000
  0.000000000000000E+000  0.000000000000000E+000  0.000000000000000E+000
  0.000000000000000E+000  0.000000000000000E+000  0.000000000000000E+000
  0.000000000000000E+000  0.000000000000000E+000  0.000000000000000E+000
  0.000000000000000E+000  0.000000000000000E+000  0.000000000000000E+000
  0.000000000000000E+000  0.000000000000000E+000  0.000000000000000E+000
  0.000000000000000E+000  0.000000000000000E+000  0.000000000000000E+000
  0.000000000000000E+000  0.000000000000000E+000  0.000000000000000E+000
  0.000000000000000E+000  0.000000000000000E+000  0.000000000000000E+000
  0.000000000000000E+000  0.000000000000000E+000  0.997936297538980     
 -1.868263612987702E-005 -4.706755455929100E-006  2.298590740376638E-005
 -1.128840189787541E-005 -1.868263612987702E-005  0.995987736176914     
  1.654076455483391E-005 -3.235927498763080E-005 -1.654076455463116E-005
 -4.706755455929100E-006  1.654076455483391E-005  0.995959822995641     
  1.031727722529827E-005  3.208887591747783E-005  2.298590740376638E-005
 -3.235927498763080E-005  1.031727722529827E-005  0.997962839378632     
 -1.082468824476114E-006 -1.128840189787541E-005 -1.654076455463116E-005
  3.208887591747783E-005 -1.082468824476114E-006  0.995959822995641     
  0.997932232873640      -2.650834905812421E-005  1.062396427267272E-006
  1.212604695727260E-005 -1.388653205278357E-005 -2.650834905812421E-005
  0.995974758305220       2.354171236277377E-005 -4.591380738480357E-005
 -2.354171236257101E-005  1.062396427267272E-006  2.354171236277377E-005
  0.995954639656517       1.664816090670933E-005  3.799738755204583E-005
  1.212604695727260E-005 -4.591380738480357E-005  1.664816090670933E-005
  0.997946234826588      -9.244142754320512E-006 -1.388653205278357E-005
 -2.354171236257101E-005  3.799738755204583E-005 -9.244142754320512E-006
  0.995954639656517       0.997907656836716       2.314402294028461E-005
  4.943879283972976E-005 -3.005847057652158E-005  1.098630179239947E-004
  2.314402294028461E-005  0.995981959390367       1.174708248041619E-004
 -8.099982083224557E-005 -1.242088641312878E-006  4.943879283972976E-005
  1.174708248041619E-004  0.995937040629395      -8.019039015248785E-005
  9.520640301014007E-005 -3.005847057652158E-005 -8.099982083224557E-005
 -8.019039015248785E-005  0.997952611879560      -5.343850161174087E-005
  1.098630179239947E-004 -1.242088641312878E-006  9.520640301014007E-005
 -5.343850161174087E-005  0.995984746584893       0.997899187374053     
  3.370068652557434E-005  5.365265355743442E-005 -3.957037361577283E-005
  1.147531139079809E-004  3.370068652557434E-005  0.995965179703220     
  1.117798919188003E-004 -6.888138290825883E-005 -8.192971867947326E-006
  5.365265355743442E-005  1.117798919188003E-004  0.995933035666995     
 -7.564954401695351E-005  9.190171597222057E-005 -3.957037361577283E-005
 -6.888138290825883E-005 -7.564954401695351E-005  0.997942361302559     
 -4.707849646952634E-005  1.147531139079809E-004 -8.192971867947326E-006
  9.190171597222057E-005 -4.707849646952634E-005  0.995980329275012     
  0.997921184670896      -1.423836621681129E-005  2.003361499467939E-005
  6.738039252919548E-006  2.620961560296385E-005 -1.423836621681129E-005
  0.995976132517135       4.205505744566420E-006 -2.466157369565152E-005
 -4.205505744363660E-006  2.003361499467939E-005  4.205505744566420E-006
  0.995964889300537      -1.869784423156562E-005  3.353941623808369E-005
  6.738039252919548E-006 -2.466157369565152E-005 -1.869784423156562E-005
  0.997928965088446      -8.000697405308827E-006  2.620961560296385E-005
 -4.205505744363660E-006  3.353941623808369E-005 -8.000697405308827E-006
  0.995964889300536       0.997916418090287      -2.620778791996045E-005
  1.208597554030083E-005 -6.376780504774303E-006  2.998175421848318E-005
 -2.620778791996045E-005  0.995952937569562      -6.964919043313594E-006
 -4.539322022272380E-005  6.964919043516409E-006  1.208597554030083E-005
 -6.964919043313594E-006  0.995957723740558      -2.764210650015465E-005
  4.130414279744327E-005 -6.376780504774303E-006 -4.539322022272380E-005
 -2.764210650015465E-005  0.997909054818403       3.354291396597135E-006
  2.998175421848318E-005  6.964919043516409E-006  4.130414279744327E-005
  3.354291396597135E-006  0.995957723740558       0.997967404517969     
 -8.171991402033621E-005  1.012106088901487E-004  4.436869278437366E-006
  9.416631143638911E-005 -8.171991402033621E-005  0.995981959390367     
  1.242088641515536E-006 -2.045659859974705E-005 -1.174708248039591E-004
  1.012106088901487E-004  1.242088641515536E-006  0.995984746584893     
 -6.842491365136258E-005  9.520640301014000E-005  4.436869278437366E-006
 -2.045659859974705E-005 -6.842491365136258E-005  0.997892864198307     
 -2.720055461460787E-006  9.416631143638911E-005 -1.174708248039591E-004
  9.520640301014000E-005 -2.720055461460787E-006  0.995937040629394     
  0.997965836769223      -7.650337071662364E-005  9.814773086078431E-005
 -1.090327372860279E-006  9.234075368719227E-005 -7.650337071662364E-005
  0.995965179703220       8.192971868149978E-006 -5.255040793686779E-006
 -1.117798919185976E-004  9.814773086078431E-005  8.192971868149978E-006
  0.995980329275013      -7.583986357154616E-005  9.190171597222053E-005
 -1.090327372860279E-006 -5.255040793686779E-006 -7.583986357154616E-005
  0.997875711907388      -8.639788958769402E-006  9.234075368719227E-005
 -1.117798919185976E-004  9.190171597222053E-005 -8.639788958769402E-006
  0.995933035666995       0.000000000000000E+000  0.000000000000000E+000
  0.000000000000000E+000  0.000000000000000E+000  0.000000000000000E+000
  0.000000000000000E+000  0.000000000000000E+000  0.000000000000000E+000
  0.000000000000000E+000  0.000000000000000E+000  0.000000000000000E+000
  0.000000000000000E+000  0.000000000000000E+000  0.000000000000000E+000
  0.000000000000000E+000  0.000000000000000E+000  0.000000000000000E+000
  0.000000000000000E+000  0.000000000000000E+000  0.000000000000000E+000
  0.000000000000000E+000  0.000000000000000E+000  0.000000000000000E+000
  0.000000000000000E+000  0.000000000000000E+000  0.000000000000000E+000
  0.000000000000000E+000  0.000000000000000E+000  0.000000000000000E+000
  0.000000000000000E+000  0.000000000000000E+000  0.000000000000000E+000
  0.000000000000000E+000  0.000000000000000E+000  0.000000000000000E+000
  0.000000000000000E+000  0.000000000000000E+000  0.000000000000000E+000
  0.000000000000000E+000  0.000000000000000E+000  0.000000000000000E+000
  0.000000000000000E+000  0.000000000000000E+000  0.000000000000000E+000
  0.000000000000000E+000  0.000000000000000E+000  0.000000000000000E+000
  0.000000000000000E+000  0.000000000000000E+000  0.000000000000000E+000
  0.000000000000000E+000  0.000000000000000E+000  0.000000000000000E+000
  0.000000000000000E+000  0.000000000000000E+000  0.000000000000000E+000
  0.000000000000000E+000  0.000000000000000E+000  0.000000000000000E+000
  0.000000000000000E+000  0.000000000000000E+000  0.000000000000000E+000
  0.000000000000000E+000  0.000000000000000E+000  0.000000000000000E+000
  0.000000000000000E+000  0.000000000000000E+000  0.000000000000000E+000
  0.000000000000000E+000  0.000000000000000E+000  0.000000000000000E+000
  0.000000000000000E+000  0.000000000000000E+000  0.000000000000000E+000
  0.000000000000000E+000  0.000000000000000E+000  0.000000000000000E+000
  0.000000000000000E+000  0.000000000000000E+000  0.000000000000000E+000
  0.000000000000000E+000  0.000000000000000E+000  0.000000000000000E+000
  0.000000000000000E+000  0.000000000000000E+000  0.000000000000000E+000
  0.000000000000000E+000  0.000000000000000E+000  0.000000000000000E+000
  0.000000000000000E+000  0.000000000000000E+000  0.000000000000000E+000
  0.000000000000000E+000  0.000000000000000E+000  0.000000000000000E+000
  0.000000000000000E+000  0.000000000000000E+000  0.000000000000000E+000
  0.000000000000000E+000  0.000000000000000E+000  0.000000000000000E+000
  0.000000000000000E+000  0.000000000000000E+000  0.000000000000000E+000
  0.000000000000000E+000  0.000000000000000E+000  0.000000000000000E+000
  0.000000000000000E+000  0.000000000000000E+000  0.000000000000000E+000
  0.000000000000000E+000  0.000000000000000E+000  0.000000000000000E+000
  0.000000000000000E+000  0.000000000000000E+000  0.000000000000000E+000
  0.000000000000000E+000  0.000000000000000E+000  0.000000000000000E+000
  0.000000000000000E+000  0.000000000000000E+000  0.000000000000000E+000
  0.000000000000000E+000  0.000000000000000E+000  0.000000000000000E+000
  0.000000000000000E+000  0.000000000000000E+000  0.000000000000000E+000
  0.000000000000000E+000  0.000000000000000E+000  0.000000000000000E+000
  0.000000000000000E+000  0.000000000000000E+000  0.000000000000000E+000
  0.000000000000000E+000  0.000000000000000E+000  0.000000000000000E+000
  0.000000000000000E+000  0.000000000000000E+000  0.000000000000000E+000
  0.000000000000000E+000  0.000000000000000E+000  0.000000000000000E+000
  0.000000000000000E+000  0.000000000000000E+000  0.000000000000000E+000
  0.000000000000000E+000  0.000000000000000E+000  0.000000000000000E+000
  0.000000000000000E+000  0.000000000000000E+000  0.000000000000000E+000
  0.000000000000000E+000  0.000000000000000E+000  0.000000000000000E+000
  0.000000000000000E+000  0.000000000000000E+000  0.000000000000000E+000
  0.000000000000000E+000  0.000000000000000E+000  0.000000000000000E+000
  0.000000000000000E+000  0.000000000000000E+000  0.000000000000000E+000
  0.000000000000000E+000  0.000000000000000E+000  0.000000000000000E+000
  0.000000000000000E+000  0.000000000000000E+000  0.000000000000000E+000
  0.000000000000000E+000  0.000000000000000E+000  0.000000000000000E+000
  0.000000000000000E+000  0.000000000000000E+000  0.000000000000000E+000
  0.000000000000000E+000  0.000000000000000E+000  0.000000000000000E+000
  0.000000000000000E+000  0.000000000000000E+000  0.000000000000000E+000
  0.000000000000000E+000  0.000000000000000E+000  0.000000000000000E+000
  0.000000000000000E+000  0.000000000000000E+000  0.000000000000000E+000
  0.000000000000000E+000  0.000000000000000E+000  0.000000000000000E+000
  0.000000000000000E+000  0.000000000000000E+000  0.000000000000000E+000
  0.000000000000000E+000  0.000000000000000E+000  0.000000000000000E+000
  0.000000000000000E+000  0.000000000000000E+000  0.000000000000000E+000
  0.997976110298461      -6.581646449248389E-006 -6.581646448538673E-006
  4.163342671169085E-016 -3.736527225174154E-005 -6.581646449248389E-006
  0.995959822995645      -3.208887591659328E-005 -9.234808400347253E-006
 -1.654076455463126E-005 -6.581646448538673E-006 -3.208887591659328E-005
  0.995959822995641       9.234808406013948E-006 -1.654076455394931E-005
  4.163342671169085E-016 -9.234808400347253E-006  9.234808406013948E-006
  0.997923026619151      -5.191922073698184E-015 -3.736527225174154E-005
 -1.654076455463126E-005 -1.654076455394931E-005 -5.191922073698184E-015
  0.995987736176909       0.997953235803064      -1.494892848735291E-005
 -1.494892848664319E-005  4.510165043467615E-016 -5.301669810823595E-005
 -1.494892848735291E-005  0.995954639656521      -3.799738755116128E-005
 -7.404018151913909E-006 -2.354171236257113E-005 -1.494892848664319E-005
 -3.799738755116128E-005  0.995954639656517       7.404018157580592E-006
 -2.354171236188917E-005  4.510165043467615E-016 -7.404018151913909E-006
  7.404018157580592E-006  0.997925231897163      -5.191911208851786E-015
 -5.301669810823595E-005 -2.354171236257113E-005 -2.354171236188917E-005
 -5.191911208851786E-015  0.995974758305215       0.997915341719733     
  8.652409026544525E-006  4.472751859006682E-005 -3.449533985450123E-005
 -5.857589107203854E-005  8.652409026544525E-006  0.995984746584897     
 -9.520640300925541E-005  1.218634152635782E-004 -1.242088641313240E-006
  4.472751859006682E-005 -9.520640300925541E-005  0.995937040629395     
 -8.291044560875681E-005 -1.174708248032771E-004 -3.449533985450123E-005
  1.218634152635782E-004 -8.291044560875681E-005  0.997944926996544     
  6.054322222730627E-005 -5.857589107203854E-005 -1.242088641313240E-006
 -1.174708248032771E-004  6.054322222730627E-005  0.995981959390363     
  0.997897298871645       1.660538303989503E-005  3.868810012316543E-005
 -3.848004624250342E-005 -4.280268418303641E-005  1.660538303989503E-005
  0.995980329275016      -9.190171597133592E-005  1.229183600415473E-004
 -8.192971867947654E-006  3.868810012316543E-005 -9.190171597133592E-005
  0.995933035666996      -8.428933297053120E-005 -1.117798919179155E-004
 -3.848004624250342E-005  1.229183600415473E-004 -8.428933297053120E-005
  0.997944249804967       6.362634210937989E-005 -4.280268418303641E-005
 -8.192971867947654E-006 -1.117798919179155E-004  6.362634210937989E-005
  0.995965179703216       0.997915341719732       4.472751858935732E-005
  8.652409027254074E-006  3.449533985538932E-005 -5.857589107203850E-005
  4.472751858935732E-005  0.995937040629398      -9.520640300925555E-005
  8.291044561442385E-005 -1.174708248039594E-004  8.652409027254074E-006
 -9.520640300925555E-005  0.995984746584893      -1.218634152579120E-004
 -1.242088640630903E-006  3.449533985538932E-005  8.291044561442385E-005
 -1.218634152579120E-004  0.997944926996544      -6.054322223769031E-005
 -5.857589107203850E-005 -1.174708248039594E-004 -1.242088640630903E-006
 -6.054322223769031E-005  0.995981959390363       0.997897298871645     
  3.868810012245590E-005  1.660538304060461E-005  3.848004624339844E-005
 -4.280268418303647E-005  3.868810012245590E-005  0.995933035666999     
 -9.190171597133606E-005  8.428933297619819E-005 -1.117798919185978E-004
  1.660538304060461E-005 -9.190171597133606E-005  0.995980329275013     
 -1.229183600358810E-004 -8.192971867265337E-006  3.848004624339844E-005
  8.428933297619819E-005 -1.229183600358810E-004  0.997944249804966     
 -6.362634211976376E-005 -4.280268418303647E-005 -1.117798919185978E-004
 -8.192971867265337E-006 -6.362634211976376E-005  0.995965179703216     
  0.997932855297225       6.176000600982519E-006  6.176000601692195E-006
  4.093811016364744E-016 -2.847673242561035E-005  6.176000600982519E-006
  0.995964889300541      -3.353941623719915E-005  2.669854163734940E-005
 -4.205505744363761E-006  6.176000601692195E-006 -3.353941623719915E-005
  0.995964889300537      -2.669854163168278E-005 -4.205505743681806E-006
  4.093811016364744E-016  2.669854163734940E-005 -2.669854163168278E-005
  0.997917294462118      -5.191748344240238E-015 -2.847673242561035E-005
 -4.205505744363761E-006 -4.205505743681806E-006 -5.191748344240238E-015
  0.995976132517131       0.997905373182464       1.789577867088065E-005
  1.789577867159024E-005  4.232755620998512E-016 -5.241557583190891E-005
  1.789577867088065E-005  0.995957723740562      -4.130414279655874E-005
  2.428781510403243E-005  6.964919043516313E-006  1.789577867159024E-005
 -4.130414279655874E-005  0.995957723740558      -2.428781509836599E-005
  6.964919044198177E-006  4.232755620998512E-016  2.428781510403243E-005
 -2.428781509836599E-005  0.997920099726227      -5.191602651490059E-015
 -5.241557583190891E-005  6.964919043516313E-006  6.964919044198177E-006
 -5.191602651490059E-015  0.995952937569558       0.000000000000000E+000
  0.000000000000000E+000  0.000000000000000E+000  0.000000000000000E+000
  0.000000000000000E+000  0.000000000000000E+000  0.000000000000000E+000
  0.000000000000000E+000  0.000000000000000E+000  0.000000000000000E+000
  0.000000000000000E+000  0.000000000000000E+000  0.000000000000000E+000
  0.000000000000000E+000  0.000000000000000E+000  0.000000000000000E+000
  0.000000000000000E+000  0.000000000000000E+000  0.000000000000000E+000
  0.000000000000000E+000  0.000000000000000E+000  0.000000000000000E+000
  0.000000000000000E+000  0.000000000000000E+000  0.000000000000000E+000
  0.000000000000000E+000  0.000000000000000E+000  0.000000000000000E+000
  0.000000000000000E+000  0.000000000000000E+000  0.000000000000000E+000
  0.000000000000000E+000  0.000000000000000E+000  0.000000000000000E+000
  0.000000000000000E+000  0.000000000000000E+000  0.000000000000000E+000
  0.000000000000000E+000  0.000000000000000E+000  0.000000000000000E+000
  0.000000000000000E+000  0.000000000000000E+000  0.000000000000000E+000
  0.000000000000000E+000  0.000000000000000E+000  0.000000000000000E+000
  0.000000000000000E+000  0.000000000000000E+000  0.000000000000000E+000
  0.000000000000000E+000  0.000000000000000E+000  0.000000000000000E+000
  0.000000000000000E+000  0.000000000000000E+000  0.000000000000000E+000
  0.000000000000000E+000  0.000000000000000E+000  0.000000000000000E+000
  0.000000000000000E+000  0.000000000000000E+000  0.000000000000000E+000
  0.000000000000000E+000  0.000000000000000E+000  0.000000000000000E+000
  0.000000000000000E+000  0.000000000000000E+000  0.000000000000000E+000
  0.000000000000000E+000  0.000000000000000E+000  0.000000000000000E+000
  0.000000000000000E+000  0.000000000000000E+000  0.000000000000000E+000
  0.000000000000000E+000  0.000000000000000E+000  0.000000000000000E+000
  0.000000000000000E+000  0.000000000000000E+000  0.000000000000000E+000
  0.000000000000000E+000  0.000000000000000E+000  0.000000000000000E+000
  0.000000000000000E+000  0.000000000000000E+000  0.000000000000000E+000
  0.000000000000000E+000  0.000000000000000E+000  0.000000000000000E+000
  0.000000000000000E+000  0.000000000000000E+000  0.000000000000000E+000
  0.000000000000000E+000  0.000000000000000E+000  0.000000000000000E+000
  0.000000000000000E+000  0.000000000000000E+000  0.000000000000000E+000
  0.000000000000000E+000  0.000000000000000E+000  0.000000000000000E+000
  0.000000000000000E+000  0.000000000000000E+000  0.000000000000000E+000
  0.000000000000000E+000  0.000000000000000E+000  0.000000000000000E+000
  0.000000000000000E+000  0.000000000000000E+000  0.000000000000000E+000
  0.000000000000000E+000  0.000000000000000E+000  0.000000000000000E+000
  0.000000000000000E+000  0.000000000000000E+000  0.000000000000000E+000
  0.000000000000000E+000  0.000000000000000E+000  0.000000000000000E+000
  0.000000000000000E+000  0.000000000000000E+000  0.000000000000000E+000
  0.000000000000000E+000  0.000000000000000E+000  0.000000000000000E+000
  0.000000000000000E+000  0.000000000000000E+000  0.000000000000000E+000
  0.000000000000000E+000  0.000000000000000E+000  0.000000000000000E+000
  0.000000000000000E+000  0.000000000000000E+000  0.000000000000000E+000
  0.000000000000000E+000  0.000000000000000E+000  0.000000000000000E+000
  0.000000000000000E+000  0.000000000000000E+000  0.000000000000000E+000
  0.000000000000000E+000  0.000000000000000E+000  0.000000000000000E+000
  0.000000000000000E+000  0.000000000000000E+000  0.000000000000000E+000
  0.000000000000000E+000  0.000000000000000E+000  0.000000000000000E+000
  0.000000000000000E+000  0.000000000000000E+000  0.000000000000000E+000
  0.000000000000000E+000  0.000000000000000E+000  0.000000000000000E+000
  0.000000000000000E+000  0.000000000000000E+000  0.000000000000000E+000
  0.000000000000000E+000  0.000000000000000E+000  0.000000000000000E+000
  0.000000000000000E+000  0.000000000000000E+000  0.000000000000000E+000
  0.000000000000000E+000  0.000000000000000E+000  0.000000000000000E+000
  0.000000000000000E+000  0.000000000000000E+000  0.000000000000000E+000
  0.000000000000000E+000  0.000000000000000E+000  0.000000000000000E+000
  0.000000000000000E+000  0.000000000000000E+000  0.000000000000000E+000
  0.000000000000000E+000  0.000000000000000E+000  0.000000000000000E+000
  0.000000000000000E+000  0.000000000000000E+000  0.000000000000000E+000
  0.000000000000000E+000  0.000000000000000E+000  0.000000000000000E+000
  0.000000000000000E+000  0.000000000000000E+000  0.000000000000000E+000
  0.000000000000000E+000  0.000000000000000E+000  0.000000000000000E+000
  0.000000000000000E+000  0.000000000000000E+000  0.000000000000000E+000
  0.000000000000000E+000  0.000000000000000E+000  0.000000000000000E+000
  0.000000000000000E+000  0.000000000000000E+000  0.000000000000000E+000
  0.000000000000000E+000  0.992360580549209       9.889603239390839E-005
  9.889603239460657E-005  4.440910761543608E-016  1.977920647957768E-004
  9.889603239390839E-005  0.985575236514057       2.460016957924947E-003
  1.712929527818066E-004 -2.460016957924752E-003  9.889603239460657E-005
  2.460016957924947E-003  0.985575236514053      -1.712929527761658E-004
 -2.460016957924065E-003  4.440910761543608E-016  1.712929527818066E-004
 -1.712929527761658E-004  0.992360580549207      -5.157667496137089E-015
  1.977920647957768E-004 -2.460016957924752E-003 -2.460016957924065E-003
 -5.157667496137089E-015  0.985575236514053       0.992580113184887     
 -1.260790136376198E-004 -1.260790136369206E-004  4.162637908252786E-016
 -2.521580272673549E-004 -1.260790136376198E-004  0.982396470278954     
 -1.588995860010725E-003 -2.183752573800256E-004  1.588995860010929E-003
 -1.260790136369206E-004 -1.588995860010725E-003  0.982396470278950     
  2.183752573855944E-004  1.588995860011592E-003  4.162637908252786E-016
 -2.183752573800256E-004  2.183752573855944E-004  0.992580113184885     
 -5.123777980276439E-015 -2.521580272673549E-004  1.588995860010929E-003
  1.588995860011592E-003 -5.123777980276439E-015  0.982396470278950     
  0.998328116180784       5.492896345014938E-006 -4.456382609777923E-005
 -8.360862689967031E-006  5.016447320471840E-005  5.492896345014938E-006
  0.996574927355027      -5.177905344755123E-004  5.475361903296091E-005
 -6.544796911259431E-004 -4.456382609777923E-005 -5.177905344755123E-004
  0.996642936541846       7.718681097927554E-005  5.177905344763952E-004
 -8.360862689967031E-006  5.475361903296091E-005  7.718681097927554E-005
  0.998337770473432      -2.261982174221593E-005  5.016447320471840E-005
 -6.544796911259431E-004  5.177905344763952E-004 -2.261982174221593E-005
  0.996574927355023       0.998419590477863       8.315813175178217E-005
 -1.036970487414956E-004 -6.173219913314916E-006  1.441557114808091E-004
  8.315813175178217E-005  0.996567175597823      -3.616995264953747E-004
  1.184453079045228E-004 -3.792991998965711E-004 -1.036970487414956E-004
 -3.616995264953747E-004  0.996741838589227       1.796085570134743E-004
  3.616995264962580E-004 -6.173219913314916E-006  1.184453079045228E-004
  1.796085570134743E-004  0.998426718698218       1.279440067516213E-005
  1.441557114808091E-004 -3.792991998965711E-004  3.616995264962580E-004
  1.279440067516213E-005  0.996567175597819       0.998328116180784     
 -4.456382609849033E-005  5.492896345725885E-006  8.360862690869058E-006
  5.016447320471713E-005 -4.456382609849033E-005  0.996642936541850     
 -5.177905344755099E-004 -7.718681097361215E-005  5.177905344757135E-004
  5.492896345725885E-006 -5.177905344755099E-004  0.996574927355023     
 -5.475361902728826E-005 -6.544796911252612E-004  8.360862690869058E-006
 -7.718681097361215E-005 -5.475361902728826E-005  0.998337770473432     
  2.261982173182588E-005  5.016447320471713E-005  5.177905344757135E-004
 -6.544796911252612E-004  2.261982173182588E-005  0.996574927355023     
  0.998419590477863      -1.036970487422069E-004  8.315813175249304E-005
  6.173219914182301E-006  1.441557114808081E-004 -1.036970487422069E-004
  0.996741838589231      -3.616995264953734E-004 -1.796085570078086E-004
  3.616995264955770E-004  8.315813175249304E-005 -3.616995264953734E-004
  0.996567175597819      -1.184453078988511E-004 -3.792991998958887E-004
  6.173219914182301E-006 -1.796085570078086E-004 -1.184453078988511E-004
  0.998426718698218      -1.279440068555176E-005  1.441557114808081E-004
  3.616995264955770E-004 -3.792991998958887E-004 -1.279440068555176E-005
  0.996567175597819       0.998342597619759       4.467157685168532E-005
  4.467157685239447E-005  4.579960221799112E-016 -8.912765218896946E-005
  4.467157685168532E-005  0.996574927355027       6.544796911261468E-004
  3.213379729593858E-005  5.177905344757138E-004  4.467157685239447E-005
  6.544796911261468E-004  0.996574927355023      -3.213379729026864E-005
  5.177905344763952E-004  4.579960221799112E-016  3.213379729593858E-005
 -3.213379729026864E-005  0.998323289034457      -5.191923057480403E-015
 -8.912765218896946E-005  5.177905344757138E-004  5.177905344763952E-004
 -5.191923057480403E-015  0.996642936541846       0.998430282808399     
  6.099757972100992E-005  6.099757972171895E-005  4.371284102417092E-016
 -2.073940974763995E-004  6.099757972100992E-005  0.996567175597823     
  3.792991998967741E-004  1.312397085848786E-004  3.616995264955767E-004
  6.099757972171895E-005  3.792991998967741E-004  0.996567175597819     
 -1.312397085792090E-004  3.616995264962590E-004  4.371284102417092E-016
  1.312397085848786E-004 -1.312397085792090E-004  0.998416026367682     
 -5.193161748468636E-015 -2.073940974763995E-004  3.616995264955767E-004
  3.616995264962590E-004 -5.193161748468636E-015  0.996741838589227     
  0.000000000000000E+000  0.000000000000000E+000  0.000000000000000E+000
  0.000000000000000E+000  0.000000000000000E+000  0.000000000000000E+000
  0.000000000000000E+000  0.000000000000000E+000  0.000000000000000E+000
  0.000000000000000E+000  0.000000000000000E+000  0.000000000000000E+000
  0.000000000000000E+000  0.000000000000000E+000  0.000000000000000E+000
  0.000000000000000E+000  0.000000000000000E+000  0.000000000000000E+000
  0.000000000000000E+000  0.000000000000000E+000  0.000000000000000E+000
  0.000000000000000E+000  0.000000000000000E+000  0.000000000000000E+000
  0.000000000000000E+000  0.000000000000000E+000  0.000000000000000E+000
  0.000000000000000E+000  0.000000000000000E+000  0.000000000000000E+000
  0.000000000000000E+000  0.000000000000000E+000  0.000000000000000E+000
  0.000000000000000E+000  0.000000000000000E+000  0.000000000000000E+000
  0.000000000000000E+000  0.000000000000000E+000  0.000000000000000E+000
  0.000000000000000E+000  0.000000000000000E+000  0.000000000000000E+000
  0.000000000000000E+000  0.000000000000000E+000  0.000000000000000E+000
  0.000000000000000E+000  0.000000000000000E+000  0.000000000000000E+000
  0.000000000000000E+000  0.000000000000000E+000  0.000000000000000E+000
  0.000000000000000E+000  0.000000000000000E+000  0.000000000000000E+000
  0.000000000000000E+000  0.000000000000000E+000  0.000000000000000E+000
  0.000000000000000E+000  0.000000000000000E+000  0.000000000000000E+000
  0.000000000000000E+000  0.000000000000000E+000  0.000000000000000E+000
  0.000000000000000E+000  0.000000000000000E+000  0.000000000000000E+000
  0.000000000000000E+000  0.000000000000000E+000  0.000000000000000E+000
  0.000000000000000E+000  0.000000000000000E+000  0.000000000000000E+000
  0.000000000000000E+000  0.000000000000000E+000  0.000000000000000E+000
  0.000000000000000E+000  0.000000000000000E+000  0.000000000000000E+000
  0.000000000000000E+000  0.000000000000000E+000  0.000000000000000E+000
  0.000000000000000E+000  0.000000000000000E+000  0.000000000000000E+000
  0.000000000000000E+000  0.000000000000000E+000  0.000000000000000E+000
  0.000000000000000E+000  0.000000000000000E+000  0.000000000000000E+000
  0.000000000000000E+000  0.000000000000000E+000  0.000000000000000E+000
  0.000000000000000E+000  0.000000000000000E+000  0.000000000000000E+000
  0.000000000000000E+000  0.000000000000000E+000  0.000000000000000E+000
  0.000000000000000E+000  0.000000000000000E+000  0.000000000000000E+000
  0.000000000000000E+000  0.000000000000000E+000  0.000000000000000E+000
  0.000000000000000E+000  0.000000000000000E+000  0.000000000000000E+000
  0.000000000000000E+000  0.000000000000000E+000  0.000000000000000E+000
  0.000000000000000E+000  0.000000000000000E+000  0.000000000000000E+000
  0.000000000000000E+000  0.000000000000000E+000  0.000000000000000E+000
  0.000000000000000E+000  0.000000000000000E+000  0.000000000000000E+000
  0.000000000000000E+000  0.000000000000000E+000  0.000000000000000E+000
  0.000000000000000E+000  0.000000000000000E+000  0.000000000000000E+000
  0.000000000000000E+000  0.000000000000000E+000  0.000000000000000E+000
  0.000000000000000E+000  0.000000000000000E+000  0.000000000000000E+000
  0.000000000000000E+000  0.000000000000000E+000  0.000000000000000E+000
  0.000000000000000E+000  0.000000000000000E+000  0.000000000000000E+000
  0.000000000000000E+000  0.000000000000000E+000  0.000000000000000E+000
  0.000000000000000E+000  0.000000000000000E+000  0.000000000000000E+000
  0.000000000000000E+000  0.000000000000000E+000  0.000000000000000E+000
  0.000000000000000E+000  0.000000000000000E+000  0.000000000000000E+000
