  0.997938555764670       4.531633507053426E-007  4.531633514150848E-007
  4.163338828028587E-016  9.063267094226958E-007  4.531633507053426E-007
  0.995965210352118       2.217690987062337E-006  7.849019561875369E-007
 -2.217690986859619E-006  4.531633514150848E-007  2.217690987062337E-006
  0.995965210352114      -7.849019505207287E-007 -2.217690986177721E-006
  4.163338828028587E-016  7.849019561875369E-007 -7.849019505207287E-007
  0.997938555764668      -5.191759633875520E-015  9.063267094226958E-007
 -2.217690986859619E-006 -2.217690986177721E-006 -5.191759633875520E-015
  0.995965210352114       0.997938553099126       4.539155029255419E-007
  4.539155036352840E-007  4.302116705749075E-016  9.078310138630944E-007
  4.539155029255419E-007  0.995965205426824       2.220205094958876E-006
  7.862047220479474E-007 -2.220205094756158E-006  4.539155036352840E-007
  2.220205094958876E-006  0.995965205426821      -7.862047163811396E-007
 -2.220205094074259E-006  4.302116705749075E-016  7.862047220479474E-007
 -7.862047163811396E-007  0.997938553099124      -5.191759642592235E-015
  9.078310138630944E-007 -2.220205094756158E-006 -2.220205094074259E-006
 -5.191759642592235E-015  0.995965205426820       0.997939890534425     
 -1.163551458794393E-005  3.991946107189842E-006  2.315740414635108E-006
 -1.411614504583589E-005 -1.163551458794393E-005  0.995959488094801     
 -1.727321751220725E-005 -9.582152805370781E-006 -2.293282710447039E-006
  3.991946107189842E-006 -1.727321751220725E-005  0.995973303721426     
 -6.914253480471212E-006  1.727321751309181E-005  2.315740414635108E-006
 -9.582152805370781E-006 -6.914253480471212E-006  0.997937216547720     
 -5.285574817451382E-006 -1.411614504583589E-005 -2.293282710447039E-006
  1.727321751309181E-005 -5.285574817451382E-006  0.995959488094797     
  0.997939892764853      -1.163507733272487E-005  3.995921893141885E-006
  2.316169731397803E-006 -1.411707365214382E-005 -1.163507733272487E-005
  0.995959493665381      -1.727233324237292E-005 -9.583477516992913E-006
 -2.293594156926385E-006  3.995921893141885E-006 -1.727233324237292E-005
  0.995973310828402      -6.921139743740167E-006  1.727233324325747E-005
  2.316169731397803E-006 -9.583477516992913E-006 -6.921139743740167E-006
  0.997937218282416      -5.284533787512673E-006 -1.411707365214382E-005
 -2.293594156926385E-006  1.727233324325747E-005 -5.284533787512673E-006
  0.995959493665377       0.997939890534425       3.991946106480091E-006
 -1.163551458723419E-005 -2.315740413726119E-006 -1.411614504583588E-005
  3.991946106480091E-006  0.995973303721430      -1.727321751220724E-005
  6.914253486137827E-006  1.727321751240999E-005 -1.163551458723419E-005
 -1.727321751220724E-005  0.995959488094797       9.582152811037427E-006
 -2.293282709765234E-006 -2.315740413726119E-006  6.914253486137827E-006
  9.582152811037427E-006  0.997937216547720       5.285574807068011E-006
 -1.411614504583588E-005  1.727321751240999E-005 -2.293282709765234E-006
  5.285574807068011E-006  0.995959488094797       0.997939892764853     
  3.995921892432132E-006 -1.163507733201513E-005 -2.316169730509632E-006
 -1.411707365214381E-005  3.995921892432132E-006  0.995973310828406     
 -1.727233324237291E-005  6.921139749406783E-006  1.727233324257565E-005
 -1.163507733201513E-005 -1.727233324237291E-005  0.995959493665377     
  9.583477522659559E-006 -2.293594156244579E-006 -2.316169730509632E-006
  6.921139749406783E-006  9.583477522659559E-006  0.997937218282416     
  5.284533777129304E-006 -1.411707365214381E-005  1.727233324257565E-005
 -2.293594156244579E-006  5.284533777129304E-006  0.995959493665377     
  0.997935879554370      -2.480630465903828E-006 -2.480630465194049E-006
  4.510359628469498E-016  7.983892220971995E-006 -2.480630465903828E-006
  0.995959488094801       2.293282710649815E-006 -1.486772761763049E-005
  1.727321751241000E-005 -2.480630465194049E-006  2.293282710649815E-006
  0.995959488094797       1.486772762329711E-005  1.727321751309180E-005
  4.510359628469498E-016 -1.486772761763049E-005  1.486772762329711E-005
  0.997941227527774      -5.191705088427605E-015  7.983892220971995E-006
  1.727321751241000E-005  1.727321751309180E-005 -5.191705088427605E-015
  0.995973303721426       0.997935881041200      -2.481996327430813E-006
 -2.481996326721033E-006  4.510359611033745E-016  7.991843792876081E-006
 -2.481996327430813E-006  0.995959493665381       2.293594157129160E-006
 -1.486801129931391E-005  1.727233324257566E-005 -2.481996326721033E-006
  2.293594157129160E-006  0.995959493665377       1.486801130498054E-005
  1.727233324325746E-005  4.510359611033745E-016 -1.486801129931391E-005
  1.486801130498054E-005  0.997941230006068      -5.191705036728809E-015
  7.991843792876081E-006  1.727233324257566E-005  1.727233324325746E-005
 -5.191705036728809E-015  0.995973310828402       0.000000000000000E+000
  0.000000000000000E+000  0.000000000000000E+000  0.000000000000000E+000
  0.000000000000000E+000  0.000000000000000E+000  0.000000000000000E+000
  0.000000000000000E+000  0.000000000000000E+000  0.000000000000000E+000
  0.000000000000000E+000  0.000000000000000E+000  0.000000000000000E+000
  0.000000000000000E+000  0.000000000000000E+000  0.000000000000000E+000
  0.000000000000000E+000  0.000000000000000E+000  0.000000000000000E+000
  0.000000000000000E+000  0.000000000000000E+000  0.000000000000000E+000
  0.000000000000000E+000  0.000000000000000E+000  0.000000000000000E+000
  0.000000000000000E+000  0.000000000000000E+000  0.000000000000000E+000
  0.000000000000000E+000  0.000000000000000E+000  0.000000000000000E+000
  0.000000000000000E+000  0.000000000000000E+000  0.000000000000000E+000
  0.000000000000000E+000  0.000000000000000E+000  0.000000000000000E+000
  0.000000000000000E+000  0.000000000000000E+000  0.000000000000000E+000
  0.000000000000000E+000  0.000000000000000E+000  0.000000000000000E+000
  0.000000000000000E+000  0.000000000000000E+000  0.000000000000000E+000
  0.000000000000000E+000  0.000000000000000E+000  0.000000000000000E+000
  0.000000000000000E+000  0.000000000000000E+000  0.000000000000000E+000
  0.000000000000000E+000  0.000000000000000E+000  0.000000000000000E+000
  0.000000000000000E+000  0.000000000000000E+000  0.000000000000000E+000
  0.000000000000000E+000  0.000000000000000E+000  0.000000000000000E+000
  0.000000000000000E+000  0.000000000000000E+000  0.000000000000000E+000
  0.000000000000000E+000  0.000000000000000E+000  0.000000000000000E+000
  0.000000000000000E+000  0.000000000000000E+000  0.000000000000000E+000
  0.000000000000000E+000  0.000000000000000E+000  0.000000000000000E+000
  0.000000000000000E+000  0.000000000000000E+000  0.000000000000000E+000
  0.000000000000000E+000  0.000000000000000E+000  0.000000000000000E+000
  0.000000000000000E+000  0.000000000000000E+000  0.000000000000000E+000
  0.000000000000000E+000  0.000000000000000E+000  0.000000000000000E+000
  0.000000000000000E+000  0.000000000000000E+000  0.000000000000000E+000
  0.000000000000000E+000  0.000000000000000E+000  0.000000000000000E+000
  0.000000000000000E+000  0.000000000000000E+000  0.000000000000000E+000
  0.000000000000000E+000  0.000000000000000E+000  0.000000000000000E+000
  0.000000000000000E+000  0.000000000000000E+000  0.000000000000000E+000
  0.000000000000000E+000  0.000000000000000E+000  0.000000000000000E+000
  0.000000000000000E+000  0.000000000000000E+000  0.000000000000000E+000
  0.000000000000000E+000  0.000000000000000E+000  0.000000000000000E+000
  0.000000000000000E+000  0.000000000000000E+000  0.000000000000000E+000
  0.000000000000000E+000  0.000000000000000E+000  0.000000000000000E+000
  0.000000000000000E+000  0.000000000000000E+000  0.000000000000000E+000
  0.000000000000000E+000  0.000000000000000E+000  0.000000000000000E+000
  0.000000000000000E+000  0.000000000000000E+000  0.000000000000000E+000
  0.000000000000000E+000  0.000000000000000E+000  0.000000000000000E+000
  0.000000000000000E+000  0.000000000000000E+000  0.000000000000000E+000
  0.000000000000000E+000  0.000000000000000E+000  0.000000000000000E+000
  0.000000000000000E+000  0.000000000000000E+000  0.000000000000000E+000
  0.000000000000000E+000  0.000000000000000E+000  0.000000000000000E+000
  0.000000000000000E+000  0.000000000000000E+000  0.000000000000000E+000
  0.000000000000000E+000  0.000000000000000E+000  0.000000000000000E+000
  0.000000000000000E+000  0.000000000000000E+000  0.000000000000000E+000
  0.000000000000000E+000  0.000000000000000E+000  0.000000000000000E+000
  0.000000000000000E+000  0.000000000000000E+000  0.000000000000000E+000
  0.000000000000000E+000  0.000000000000000E+000  0.000000000000000E+000
  0.000000000000000E+000  0.000000000000000E+000  0.000000000000000E+000
  0.000000000000000E+000  0.000000000000000E+000  0.000000000000000E+000
  0.000000000000000E+000  0.000000000000000E+000  0.000000000000000E+000
  0.000000000000000E+000  0.000000000000000E+000  0.000000000000000E+000
  0.000000000000000E+000  0.000000000000000E+000  0.000000000000000E+000
  0.000000000000000E+000  0.000000000000000E+000  0.000000000000000E+000
  0.000000000000000E+000  0.000000000000000E+000  0.000000000000000E+000
  0.000000000000000E+000  0.000000000000000E+000  0.000000000000000E+000
  0.000000000000000E+000  0.000000000000000E+000  0.000000000000000E+000
  0.000000000000000E+000  0.000000000000000E+000  0.000000000000000E+000
  0.000000000000000E+000  0.000000000000000E+000  0.000000000000000E+000
  0.000000000000000E+000  0.000000000000000E+000  0.000000000000000E+000
  0.000000000000000E+000  0.000000000000000E+000  0.000000000000000E+000
  0.000000000000000E+000  0.000000000000000E+000  0.000000000000000E+000
  0.000000000000000E+000  0.997934617137628      -1.383871109636094E-005
 -1.383871109565115E-005  4.302046872337284E-016 -9.432707331472672E-006
 -1.383871109636094E-005  0.995944768290583      -3.049642078237587E-005
  1.079209570899641E-006 -4.715594686903420E-006 -1.383871109565115E-005
 -3.049642078237587E-005  0.995944768290579      -1.079209565233069E-006
 -4.715594686221587E-006  4.302046872337284E-016  1.079209570899641E-006
 -1.079209565233069E-006  0.997912287401849      -5.191620809453240E-015
 -9.432707331472672E-006 -4.715594686903420E-006 -4.715594686221587E-006
 -5.191620809453240E-015  0.995933288511599       0.997934617725523     
 -1.383679543418622E-005 -1.383679543347643E-005  4.440824776404936E-016
 -9.433769172639964E-006 -1.383679543418622E-005  0.995944767850364     
 -3.049848665356226E-005  1.079625926721689E-006 -4.716330080124816E-006
 -1.383679543347643E-005 -3.049848665356226E-005  0.995944767850360     
 -1.079625921055116E-006 -4.716330079442983E-006  4.440824776404936E-016
  1.079625926721689E-006 -1.079625921055116E-006  0.997912289328295     
 -5.191620599232187E-015 -9.433769172639964E-006 -4.716330080124816E-006
 -4.716330079442983E-006 -5.191620599232187E-015  0.995933288761178     
  0.997927804143049       4.974155679626485E-006 -2.140124828658130E-005
  3.052415682040789E-006  2.298598256861812E-005  4.974155679626485E-006
  0.995929767507824       4.799245578763621E-005 -9.344359433923040E-006
 -3.392758154130207E-006 -2.140124828658130E-005  4.799245578763621E-005
  0.995939663699438       8.340324999945018E-006  1.698275932027498E-005
  3.052415682040789E-006 -9.344359433923040E-006  8.340324999945018E-006
  0.997932664269584       5.844952257163576E-006  2.298598256861812E-005
 -3.392758154130207E-006  1.698275932027498E-005  5.844952257163576E-006
  0.995965718766327       0.997927806815876       4.975224292233524E-006
 -2.140180347770525E-005  3.051503409443048E-006  2.298629767246667E-005
  4.975224292233524E-006  0.995929771546212       4.799383934663388E-005
 -9.342911898318515E-006 -3.393859611563380E-006 -2.140180347770525E-005
  4.799383934663388E-005  0.995939668549964       8.340729565261504E-006
  1.698415066719730E-005  3.051503409443048E-006 -9.342911898318515E-006
  8.340729565261504E-006  0.997932667729080       5.844503826424176E-006
  2.298629767246667E-005 -3.393859611563380E-006  1.698415066719730E-005
  5.844503826424176E-006  0.995965724264618       0.997927804143049     
 -2.140124828729107E-005  4.974155680336251E-006 -3.052415681145680E-006
  2.298598256861806E-005 -2.140124828729107E-005  0.995939663699442     
  4.799245578763625E-005 -8.340324994278222E-006  1.698275931959305E-005
  4.974155680336251E-006  4.799245578763625E-005  0.995929767507820     
  9.344359439589912E-006 -3.392758153448264E-006 -3.052415681145680E-006
 -8.340324994278222E-006  9.344359439589912E-006  0.997932664269584     
 -5.844952267547013E-006  2.298598256861806E-005  1.698275931959305E-005
 -3.392758153448264E-006 -5.844952267547013E-006  0.995965718766327     
  0.997927806815876      -2.140180347841502E-005  4.975224292943290E-006
 -3.051503408561816E-006  2.298629767246661E-005 -2.140180347841502E-005
  0.995939668549968       4.799383934663392E-005 -8.340729559594708E-006
  1.698415066651536E-005  4.975224292943290E-006  4.799383934663392E-005
  0.995929771546208       9.342911903985384E-006 -3.393859610881437E-006
 -3.051503408561816E-006 -8.340729559594708E-006  9.342911903985384E-006
  0.997932667729080      -5.844503836807614E-006  2.298629767246661E-005
  1.698415066651536E-005 -3.393859610881437E-006 -5.844503836807614E-006
  0.995965724264618       0.997968963886556      -7.241983652208546E-005
 -7.241983652137555E-005  4.440293612251638E-016 -8.510531240104574E-005
 -7.241983652208546E-005  0.995967761073733      -7.508228757636558E-006
 -4.829813766705804E-005  1.102696584882970E-004 -7.241983652137555E-005
 -7.508228757636558E-006  0.995967761073729       4.829813767272399E-005
  1.102696584889783E-004  4.440293612251638E-016 -4.829813766705804E-005
  4.829813767272399E-005  0.997908325304127      -5.191043831954666E-015
 -8.510531240104574E-005  1.102696584882970E-004  1.102696584889783E-004
 -5.191043831954666E-015  0.995935440341151       0.997968958808931     
 -7.241950928190793E-005 -7.241950928119802E-005  4.370904670643633E-016
 -8.510482375914150E-005 -7.241950928190793E-005  0.995967753238034     
 -7.506292467262860E-006 -4.829749197548752E-005  1.102711304272540E-004
 -7.241950928119802E-005 -7.506292467262860E-006  0.995967753238030     
  4.829749198115349E-005  1.102711304279353E-004  4.370904670643633E-016
 -4.829749197548752E-005  4.829749198115349E-005  0.997908321336318     
 -5.191043405241731E-015 -8.510482375914150E-005  1.102711304272540E-004
  1.102711304279353E-004 -5.191043405241731E-015  0.995935432156701     
  0.000000000000000E+000  0.000000000000000E+000  0.000000000000000E+000
  0.000000000000000E+000  0.000000000000000E+000  0.000000000000000E+000
  0.000000000000000E+000  0.000000000000000E+000  0.000000000000000E+000
  0.000000000000000E+000  0.000000000000000E+000  0.000000000000000E+000
  0.000000000000000E+000  0.000000000000000E+000  0.000000000000000E+000
  0.000000000000000E+000  0.000000000000000E+000  0.000000000000000E+000
  0.000000000000000E+000  0.000000000000000E+000  0.000000000000000E+000
  0.000000000000000E+000  0.000000000000000E+000  0.000000000000000E+000
  0.000000000000000E+000  0.000000000000000E+000  0.000000000000000E+000
  0.000000000000000E+000  0.000000000000000E+000  0.000000000000000E+000
  0.000000000000000E+000  0.000000000000000E+000  0.000000000000000E+000
  0.000000000000000E+000  0.000000000000000E+000  0.000000000000000E+000
  0.000000000000000E+000  0.000000000000000E+000  0.000000000000000E+000
  0.000000000000000E+000  0.000000000000000E+000  0.000000000000000E+000
  0.000000000000000E+000  0.000000000000000E+000  0.000000000000000E+000
  0.000000000000000E+000  0.000000000000000E+000  0.000000000000000E+000
  0.000000000000000E+000  0.000000000000000E+000  0.000000000000000E+000
  0.000000000000000E+000  0.000000000000000E+000  0.000000000000000E+000
  0.000000000000000E+000  0.000000000000000E+000  0.000000000000000E+000
  0.000000000000000E+000  0.000000000000000E+000  0.000000000000000E+000
  0.000000000000000E+000  0.000000000000000E+000  0.000000000000000E+000
  0.000000000000000E+000  0.000000000000000E+000  0.000000000000000E+000
  0.000000000000000E+000  0.000000000000000E+000  0.000000000000000E+000
  0.000000000000000E+000  0.000000000000000E+000  0.000000000000000E+000
  0.000000000000000E+000  0.000000000000000E+000  0.000000000000000E+000
  0.000000000000000E+000  0.000000000000000E+000  0.000000000000000E+000
  0.000000000000000E+000  0.000000000000000E+000  0.000000000000000E+000
  0.000000000000000E+000  0.000000000000000E+000  0.000000000000000E+000
  0.000000000000000E+000  0.000000000000000E+000  0.000000000000000E+000
  0.000000000000000E+000  0.000000000000000E+000  0.000000000000000E+000
  0.000000000000000E+000  0.000000000000000E+000  0.000000000000000E+000
  0.000000000000000E+000  0.000000000000000E+000  0.000000000000000E+000
  0.000000000000000E+000  0.000000000000000E+000  0.000000000000000E+000
  0.000000000000000E+000  0.000000000000000E+000  0.000000000000000E+000
  0.000000000000000E+000  0.000000000000000E+000  0.000000000000000E+000
  0.000000000000000E+000  0.000000000000000E+000  0.000000000000000E+000
  0.000000000000000E+000  0.000000000000000E+000  0.000000000000000E+000
  0.000000000000000E+000  0.000000000000000E+000  0.000000000000000E+000
  0.000000000000000E+000  0.000000000000000E+000  0.000000000000000E+000
  0.000000000000000E+000  0.000000000000000E+000  0.000000000000000E+000
  0.000000000000000E+000  0.000000000000000E+000  0.000000000000000E+000
  0.000000000000000E+000  0.000000000000000E+000  0.000000000000000E+000
  0.000000000000000E+000  0.000000000000000E+000  0.000000000000000E+000
  0.000000000000000E+000  0.000000000000000E+000  0.000000000000000E+000
  0.000000000000000E+000  0.000000000000000E+000  0.000000000000000E+000
  0.000000000000000E+000  0.000000000000000E+000  0.000000000000000E+000
  0.000000000000000E+000  0.000000000000000E+000  0.000000000000000E+000
  0.000000000000000E+000  0.000000000000000E+000  0.000000000000000E+000
  0.000000000000000E+000  0.000000000000000E+000  0.000000000000000E+000
  0.000000000000000E+000  0.000000000000000E+000  0.000000000000000E+000
  0.000000000000000E+000  0.000000000000000E+000  0.000000000000000E+000
  0.000000000000000E+000  0.000000000000000E+000  0.000000000000000E+000
  0.000000000000000E+000  0.000000000000000E+000  0.000000000000000E+000
  0.000000000000000E+000  0.000000000000000E+000  0.000000000000000E+000
  0.000000000000000E+000  0.000000000000000E+000  0.000000000000000E+000
  0.000000000000000E+000  0.000000000000000E+000  0.000000000000000E+000
  0.000000000000000E+000  0.000000000000000E+000  0.000000000000000E+000
  0.000000000000000E+000  0.000000000000000E+000  0.000000000000000E+000
  0.000000000000000E+000  0.000000000000000E+000  0.000000000000000E+000
  0.000000000000000E+000  0.000000000000000E+000  0.000000000000000E+000
  0.000000000000000E+000  0.000000000000000E+000  0.000000000000000E+000
  0.000000000000000E+000  0.000000000000000E+000  0.000000000000000E+000
  0.000000000000000E+000  0.000000000000000E+000  0.000000000000000E+000
  0.000000000000000E+000  0.000000000000000E+000  0.000000000000000E+000
  0.000000000000000E+000  0.000000000000000E+000  0.000000000000000E+000
  0.000000000000000E+000  0.000000000000000E+000  0.000000000000000E+000
  0.000000000000000E+000  0.000000000000000E+000  0.997917869835796     
 -4.716353669742222E-006  7.853978445816365E-006  9.669059221381617E-006
 -5.984732643242641E-006 -4.716353669742222E-006  0.995933288511603     
  4.715594687106159E-006 -8.168964173819971E-006 -4.715594686903426E-006
  7.853978445816365E-006  4.715594687106159E-006  0.995944768290579     
  1.144507058098009E-005  3.049642078326035E-005  9.669059221381617E-006
 -8.168964173819971E-006  1.144507058098009E-005  0.997929034703682     
 -1.252428015140481E-005 -5.984732643242641E-006 -4.715594686903426E-006
  3.049642078326035E-005 -1.252428015140481E-005  0.995944768290579     
  0.997917871427604      -4.716884590325870E-006  7.853381189447911E-006
  9.668479612111315E-006 -5.983414237436375E-006 -4.716884590325870E-006
  0.995933288761182       4.716330080327553E-006 -8.169883755245631E-006
 -4.716330080124822E-006  7.853381189447911E-006  4.716330080327553E-006
  0.995944767850360       1.144320339096069E-005  3.049848665444675E-005
  9.668479612111315E-006 -8.169883755245631E-006  1.144320339096069E-005
  0.997929035626215      -1.252282931720746E-005 -5.983414237436375E-006
 -4.716330080124822E-006  3.049848665444675E-005 -1.252282931720746E-005
  0.995944767850360       0.997934092707475       1.655486842341017E-005
  3.477690816011547E-006 -5.782886820446192E-007 -5.605374811525323E-006
  1.655486842341017E-005  0.995965718766331      -1.698275931939037E-005
  1.698396870589105E-005 -3.392758154130217E-006  3.477690816011547E-006
 -1.698275931939037E-005  0.995939663699438       2.270418718797930E-005
 -4.799245578675160E-005 -5.782886820446192E-007  1.698396870589105E-005
  2.270418718797930E-005  0.997926375705158       8.979924897023884E-006
 -5.605374811525323E-006 -3.392758154130217E-006 -4.799245578675160E-005
  8.979924897023884E-006  0.995929767507820       0.997934095180252     
  1.655463762292229E-005  3.477618047731954E-006 -5.790854562814856E-007
 -5.603586902615398E-006  1.655463762292229E-005  0.995965724264622     
 -1.698415066631268E-005  1.698446580919842E-005 -3.393859611563390E-006
  3.477618047731954E-006 -1.698415066631268E-005  0.995939668549964     
  2.270487028025483E-005 -4.799383934574927E-005 -5.790854562814856E-007
  1.698446580919842E-005  2.270487028025483E-005  0.997926379364704     
  8.980126574886122E-006 -5.603586902615398E-006 -3.393859611563390E-006
 -4.799383934574927E-005  8.980126574886122E-006  0.995929771546208     
  0.997923484949736      -4.255265620452809E-005 -5.617495920877649E-006
  2.625727641555886E-005 -7.803733243566164E-005 -4.255265620452809E-005
  0.995935440341155      -1.102696584880939E-004 -7.370336253461750E-005
  1.102696584882970E-004 -5.617495920877649E-006 -1.102696584880939E-004
  0.995967761073729       8.686648700091838E-005  7.508228758520919E-006
  2.625727641555886E-005 -7.370336253461750E-005  8.686648700091838E-005
  0.997953804240947      -3.856834933338589E-005 -7.803733243566164E-005
  1.102696584882970E-004  7.508228758520919E-006 -3.856834933338589E-005
  0.995967761073729       0.997923480704473      -4.255241188357597E-005
 -5.617100355663332E-006  2.625679585165769E-005 -7.803660963026982E-005
 -4.255241188357597E-005  0.995935432156705      -1.102711304270509E-004
 -7.370293935831507E-005  1.102711304272539E-004 -5.617100355663332E-006
 -1.102711304270509E-004  0.995967753238030       8.686588075682624E-005
  7.506292468147221E-006  2.625679585165769E-005 -7.370293935831507E-005
  8.686588075682624E-005  0.997953799440776      -3.856838878086427E-005
 -7.803660963026982E-005  1.102711304272539E-004  7.506292468147221E-006
 -3.856838878086427E-005  0.995967753238030       0.997928805768428     
  6.431114137196095E-006 -1.057953049845419E-005 -3.630704363627458E-006
 -1.792355746397723E-005  6.431114137196095E-006  0.995965718766331     
  3.392758154332925E-006  2.282892096824634E-005  1.698275931959303E-005
 -1.057953049845419E-005  3.392758154332925E-006  0.995929767507820     
  3.644345373743106E-007 -4.799245578675155E-005 -3.630704363627458E-006
  2.282892096824634E-005  3.644345373743106E-007  0.997931662644204     
 -1.436386219322592E-005 -1.792355746397723E-005  1.698275931959303E-005
 -4.799245578675155E-005 -1.436386219322592E-005  0.995939663699438     
  0.997928809821309       6.431660041532530E-006 -1.057881120215131E-005
 -3.630588865294338E-006 -1.792418542338077E-005  6.431660041532530E-006
  0.995965724264622       3.393859611766098E-006  2.282896964081432E-005
  1.698415066651534E-005 -1.057881120215131E-005  3.393859611766098E-006
  0.995929771546208       3.627853239075467E-007 -4.799383934574920E-005
 -3.630588865294338E-006  2.282896964081432E-005  3.627853239075467E-007
  0.997931664723647      -1.436414072018497E-005 -1.792418542338077E-005
  1.698415066651534E-005 -4.799383934574920E-005 -1.436414072018497E-005
  0.995939668549964       0.000000000000000E+000  0.000000000000000E+000
  0.000000000000000E+000  0.000000000000000E+000  0.000000000000000E+000
  0.000000000000000E+000  0.000000000000000E+000  0.000000000000000E+000
  0.000000000000000E+000  0.000000000000000E+000  0.000000000000000E+000
  0.000000000000000E+000  0.000000000000000E+000  0.000000000000000E+000
  0.000000000000000E+000  0.000000000000000E+000  0.000000000000000E+000
  0.000000000000000E+000  0.000000000000000E+000  0.000000000000000E+000
  0.000000000000000E+000  0.000000000000000E+000  0.000000000000000E+000
  0.000000000000000E+000  0.000000000000000E+000  0.000000000000000E+000
  0.000000000000000E+000  0.000000000000000E+000  0.000000000000000E+000
  0.000000000000000E+000  0.000000000000000E+000  0.000000000000000E+000
  0.000000000000000E+000  0.000000000000000E+000  0.000000000000000E+000
  0.000000000000000E+000  0.000000000000000E+000  0.000000000000000E+000
  0.000000000000000E+000  0.000000000000000E+000  0.000000000000000E+000
  0.000000000000000E+000  0.000000000000000E+000  0.000000000000000E+000
  0.000000000000000E+000  0.000000000000000E+000  0.000000000000000E+000
  0.000000000000000E+000  0.000000000000000E+000  0.000000000000000E+000
  0.000000000000000E+000  0.000000000000000E+000  0.000000000000000E+000
  0.000000000000000E+000  0.000000000000000E+000  0.000000000000000E+000
  0.000000000000000E+000  0.000000000000000E+000  0.000000000000000E+000
  0.000000000000000E+000  0.000000000000000E+000  0.000000000000000E+000
  0.000000000000000E+000  0.000000000000000E+000  0.000000000000000E+000
  0.000000000000000E+000  0.000000000000000E+000  0.000000000000000E+000
  0.000000000000000E+000  0.000000000000000E+000  0.000000000000000E+000
  0.000000000000000E+000  0.000000000000000E+000  0.000000000000000E+000
  0.000000000000000E+000  0.000000000000000E+000  0.000000000000000E+000
  0.000000000000000E+000  0.000000000000000E+000  0.000000000000000E+000
  0.000000000000000E+000  0.000000000000000E+000  0.000000000000000E+000
  0.000000000000000E+000  0.000000000000000E+000  0.000000000000000E+000
  0.000000000000000E+000  0.000000000000000E+000  0.000000000000000E+000
  0.000000000000000E+000  0.000000000000000E+000  0.000000000000000E+000
  0.000000000000000E+000  0.000000000000000E+000  0.000000000000000E+000
  0.000000000000000E+000  0.000000000000000E+000  0.000000000000000E+000
  0.000000000000000E+000  0.000000000000000E+000  0.000000000000000E+000
  0.000000000000000E+000  0.000000000000000E+000  0.000000000000000E+000
  0.000000000000000E+000  0.000000000000000E+000  0.000000000000000E+000
  0.000000000000000E+000  0.000000000000000E+000  0.000000000000000E+000
  0.000000000000000E+000  0.000000000000000E+000  0.000000000000000E+000
  0.000000000000000E+000  0.000000000000000E+000  0.000000000000000E+000
  0.000000000000000E+000  0.000000000000000E+000  0.000000000000000E+000
  0.000000000000000E+000  0.000000000000000E+000  0.000000000000000E+000
  0.000000000000000E+000  0.000000000000000E+000  0.000000000000000E+000
  0.000000000000000E+000  0.000000000000000E+000  0.000000000000000E+000
  0.000000000000000E+000  0.000000000000000E+000  0.000000000000000E+000
  0.000000000000000E+000  0.000000000000000E+000  0.000000000000000E+000
  0.000000000000000E+000  0.000000000000000E+000  0.000000000000000E+000
  0.000000000000000E+000  0.000000000000000E+000  0.000000000000000E+000
  0.000000000000000E+000  0.000000000000000E+000  0.000000000000000E+000
  0.000000000000000E+000  0.000000000000000E+000  0.000000000000000E+000
  0.000000000000000E+000  0.000000000000000E+000  0.000000000000000E+000
  0.000000000000000E+000  0.000000000000000E+000  0.000000000000000E+000
  0.000000000000000E+000  0.000000000000000E+000  0.000000000000000E+000
  0.000000000000000E+000  0.000000000000000E+000  0.000000000000000E+000
  0.000000000000000E+000  0.000000000000000E+000  0.000000000000000E+000
  0.000000000000000E+000  0.000000000000000E+000  0.000000000000000E+000
  0.000000000000000E+000  0.000000000000000E+000  0.000000000000000E+000
  0.000000000000000E+000  0.000000000000000E+000  0.000000000000000E+000
  0.000000000000000E+000  0.000000000000000E+000  0.000000000000000E+000
  0.000000000000000E+000  0.000000000000000E+000  0.000000000000000E+000
  0.000000000000000E+000  0.000000000000000E+000  0.000000000000000E+000
  0.000000000000000E+000  0.000000000000000E+000  0.000000000000000E+000
  0.000000000000000E+000  0.000000000000000E+000  0.000000000000000E+000
  0.000000000000000E+000  0.000000000000000E+000  0.000000000000000E+000
  0.000000000000000E+000  0.000000000000000E+000  0.000000000000000E+000
  0.000000000000000E+000  0.000000000000000E+000  0.000000000000000E+000
  0.000000000000000E+000  0.000000000000000E+000  0.000000000000000E+000
  0.000000000000000E+000  0.000000000000000E+000  0.000000000000000E+000
  0.997948217712515      -8.572962732630726E-006  4.512318005894339E-006
 -2.222744465869149E-005 -7.266410974443743E-006 -8.572962732630726E-006
  0.995962838708701      -1.391057731384275E-005 -3.440926323451878E-006
 -1.645108623498238E-005  4.512318005894339E-006 -1.391057731384275E-005
  0.996007896008194      -7.815564047858519E-006  1.391057731472733E-005
 -2.222744465869149E-005 -3.440926323451878E-006 -7.815564047858519E-006
  0.997973883754828      -5.703940351302465E-006 -7.266410974443743E-006
 -1.645108623498238E-005  1.391057731472733E-005 -5.703940351302465E-006
  0.995962838708697       0.997948214167700      -8.573407114205822E-006
  4.515269657063285E-006 -2.222821888479832E-005 -7.266169350913448E-006
 -8.573407114205822E-006  0.995962834768768      -1.390960304928695E-005
 -3.440390756809358E-006 -1.645365353237224E-005  4.515269657063285E-006
 -1.390960304928695E-005  0.996007891937175      -7.820676457649354E-006
  1.390960305017153E-005 -2.222821888479832E-005 -3.440390756809358E-006
 -7.820676457649354E-006  0.997973881104011      -5.704592980356734E-006
 -7.266169350913448E-006 -1.645365353237224E-005  1.390960305017153E-005
 -5.704592980356734E-006  0.995962834768763       0.997932552558048     
  2.155067685220516E-005  1.179312632599901E-005 -5.117775838607544E-006
  1.949304366547205E-005  2.155067685220516E-005  0.995963334542326     
  3.099836004189826E-005  1.006633893271774E-005 -1.921839222070548E-005
  1.179312632599901E-005  3.099836004189826E-005  0.995995278261343     
 -2.042629397845003E-005 -3.099836004101350E-005 -5.117775838607544E-006
  1.006633893271774E-005 -2.042629397845003E-005  0.997938462056563     
  1.363026415552714E-005  1.949304366547205E-005 -1.921839222070548E-005
 -3.099836004101350E-005  1.363026415552714E-005  0.995963334542322     
  0.997932552039621       2.154914832959903E-005  1.179151130913900E-005
 -5.118978477401651E-006  1.949124943896299E-005  2.154914832959903E-005
  0.995963335121086       3.099698035912337E-005  1.006514963133986E-005
 -1.921864679319031E-005  1.179151130913900E-005  3.099698035912337E-005
  0.995995279685625      -2.042349668719341E-005 -3.099698035823861E-005
 -5.118978477401651E-006  1.006514963133986E-005 -2.042349668719341E-005
  0.997938462926823       1.362953506680892E-005  1.949124943896299E-005
 -1.921864679319031E-005 -3.099698035823861E-005  1.362953506680892E-005
  0.995963335121082       0.997922641936034       4.101186969462140E-005
 -5.342265239758002E-007  3.026785589634039E-005  9.728805180450750E-005
  4.101186969462140E-005  0.995937346822347       1.309643725442764E-004
  7.987921252504299E-005  1.299156104867003E-004 -5.342265239758002E-007
  1.309643725442764E-004  0.996002329424633       1.113268676596043E-004
  2.598166073523840E-005  3.026785589634039E-005  7.987921252504299E-005
  1.113268676596043E-004  0.997962156504682       5.857075042714419E-005
  9.728805180450750E-005  1.299156104867003E-004  2.598166073523840E-005
  5.857075042714419E-005  0.995985277098662       0.997922638428468     
  4.101098216539113E-005 -5.336196373039369E-007  3.026824461253851E-005
  9.728730941530319E-005  4.101098216539113E-005  0.995937342169238     
  1.309649689230214E-004  7.987787318919422E-005  1.299172843357826E-004
 -5.336196373039369E-007  1.309649689230214E-004  0.996002323318665     
  1.113264122381245E-004  2.598309741734000E-005  3.026824461253851E-005
  7.987787318919422E-005  1.113264122381245E-004  0.997962152621212     
  5.857191388806010E-005  9.728730941530319E-005  1.299172843357826E-004
  2.598309741734000E-005  5.857191388806010E-005  0.995985272346427     
  0.997978490594646       9.936778369136923E-005 -9.614478225648601E-005
 -1.976382186900857E-006  8.968336212882557E-005  9.936778369136923E-005
  0.995985277098666      -2.598166073435377E-005  5.496854913293123E-005
  1.299156104867004E-004 -9.614478225648601E-005 -2.598166073435377E-005
  0.996002329424633       5.612608757006986E-005 -1.309643725433916E-004
 -1.976382186900857E-006  5.496854913293123E-005  5.612608757006986E-005
  0.997906307846071      -4.422285251154990E-006  8.968336212882557E-005
  1.299156104867004E-004 -1.309643725433916E-004 -4.422285251154990E-006
  0.995937346822343       0.997978487141790       9.936842008347656E-005
 -9.614469129325103E-005 -1.976025057873117E-006  8.968175846534122E-005
  9.936842008347656E-005  0.995985272346431      -2.598309741645538E-005
  5.496732447456286E-005  1.299172843357827E-004 -9.614469129325103E-005
 -2.598309741645538E-005  0.996002323318665       5.612533428005493E-005
 -1.309649689221366E-004 -1.976025057873117E-006  5.496732447456286E-005
  5.612533428005493E-005  0.997906303907890      -4.422384206090632E-006
  8.968175846534122E-005  1.299172843357827E-004 -1.309649689221366E-004
 -4.422384206090632E-006  0.995937342169234       0.000000000000000E+000
  0.000000000000000E+000  0.000000000000000E+000  0.000000000000000E+000
  0.000000000000000E+000  0.000000000000000E+000  0.000000000000000E+000
  0.000000000000000E+000  0.000000000000000E+000  0.000000000000000E+000
  0.000000000000000E+000  0.000000000000000E+000  0.000000000000000E+000
  0.000000000000000E+000  0.000000000000000E+000  0.000000000000000E+000
  0.000000000000000E+000  0.000000000000000E+000  0.000000000000000E+000
  0.000000000000000E+000  0.000000000000000E+000  0.000000000000000E+000
  0.000000000000000E+000  0.000000000000000E+000  0.000000000000000E+000
  0.000000000000000E+000  0.000000000000000E+000  0.000000000000000E+000
  0.000000000000000E+000  0.000000000000000E+000  0.000000000000000E+000
  0.000000000000000E+000  0.000000000000000E+000  0.000000000000000E+000
  0.000000000000000E+000  0.000000000000000E+000  0.000000000000000E+000
  0.000000000000000E+000  0.000000000000000E+000  0.000000000000000E+000
  0.000000000000000E+000  0.000000000000000E+000  0.000000000000000E+000
  0.000000000000000E+000  0.000000000000000E+000  0.000000000000000E+000
  0.000000000000000E+000  0.000000000000000E+000  0.000000000000000E+000
  0.000000000000000E+000  0.000000000000000E+000  0.000000000000000E+000
  0.000000000000000E+000  0.000000000000000E+000  0.000000000000000E+000
  0.000000000000000E+000  0.000000000000000E+000  0.000000000000000E+000
  0.000000000000000E+000  0.000000000000000E+000  0.000000000000000E+000
  0.000000000000000E+000  0.000000000000000E+000  0.000000000000000E+000
  0.000000000000000E+000  0.000000000000000E+000  0.000000000000000E+000
  0.000000000000000E+000  0.000000000000000E+000  0.000000000000000E+000
  0.000000000000000E+000  0.000000000000000E+000  0.000000000000000E+000
  0.000000000000000E+000  0.000000000000000E+000  0.000000000000000E+000
  0.000000000000000E+000  0.000000000000000E+000  0.000000000000000E+000
  0.000000000000000E+000  0.000000000000000E+000  0.000000000000000E+000
  0.000000000000000E+000  0.000000000000000E+000  0.000000000000000E+000
  0.000000000000000E+000  0.000000000000000E+000  0.000000000000000E+000
  0.000000000000000E+000  0.000000000000000E+000  0.000000000000000E+000
  0.000000000000000E+000  0.000000000000000E+000  0.000000000000000E+000
  0.000000000000000E+000  0.000000000000000E+000  0.000000000000000E+000
  0.000000000000000E+000  0.000000000000000E+000  0.000000000000000E+000
  0.000000000000000E+000  0.000000000000000E+000  0.000000000000000E+000
  0.000000000000000E+000  0.000000000000000E+000  0.000000000000000E+000
  0.000000000000000E+000  0.000000000000000E+000  0.000000000000000E+000
  0.000000000000000E+000  0.000000000000000E+000  0.000000000000000E+000
  0.000000000000000E+000  0.000000000000000E+000  0.000000000000000E+000
  0.000000000000000E+000  0.000000000000000E+000  0.000000000000000E+000
  0.000000000000000E+000  0.000000000000000E+000  0.000000000000000E+000
  0.000000000000000E+000  0.000000000000000E+000  0.000000000000000E+000
  0.000000000000000E+000  0.000000000000000E+000  0.000000000000000E+000
  0.000000000000000E+000  0.000000000000000E+000  0.000000000000000E+000
  0.000000000000000E+000  0.000000000000000E+000  0.000000000000000E+000
  0.000000000000000E+000  0.000000000000000E+000  0.000000000000000E+000
  0.000000000000000E+000  0.000000000000000E+000  0.000000000000000E+000
  0.000000000000000E+000  0.000000000000000E+000  0.000000000000000E+000
  0.000000000000000E+000  0.000000000000000E+000  0.000000000000000E+000
  0.000000000000000E+000  0.000000000000000E+000  0.000000000000000E+000
  0.000000000000000E+000  0.000000000000000E+000  0.000000000000000E+000
  0.000000000000000E+000  0.000000000000000E+000  0.000000000000000E+000
  0.000000000000000E+000  0.000000000000000E+000  0.000000000000000E+000
  0.000000000000000E+000  0.000000000000000E+000  0.000000000000000E+000
  0.000000000000000E+000  0.000000000000000E+000  0.000000000000000E+000
  0.000000000000000E+000  0.000000000000000E+000  0.000000000000000E+000
  0.000000000000000E+000  0.000000000000000E+000  0.000000000000000E+000
  0.000000000000000E+000  0.000000000000000E+000  0.000000000000000E+000
  0.000000000000000E+000  0.000000000000000E+000  0.000000000000000E+000
  0.000000000000000E+000  0.000000000000000E+000  0.000000000000000E+000
  0.000000000000000E+000  0.000000000000000E+000  0.000000000000000E+000
  0.000000000000000E+000  0.000000000000000E+000  0.000000000000000E+000
  0.000000000000000E+000  0.000000000000000E+000  0.000000000000000E+000
  0.000000000000000E+000  0.000000000000000E+000  0.000000000000000E+000
  0.000000000000000E+000  0.000000000000000E+000  0.000000000000000E+000
  0.000000000000000E+000  0.000000000000000E+000  0.000000000000000E+000
  0.000000000000000E+000  0.000000000000000E+000  0.000000000000000E+000
  0.000000000000000E+000  0.997917869835796       7.853978445106613E-006
 -4.716353669032528E-006 -9.669059220479547E-006 -5.984732643242602E-006
  7.853978445106613E-006  0.995944768290583       4.715594687106190E-006
 -1.144507057531368E-005  3.049642078257859E-005 -4.716353669032528E-006
  4.715594687106190E-006  0.995933288511599       8.168964179486655E-006
 -4.715594686221593E-006 -9.669059220479547E-006 -1.144507057531368E-005
  8.168964179486655E-006  0.997929034703682       1.252428014102165E-005
 -5.984732643242602E-006  3.049642078257859E-005 -4.715594686221593E-006
  1.252428014102165E-005  0.995944768290579       0.997917871427604     
  7.853381188738160E-006 -4.716884589616175E-006 -9.668479611243940E-006
 -5.983414237436336E-006  7.853381188738160E-006  0.995944767850364     
  4.716330080327586E-006 -1.144320338529429E-005  3.049848665376499E-005
 -4.716884589616175E-006  4.716330080327586E-006  0.995933288761178     
  8.169883760912317E-006 -4.716330079442988E-006 -9.668479611243940E-006
 -1.144320338529429E-005  8.169883760912317E-006  0.997929035626215     
  1.252282930682430E-005 -5.983414237436336E-006  3.049848665376499E-005
 -4.716330079442988E-006  1.252282930682430E-005  0.995944767850360     
  0.997923484949736      -5.617495921587550E-006 -4.255265620381827E-005
 -2.625727641469838E-005 -7.803733243566135E-005 -5.617495921587550E-006
  0.995967761073733      -1.102696584880942E-004 -8.686648699525237E-005
  7.508228757839673E-006 -4.255265620381827E-005 -1.102696584880942E-004
  0.995935440341151       7.370336254028276E-005  1.102696584889783E-004
 -2.625727641469838E-005 -8.686648699525237E-005  7.370336254028276E-005
  0.997953804240947       3.856834932300278E-005 -7.803733243566135E-005
  7.508228757839673E-006  1.102696584889783E-004  3.856834932300278E-005
  0.995967761073729       0.997923480704473      -5.617100356373232E-006
 -4.255241188286616E-005 -2.625679585075557E-005 -7.803660963026953E-005
 -5.617100356373232E-006  0.995967753238034      -1.102711304270512E-004
 -8.686588075116024E-005  7.506292467465973E-006 -4.255241188286616E-005
 -1.102711304270512E-004  0.995935432156701       7.370293936398033E-005
  1.102711304279353E-004 -2.625679585075557E-005 -8.686588075116024E-005
  7.370293936398033E-005  0.997953799440776       3.856838877048117E-005
 -7.803660963026953E-005  7.506292467465973E-006  1.102711304279353E-004
  3.856838877048117E-005  0.995967753238030       0.997934092707475     
  3.477690815301843E-006  1.655486842411987E-005  5.782886829397605E-007
 -5.605374811525293E-006  3.477690815301843E-006  0.995939663699442     
 -1.698275931939041E-005 -2.270418718231243E-005 -4.799245578743345E-005
  1.655486842411987E-005 -1.698275931939041E-005  0.995965718766327     
 -1.698396870022428E-005 -3.392758153448275E-006  5.782886829397605E-007
 -2.270418718231243E-005 -1.698396870022428E-005  0.997926375705158     
 -8.979924907407361E-006 -5.605374811525293E-006 -4.799245578743345E-005
 -3.392758153448275E-006 -8.979924907407361E-006  0.995929767507820     
  0.997934095180252       3.477618047022251E-006  1.655463762363199E-005
  5.790854571419324E-007 -5.603586902615370E-006  3.477618047022251E-006
  0.995939668549968      -1.698415066631273E-005 -2.270487027458797E-005
 -4.799383934643112E-005  1.655463762363199E-005 -1.698415066631273E-005
  0.995965724264618      -1.698446580353166E-005 -3.393859610881448E-006
  5.790854571419324E-007 -2.270487027458797E-005 -1.698446580353166E-005
  0.997926379364703      -8.980126585269595E-006 -5.603586902615370E-006
 -4.799383934643112E-005 -3.393859610881448E-006 -8.980126585269595E-006
  0.995929771546208       0.997928805768428      -1.057953049916387E-005
  6.431114137905790E-006  3.630704364529498E-006 -1.792355746397717E-005
 -1.057953049916387E-005  0.995929767507824       3.392758154332865E-006
 -3.644345317074127E-007 -4.799245578743350E-005  6.431114137905790E-006
  3.392758154332865E-006  0.995965718766327      -2.282892096257959E-005
  1.698275932027499E-005  3.630704364529498E-006 -3.644345317074127E-007
 -2.282892096257959E-005  0.997931662644204       1.436386218284250E-005
 -1.792355746397717E-005 -4.799245578743350E-005  1.698275932027499E-005
  1.436386218284250E-005  0.995939663699438       0.997928809821309     
 -1.057881120286099E-005  6.431660042242224E-006  3.630588866168623E-006
 -1.792418542338071E-005 -1.057881120286099E-005  0.995929771546212     
  3.393859611766038E-006 -3.627853182406485E-007 -4.799383934643117E-005
  6.431660042242224E-006  3.393859611766038E-006  0.995965724264618     
 -2.282896963514757E-005  1.698415066719731E-005  3.630588866168623E-006
 -3.627853182406485E-007 -2.282896963514757E-005  0.997931664723647     
  1.436414070980155E-005 -1.792418542338071E-005 -4.799383934643117E-005
  1.698415066719731E-005  1.436414070980155E-005  0.995939668549964     
  0.000000000000000E+000  0.000000000000000E+000  0.000000000000000E+000
  0.000000000000000E+000  0.000000000000000E+000  0.000000000000000E+000
  0.000000000000000E+000  0.000000000000000E+000  0.000000000000000E+000
  0.000000000000000E+000  0.000000000000000E+000  0.000000000000000E+000
  0.000000000000000E+000  0.000000000000000E+000  0.000000000000000E+000
  0.000000000000000E+000  0.000000000000000E+000  0.000000000000000E+000
  0.000000000000000E+000  0.000000000000000E+000  0.000000000000000E+000
  0.000000000000000E+000  0.000000000000000E+000  0.000000000000000E+000
  0.000000000000000E+000  0.000000000000000E+000  0.000000000000000E+000
  0.000000000000000E+000  0.000000000000000E+000  0.000000000000000E+000
  0.000000000000000E+000  0.000000000000000E+000  0.000000000000000E+000
  0.000000000000000E+000  0.000000000000000E+000  0.000000000000000E+000
  0.000000000000000E+000  0.000000000000000E+000  0.000000000000000E+000
  0.000000000000000E+000  0.000000000000000E+000  0.000000000000000E+000
  0.000000000000000E+000  0.000000000000000E+000  0.000000000000000E+000
  0.000000000000000E+000  0.000000000000000E+000  0.000000000000000E+000
  0.000000000000000E+000  0.000000000000000E+000  0.000000000000000E+000
  0.000000000000000E+000  0.000000000000000E+000  0.000000000000000E+000
  0.000000000000000E+000  0.000000000000000E+000  0.000000000000000E+000
  0.000000000000000E+000  0.000000000000000E+000  0.000000000000000E+000
  0.000000000000000E+000  0.000000000000000E+000  0.000000000000000E+000
  0.000000000000000E+000  0.000000000000000E+000  0.000000000000000E+000
  0.000000000000000E+000  0.000000000000000E+000  0.000000000000000E+000
  0.000000000000000E+000  0.000000000000000E+000  0.000000000000000E+000
  0.000000000000000E+000  0.000000000000000E+000  0.000000000000000E+000
  0.000000000000000E+000  0.000000000000000E+000  0.000000000000000E+000
  0.000000000000000E+000  0.000000000000000E+000  0.000000000000000E+000
  0.000000000000000E+000  0.000000000000000E+000  0.000000000000000E+000
  0.000000000000000E+000  0.000000000000000E+000  0.000000000000000E+000
  0.000000000000000E+000  0.000000000000000E+000  0.000000000000000E+000
  0.000000000000000E+000  0.000000000000000E+000  0.000000000000000E+000
  0.000000000000000E+000  0.000000000000000E+000  0.000000000000000E+000
  0.000000000000000E+000  0.000000000000000E+000  0.000000000000000E+000
  0.000000000000000E+000  0.000000000000000E+000  0.000000000000000E+000
  0.000000000000000E+000  0.000000000000000E+000  0.000000000000000E+000
  0.000000000000000E+000  0.000000000000000E+000  0.000000000000000E+000
  0.000000000000000E+000  0.000000000000000E+000  0.000000000000000E+000
  0.000000000000000E+000  0.000000000000000E+000  0.000000000000000E+000
  0.000000000000000E+000  0.000000000000000E+000  0.000000000000000E+000
  0.000000000000000E+000  0.000000000000000E+000  0.000000000000000E+000
  0.000000000000000E+000  0.000000000000000E+000  0.000000000000000E+000
  0.000000000000000E+000  0.000000000000000E+000  0.000000000000000E+000
  0.000000000000000E+000  0.000000000000000E+000  0.000000000000000E+000
  0.000000000000000E+000  0.000000000000000E+000  0.000000000000000E+000
  0.000000000000000E+000  0.000000000000000E+000  0.000000000000000E+000
  0.000000000000000E+000  0.000000000000000E+000  0.000000000000000E+000
  0.000000000000000E+000  0.000000000000000E+000  0.000000000000000E+000
  0.000000000000000E+000  0.000000000000000E+000  0.000000000000000E+000
  0.000000000000000E+000  0.000000000000000E+000  0.000000000000000E+000
  0.000000000000000E+000  0.000000000000000E+000  0.000000000000000E+000
  0.000000000000000E+000  0.000000000000000E+000  0.000000000000000E+000
  0.000000000000000E+000  0.000000000000000E+000  0.000000000000000E+000
  0.000000000000000E+000  0.000000000000000E+000  0.000000000000000E+000
  0.000000000000000E+000  0.000000000000000E+000  0.000000000000000E+000
  0.000000000000000E+000  0.000000000000000E+000  0.000000000000000E+000
  0.000000000000000E+000  0.000000000000000E+000  0.000000000000000E+000
  0.000000000000000E+000  0.000000000000000E+000  0.000000000000000E+000
  0.000000000000000E+000  0.000000000000000E+000  0.000000000000000E+000
  0.000000000000000E+000  0.000000000000000E+000  0.000000000000000E+000
  0.000000000000000E+000  0.000000000000000E+000  0.000000000000000E+000
  0.000000000000000E+000  0.000000000000000E+000  0.000000000000000E+000
  0.000000000000000E+000  0.000000000000000E+000  0.000000000000000E+000
  0.000000000000000E+000  0.000000000000000E+000  0.000000000000000E+000
  0.000000000000000E+000  0.000000000000000E+000  0.000000000000000E+000
  0.000000000000000E+000  0.000000000000000E+000  0.000000000000000E+000
  0.000000000000000E+000  0.000000000000000E+000  0.000000000000000E+000
  0.000000000000000E+000  0.000000000000000E+000  0.997948217712515     
  4.512318005184548E-006 -8.572962731920968E-006  2.222744465954496E-005
 -7.266410974443812E-006  4.512318005184548E-006  0.996007896008198     
 -1.391057731384278E-005  7.815564053525366E-006  1.391057731404551E-005
 -8.572962731920968E-006 -1.391057731384278E-005  0.995962838708697     
  3.440926329118676E-006 -1.645108623430052E-005  2.222744465954496E-005
  7.815564053525366E-006  3.440926329118676E-006  0.997973883754828     
  5.703940340918877E-006 -7.266410974443812E-006  1.391057731404551E-005
 -1.645108623430052E-005  5.703940340918877E-006  0.995962838708697     
  0.997948214167700       4.515269656353495E-006 -8.573407113496066E-006
  2.222821888567261E-005 -7.266169350913521E-006  4.515269656353495E-006
  0.996007891937179      -1.390960304928698E-005  7.820676463316201E-006
  1.390960304948971E-005 -8.573407113496066E-006 -1.390960304928698E-005
  0.995962834768764       3.440390762476156E-006 -1.645365353169038E-005
  2.222821888567261E-005  7.820676463316201E-006  3.440390762476156E-006
  0.997973881104011       5.704592969973145E-006 -7.266169350913521E-006
  1.390960304948971E-005 -1.645365353169038E-005  5.704592969973145E-006
  0.995962834768763       0.997922641936034      -5.342265246856849E-007
  4.101186969533106E-005 -3.026785589545907E-005  9.728805180450754E-005
 -5.342265246856849E-007  0.996002329424637       1.309643725442760E-004
 -1.113268676539370E-004  2.598166073455698E-005  4.101186969533106E-005
  1.309643725442760E-004  0.995937346822344      -7.987921251937642E-005
  1.299156104873823E-004 -3.026785589545907E-005 -1.113268676539370E-004
 -7.987921251937642E-005  0.997962156504682      -5.857075043752706E-005
  9.728805180450754E-005  2.598166073455698E-005  1.299156104873823E-004
 -5.857075043752706E-005  0.995985277098662       0.997922638428468     
 -5.336196380138190E-007  4.101098216610078E-005 -3.026824461168495E-005
  9.728730941530321E-005 -5.336196380138190E-007  0.996002323318669     
  1.309649689230211E-004 -1.113264122324573E-004  2.598309741665859E-005
  4.101098216610078E-005  1.309649689230211E-004  0.995937342169235     
 -7.987787318352763E-005  1.299172843364646E-004 -3.026824461168495E-005
 -1.113264122324573E-004 -7.987787318352763E-005  0.997962152621212     
 -5.857191389844297E-005  9.728730941530321E-005  2.598309741665859E-005
  1.299172843364646E-004 -5.857191389844297E-005  0.995985272346427     
  0.997932552558048       1.179312632528930E-005  2.155067685291484E-005
  5.117775839440229E-006  1.949304366547202E-005  1.179312632528930E-005
  0.995995278261347       3.099836004189817E-005  2.042629398411745E-005
 -3.099836004169555E-005  2.155067685291484E-005  3.099836004189817E-005
  0.995963334542322      -1.006633892705070E-005 -1.921839222002344E-005
  5.117775839440229E-006  2.042629398411745E-005 -1.006633892705070E-005
  0.997938462056563      -1.363026416591086E-005  1.949304366547202E-005
 -3.099836004169555E-005 -1.921839222002344E-005 -1.363026416591086E-005
  0.995963334542322       0.997932552039621       1.179151130842929E-005
  2.154914833030872E-005  5.118978478282908E-006  1.949124943896297E-005
  1.179151130842929E-005  0.995995279685629       3.099698035912327E-005
  2.042349669286083E-005 -3.099698035892065E-005  2.154914833030872E-005
  3.099698035912327E-005  0.995963335121082      -1.006514962567282E-005
 -1.921864679250827E-005  5.118978478282908E-006  2.042349669286083E-005
 -1.006514962567282E-005  0.997938462926823      -1.362953507719263E-005
  1.949124943896297E-005 -3.099698035892065E-005 -1.921864679250827E-005
 -1.362953507719263E-005  0.995963335121082       0.997978490594646     
 -9.614478225719609E-005  9.936778369207915E-005  1.976382187768225E-006
  8.968336212882560E-005 -9.614478225719609E-005  0.996002329424637     
 -2.598166073435431E-005 -5.612608756440224E-005 -1.309643725440731E-004
  9.936778369207915E-005 -2.598166073435431E-005  0.995985277098662     
 -5.496854912726527E-005  1.299156104873822E-004  1.976382187768225E-006
 -5.612608756440224E-005 -5.496854912726527E-005  0.997906307846071     
  4.422285240771796E-006  8.968336212882560E-005 -1.309643725440731E-004
  1.299156104873822E-004  4.422285240771796E-006  0.995937346822343     
  0.997978487141790      -9.614469129396113E-005  9.936842008418650E-005
  1.976025058740486E-006  8.968175846534123E-005 -9.614469129396113E-005
  0.996002323318669      -2.598309741645591E-005 -5.612533427438730E-005
 -1.309649689228182E-004  9.936842008418650E-005 -2.598309741645591E-005
  0.995985272346427      -5.496732446889690E-005  1.299172843364645E-004
  1.976025058740486E-006 -5.612533427438730E-005 -5.496732446889690E-005
  0.997906303907890       4.422384195707437E-006  8.968175846534123E-005
 -1.309649689228182E-004  1.299172843364645E-004  4.422384195707437E-006
  0.995937342169234       0.000000000000000E+000  0.000000000000000E+000
  0.000000000000000E+000  0.000000000000000E+000  0.000000000000000E+000
  0.000000000000000E+000  0.000000000000000E+000  0.000000000000000E+000
  0.000000000000000E+000  0.000000000000000E+000  0.000000000000000E+000
  0.000000000000000E+000  0.000000000000000E+000  0.000000000000000E+000
  0.000000000000000E+000  0.000000000000000E+000  0.000000000000000E+000
  0.000000000000000E+000  0.000000000000000E+000  0.000000000000000E+000
  0.000000000000000E+000  0.000000000000000E+000  0.000000000000000E+000
  0.000000000000000E+000  0.000000000000000E+000  0.000000000000000E+000
  0.000000000000000E+000  0.000000000000000E+000  0.000000000000000E+000
  0.000000000000000E+000  0.000000000000000E+000  0.000000000000000E+000
  0.000000000000000E+000  0.000000000000000E+000  0.000000000000000E+000
  0.000000000000000E+000  0.000000000000000E+000  0.000000000000000E+000
  0.000000000000000E+000  0.000000000000000E+000  0.000000000000000E+000
  0.000000000000000E+000  0.000000000000000E+000  0.000000000000000E+000
  0.000000000000000E+000  0.000000000000000E+000  0.000000000000000E+000
  0.000000000000000E+000  0.000000000000000E+000  0.000000000000000E+000
  0.000000000000000E+000  0.000000000000000E+000  0.000000000000000E+000
  0.000000000000000E+000  0.000000000000000E+000  0.000000000000000E+000
  0.000000000000000E+000  0.000000000000000E+000  0.000000000000000E+000
  0.000000000000000E+000  0.000000000000000E+000  0.000000000000000E+000
  0.000000000000000E+000  0.000000000000000E+000  0.000000000000000E+000
  0.000000000000000E+000  0.000000000000000E+000  0.000000000000000E+000
  0.000000000000000E+000  0.000000000000000E+000  0.000000000000000E+000
  0.000000000000000E+000  0.000000000000000E+000  0.000000000000000E+000
  0.000000000000000E+000  0.000000000000000E+000  0.000000000000000E+000
  0.000000000000000E+000  0.000000000000000E+000  0.000000000000000E+000
  0.000000000000000E+000  0.000000000000000E+000  0.000000000000000E+000
  0.000000000000000E+000  0.000000000000000E+000  0.000000000000000E+000
  0.000000000000000E+000  0.000000000000000E+000  0.000000000000000E+000
  0.000000000000000E+000  0.000000000000000E+000  0.000000000000000E+000
  0.000000000000000E+000  0.000000000000000E+000  0.000000000000000E+000
  0.000000000000000E+000  0.000000000000000E+000  0.000000000000000E+000
  0.000000000000000E+000  0.000000000000000E+000  0.000000000000000E+000
  0.000000000000000E+000  0.000000000000000E+000  0.000000000000000E+000
  0.000000000000000E+000  0.000000000000000E+000  0.000000000000000E+000
  0.000000000000000E+000  0.000000000000000E+000  0.000000000000000E+000
  0.000000000000000E+000  0.000000000000000E+000  0.000000000000000E+000
  0.000000000000000E+000  0.000000000000000E+000  0.000000000000000E+000
  0.000000000000000E+000  0.000000000000000E+000  0.000000000000000E+000
  0.000000000000000E+000  0.000000000000000E+000  0.000000000000000E+000
  0.000000000000000E+000  0.000000000000000E+000  0.000000000000000E+000
  0.000000000000000E+000  0.000000000000000E+000  0.000000000000000E+000
  0.000000000000000E+000  0.000000000000000E+000  0.000000000000000E+000
  0.000000000000000E+000  0.000000000000000E+000  0.000000000000000E+000
  0.000000000000000E+000  0.000000000000000E+000  0.000000000000000E+000
  0.000000000000000E+000  0.000000000000000E+000  0.000000000000000E+000
  0.000000000000000E+000  0.000000000000000E+000  0.000000000000000E+000
  0.000000000000000E+000  0.000000000000000E+000  0.000000000000000E+000
  0.000000000000000E+000  0.000000000000000E+000  0.000000000000000E+000
  0.000000000000000E+000  0.000000000000000E+000  0.000000000000000E+000
  0.000000000000000E+000  0.000000000000000E+000  0.000000000000000E+000
  0.000000000000000E+000  0.000000000000000E+000  0.000000000000000E+000
  0.000000000000000E+000  0.000000000000000E+000  0.000000000000000E+000
  0.000000000000000E+000  0.000000000000000E+000  0.000000000000000E+000
  0.000000000000000E+000  0.000000000000000E+000  0.000000000000000E+000
  0.000000000000000E+000  0.000000000000000E+000  0.000000000000000E+000
  0.000000000000000E+000  0.000000000000000E+000  0.000000000000000E+000
  0.000000000000000E+000  0.000000000000000E+000  0.000000000000000E+000
  0.000000000000000E+000  0.000000000000000E+000  0.000000000000000E+000
  0.000000000000000E+000  0.000000000000000E+000  0.000000000000000E+000
  0.000000000000000E+000  0.000000000000000E+000  0.000000000000000E+000
  0.000000000000000E+000  0.000000000000000E+000  0.000000000000000E+000
  0.000000000000000E+000  0.000000000000000E+000  0.000000000000000E+000
  0.000000000000000E+000  0.000000000000000E+000  0.000000000000000E+000
  0.000000000000000E+000  0.000000000000000E+000  0.000000000000000E+000
  0.000000000000000E+000  0.000000000000000E+000  0.000000000000000E+000
  0.997986716775987       1.306551750174949E-006  1.306551750884678E-006
  4.302213339333416E-016  9.024636018381232E-006  1.306551750174949E-006
  0.995962838708701       1.645108623518514E-005 -9.144866669562585E-006
  1.391057731404547E-005  1.306551750884678E-006  1.645108623518514E-005
  0.995962838708697       9.144866675229332E-006  1.391057731472739E-005
  4.302213339333416E-016 -9.144866669562585E-006  9.144866675229332E-006
  0.997935384691356      -5.191842823840348E-015  9.024636018381232E-006
  1.391057731404547E-005  1.391057731472739E-005 -5.191842823840348E-015
  0.996007896008194       0.997986714572171       1.307237755280339E-006
  1.307237755990070E-006  4.371602288099732E-016  9.030539320719126E-006
  1.307237755280339E-006  0.995962834768768       1.645365353257500E-005
 -9.144983731974334E-006  1.390960304948967E-005  1.307237755990070E-006
  1.645365353257500E-005  0.995962834768764       9.144983737641081E-006
  1.390960305017159E-005  4.371602288099732E-016 -9.144983731974334E-006
  9.144983737641081E-006  0.997935380699541      -5.191842454308870E-015
  9.030539320719126E-006  1.390960304948967E-005  1.390960305017159E-005
 -5.191842454308870E-015  0.996007891937175       0.997926065130398     
 -2.079731894872678E-006  4.867149242690219E-005 -3.224423808278347E-005
 -9.667900877386858E-005 -2.079731894872678E-006  0.995985277098666     
 -1.299156104864977E-004  1.135392995652669E-004  2.598166073455654E-005
  4.867149242690219E-005 -1.299156104864977E-004  0.995937346822344     
 -7.545692727341278E-005 -1.309643725433911E-004 -3.224423808278347E-005
  1.135392995652669E-004 -7.545692727341278E-005  0.997958733310319     
  5.520078008434247E-005 -9.667900877386858E-005  2.598166073455654E-005
 -1.309643725433911E-004  5.520078008434247E-005  0.996002329424632     
  0.997926061004266      -2.081110676184311E-006  4.867077629264810E-005
 -3.224426967000936E-005 -9.667831092396176E-005 -2.081110676184311E-006
  0.995985272346431      -1.299172843355800E-004  1.135392383678144E-004
  2.598309741665814E-005  4.867077629264810E-005 -1.299172843355800E-004
  0.995937342169234      -7.545548898262837E-005 -1.309649689221362E-004
 -3.224426967000936E-005  1.135392383678144E-004 -7.545548898262837E-005
  0.997958730045414       5.520107795287765E-005 -9.667831092396176E-005
  2.598309741665814E-005 -1.309649689221362E-004  5.520107795287765E-005
  0.996002323318665       0.997926065130398       4.867149242619269E-005
 -2.079731894163163E-006  3.224423808366461E-005 -9.667900877386849E-005
  4.867149242619269E-005  0.995937346822347      -1.299156104864979E-004
  7.545692727907974E-005 -1.309643725440734E-004 -2.079731894163163E-006
 -1.299156104864979E-004  0.995985277098662      -1.135392995596010E-004
  2.598166073523883E-005  3.224423808366461E-005  7.545692727907974E-005
 -1.135392995596010E-004  0.997958733310319      -5.520078009472664E-005
 -9.667900877386849E-005 -1.309643725440734E-004  2.598166073523883E-005
 -5.520078009472664E-005  0.996002329424633       0.997926061004266     
  4.867077629193860E-005 -2.081110675474793E-006  3.224426967085581E-005
 -9.667831092396165E-005  4.867077629193860E-005  0.995937342169238     
 -1.299172843355803E-004  7.545548898829532E-005 -1.309649689228185E-004
 -2.081110675474793E-006 -1.299172843355803E-004  0.995985272346427     
 -1.135392383621485E-004  2.598309741734043E-005  3.224426967085581E-005
  7.545548898829532E-005 -1.135392383621485E-004  0.997958730045414     
 -5.520107796326181E-005 -9.667831092396165E-005 -1.309649689228185E-004
  2.598309741734043E-005 -5.520107796326181E-005  0.996002323318665     
  0.997941416805823      -2.057633194745386E-006 -2.057633194035623E-006
  4.371291086292252E-016  2.358625265859113E-005 -2.057633194745386E-006
  0.995963334542326       1.921839222090814E-005  2.369660309343679E-005
 -3.099836004169559E-005 -2.057633194035623E-006  1.921839222090814E-005
  0.995963334542322      -2.369660308776967E-005 -3.099836004101345E-005
  4.371291086292252E-016  2.369660309343679E-005 -2.369660308776967E-005
  0.997929597808788      -5.191992157964758E-015  2.358625265859113E-005
 -3.099836004169559E-005 -3.099836004101345E-005 -5.191992157964758E-015
  0.995995278261342       0.997941418370427      -2.057898898648318E-006
 -2.057898897938555E-006  4.510068977208726E-016  2.358302262487111E-005
 -2.057898898648318E-006  0.995963335121086       1.921864679339297E-005
  2.369468470334069E-005 -3.099698035892070E-005 -2.057898897938555E-006
  1.921864679339297E-005  0.995963335121082      -2.369468469767357E-005
 -3.099698035823855E-005  4.510068977208726E-016  2.369468470334069E-005
 -2.369468469767357E-005  0.997929596596017      -5.191991839373920E-015
  2.358302262487111E-005 -3.099698035892070E-005 -3.099698035823855E-005
 -5.191991839373920E-015  0.995995279685625       0.000000000000000E+000
  0.000000000000000E+000  0.000000000000000E+000  0.000000000000000E+000
  0.000000000000000E+000  0.000000000000000E+000  0.000000000000000E+000
  0.000000000000000E+000  0.000000000000000E+000  0.000000000000000E+000
  0.000000000000000E+000  0.000000000000000E+000  0.000000000000000E+000
  0.000000000000000E+000  0.000000000000000E+000  0.000000000000000E+000
  0.000000000000000E+000  0.000000000000000E+000  0.000000000000000E+000
  0.000000000000000E+000  0.000000000000000E+000  0.000000000000000E+000
  0.000000000000000E+000  0.000000000000000E+000  0.000000000000000E+000
  0.000000000000000E+000  0.000000000000000E+000  0.000000000000000E+000
  0.000000000000000E+000  0.000000000000000E+000  0.000000000000000E+000
  0.000000000000000E+000  0.000000000000000E+000  0.000000000000000E+000
  0.000000000000000E+000  0.000000000000000E+000  0.000000000000000E+000
  0.000000000000000E+000  0.000000000000000E+000  0.000000000000000E+000
  0.000000000000000E+000  0.000000000000000E+000  0.000000000000000E+000
  0.000000000000000E+000  0.000000000000000E+000  0.000000000000000E+000
  0.000000000000000E+000  0.000000000000000E+000  0.000000000000000E+000
  0.000000000000000E+000  0.000000000000000E+000  0.000000000000000E+000
  0.000000000000000E+000  0.000000000000000E+000  0.000000000000000E+000
  0.000000000000000E+000  0.000000000000000E+000  0.000000000000000E+000
  0.000000000000000E+000  0.000000000000000E+000  0.000000000000000E+000
  0.000000000000000E+000  0.000000000000000E+000  0.000000000000000E+000
  0.000000000000000E+000  0.000000000000000E+000  0.000000000000000E+000
  0.000000000000000E+000  0.000000000000000E+000  0.000000000000000E+000
  0.000000000000000E+000  0.000000000000000E+000  0.000000000000000E+000
  0.000000000000000E+000  0.000000000000000E+000  0.000000000000000E+000
  0.000000000000000E+000  0.000000000000000E+000  0.000000000000000E+000
  0.000000000000000E+000  0.000000000000000E+000  0.000000000000000E+000
  0.000000000000000E+000  0.000000000000000E+000  0.000000000000000E+000
  0.000000000000000E+000  0.000000000000000E+000  0.000000000000000E+000
  0.000000000000000E+000  0.000000000000000E+000  0.000000000000000E+000
  0.000000000000000E+000  0.000000000000000E+000  0.000000000000000E+000
  0.000000000000000E+000  0.000000000000000E+000  0.000000000000000E+000
  0.000000000000000E+000  0.000000000000000E+000  0.000000000000000E+000
  0.000000000000000E+000  0.000000000000000E+000  0.000000000000000E+000
  0.000000000000000E+000  0.000000000000000E+000  0.000000000000000E+000
  0.000000000000000E+000  0.000000000000000E+000  0.000000000000000E+000
  0.000000000000000E+000  0.000000000000000E+000  0.000000000000000E+000
  0.000000000000000E+000  0.000000000000000E+000  0.000000000000000E+000
  0.000000000000000E+000  0.000000000000000E+000  0.000000000000000E+000
  0.000000000000000E+000  0.000000000000000E+000  0.000000000000000E+000
  0.000000000000000E+000  0.000000000000000E+000  0.000000000000000E+000
  0.000000000000000E+000  0.000000000000000E+000  0.000000000000000E+000
  0.000000000000000E+000  0.000000000000000E+000  0.000000000000000E+000
  0.000000000000000E+000  0.000000000000000E+000  0.000000000000000E+000
  0.000000000000000E+000  0.000000000000000E+000  0.000000000000000E+000
  0.000000000000000E+000  0.000000000000000E+000  0.000000000000000E+000
  0.000000000000000E+000  0.000000000000000E+000  0.000000000000000E+000
  0.000000000000000E+000  0.000000000000000E+000  0.000000000000000E+000
  0.000000000000000E+000  0.000000000000000E+000  0.000000000000000E+000
  0.000000000000000E+000  0.000000000000000E+000  0.000000000000000E+000
  0.000000000000000E+000  0.000000000000000E+000  0.000000000000000E+000
  0.000000000000000E+000  0.000000000000000E+000  0.000000000000000E+000
  0.000000000000000E+000  0.000000000000000E+000  0.000000000000000E+000
  0.000000000000000E+000  0.000000000000000E+000  0.000000000000000E+000
  0.000000000000000E+000  0.000000000000000E+000  0.000000000000000E+000
  0.000000000000000E+000  0.000000000000000E+000  0.000000000000000E+000
  0.000000000000000E+000  0.000000000000000E+000  0.000000000000000E+000
  0.000000000000000E+000  0.000000000000000E+000  0.000000000000000E+000
  0.000000000000000E+000  0.000000000000000E+000  0.000000000000000E+000
  0.000000000000000E+000  0.000000000000000E+000  0.000000000000000E+000
  0.000000000000000E+000  0.000000000000000E+000  0.000000000000000E+000
  0.000000000000000E+000  0.000000000000000E+000  0.000000000000000E+000
  0.000000000000000E+000  0.000000000000000E+000  0.000000000000000E+000
  0.000000000000000E+000  0.000000000000000E+000  0.000000000000000E+000
  0.000000000000000E+000  0.000000000000000E+000  0.000000000000000E+000
  0.000000000000000E+000  0.000000000000000E+000  0.000000000000000E+000
  0.000000000000000E+000  0.994409385865030      -2.307090386196765E-004
 -2.307090386189724E-004  4.441184001886495E-016 -4.614180772313642E-004
 -2.307090386196765E-004  0.990548882229774       1.490964232009184E-003
 -3.995997766460387E-004 -1.490964232008984E-003 -2.307090386189724E-004
  1.490964232009184E-003  0.990548882229770       3.995997766516947E-004
 -1.490964232008298E-003  4.441184001886495E-016 -3.995997766460387E-004
  3.995997766516947E-004  0.994409385865028      -5.175017158819545E-015
 -4.614180772313642E-004 -1.490964232008984E-003 -1.490964232008298E-003
 -5.175017158819545E-015  0.990548882229770       0.994409378656502     
 -2.307092379108504E-004 -2.307092379101464E-004  4.163628229141561E-016
 -4.614184758137122E-004 -2.307092379108504E-004  0.990548857301138     
  1.490975238439230E-003 -3.996001218284775E-004 -1.490975238439030E-003
 -2.307092379101464E-004  1.490975238439230E-003  0.990548857301134     
  3.996001218341336E-004 -1.490975238438345E-003  4.163628229141561E-016
 -3.996001218284775E-004  3.996001218341336E-004  0.994409378656500     
 -5.175017170714629E-015 -4.614184758137122E-004 -1.490975238439030E-003
 -1.490975238438345E-003 -5.175017170714629E-015  0.990548857301134     
  0.998225828676152       8.746828099163753E-005 -1.253876708305463E-004
 -1.001952213101207E-005  2.054723081172463E-004  8.746828099163753E-005
  0.996589589144947      -5.183775668243111E-004  1.867591492283222E-004
 -5.983581386156730E-004 -1.253876708305463E-004 -5.183775668243111E-004
  0.996635408279504       2.171778165194866E-004  5.183775668251934E-004
 -1.001952213101207E-005  1.867591492283222E-004  2.171778165194866E-004
  0.998237398223749      -1.762982125092031E-005  2.054723081172463E-004
 -5.983581386156730E-004  5.183775668251934E-004 -1.762982125092031E-005
  0.996589589144942       0.998225827113588       8.746948995280843E-005
 -1.253878207493874E-004 -1.001978590692291E-005  2.054732661036039E-004
  8.746948995280843E-005  0.996589585913517      -5.183794392326757E-004
  1.867595574216278E-004 -5.983575717435867E-004 -1.253878207493874E-004
 -5.183794392326757E-004  0.996635403606026       2.171780761865364E-004
  5.183794392335581E-004 -1.001978590692291E-005  1.867595574216278E-004
  2.171780761865364E-004  0.998237396965767      -1.762897835648690E-005
  2.054732661036039E-004 -5.983575717435867E-004  5.183794392335581E-004
 -1.762897835648690E-005  0.996589585913512       0.998225828676152     
 -1.253876708312579E-004  8.746828099234873E-005  1.001952213190717E-005
  2.054723081172448E-004 -1.253876708312579E-004  0.996635408279508     
 -5.183775668243087E-004 -2.171778165138237E-004  5.183775668245128E-004
  8.746828099234873E-005 -5.183775668243087E-004  0.996589589144943     
 -1.867591492226494E-004 -5.983581386149910E-004  1.001952213190717E-005
 -2.171778165138237E-004 -1.867591492226494E-004  0.998237398223749     
  1.762982124053070E-005  2.054723081172448E-004  5.183775668245128E-004
 -5.983581386149910E-004  1.762982124053070E-005  0.996589589144942     
  0.998225827113588      -1.253878207500990E-004  8.746948995351962E-005
  1.001978590776943E-005  2.054732661036024E-004 -1.253878207500990E-004
  0.996635403606029      -5.183794392326735E-004 -2.171780761808735E-004
  5.183794392328774E-004  8.746948995351962E-005 -5.183794392326735E-004
  0.996589585913513      -1.867595574159549E-004 -5.983575717429047E-004
  1.001978590776943E-005 -2.171780761808735E-004 -1.867595574159549E-004
  0.998237396965767       1.762897834609731E-005  2.054732661036024E-004
  5.183794392328774E-004 -5.983575717429047E-004  1.762897834609731E-005
  0.996589585913512       0.998243182997551       1.180040271175911E-004
  1.180040271182996E-004  4.232864303144143E-016 -2.507753416545042E-004
  1.180040271175911E-004  0.996589589144947       5.983581386158765E-004
  1.691293279825951E-004  5.183775668245124E-004  1.180040271182996E-004
  5.983581386158765E-004  0.996589589144943      -1.691293279769253E-004
  5.183775668251942E-004  4.232864303144143E-016  1.691293279825951E-004
 -1.691293279769253E-004  0.998220043902350      -5.191564855261515E-015
 -2.507753416545042E-004  5.183775668245124E-004  5.183775668251942E-004
 -5.191564855261515E-015  0.996635408279504       0.998243181891860     
  1.180037761427779E-004  1.180037761434864E-004  4.163475350430561E-016
 -2.507756414921864E-004  1.180037761427779E-004  0.996589585913517     
  5.983575717437901E-004  1.691305790703340E-004  5.183794392328771E-004
  1.180037761434864E-004  5.983575717437901E-004  0.996589585913513     
 -1.691305790646643E-004  5.183794392335588E-004  4.163475350430561E-016
  1.691305790703340E-004 -1.691305790646643E-004  0.998220042187495     
 -5.191559770139822E-015 -2.507756414921864E-004  5.183794392328771E-004
  5.183794392335588E-004 -5.191559770139822E-015  0.996635403606025     
  0.000000000000000E+000  0.000000000000000E+000  0.000000000000000E+000
  0.000000000000000E+000  0.000000000000000E+000  0.000000000000000E+000
  0.000000000000000E+000  0.000000000000000E+000  0.000000000000000E+000
  0.000000000000000E+000  0.000000000000000E+000  0.000000000000000E+000
  0.000000000000000E+000  0.000000000000000E+000  0.000000000000000E+000
  0.000000000000000E+000  0.000000000000000E+000  0.000000000000000E+000
  0.000000000000000E+000  0.000000000000000E+000  0.000000000000000E+000
  0.000000000000000E+000  0.000000000000000E+000  0.000000000000000E+000
  0.000000000000000E+000  0.000000000000000E+000  0.000000000000000E+000
  0.000000000000000E+000  0.000000000000000E+000  0.000000000000000E+000
  0.000000000000000E+000  0.000000000000000E+000  0.000000000000000E+000
  0.000000000000000E+000  0.000000000000000E+000  0.000000000000000E+000
  0.000000000000000E+000  0.000000000000000E+000  0.000000000000000E+000
  0.000000000000000E+000  0.000000000000000E+000  0.000000000000000E+000
  0.000000000000000E+000  0.000000000000000E+000  0.000000000000000E+000
  0.000000000000000E+000  0.000000000000000E+000  0.000000000000000E+000
  0.000000000000000E+000  0.000000000000000E+000  0.000000000000000E+000
  0.000000000000000E+000  0.000000000000000E+000  0.000000000000000E+000
  0.000000000000000E+000  0.000000000000000E+000  0.000000000000000E+000
  0.000000000000000E+000  0.000000000000000E+000  0.000000000000000E+000
  0.000000000000000E+000  0.000000000000000E+000  0.000000000000000E+000
  0.000000000000000E+000  0.000000000000000E+000  0.000000000000000E+000
  0.000000000000000E+000  0.000000000000000E+000  0.000000000000000E+000
  0.000000000000000E+000  0.000000000000000E+000  0.000000000000000E+000
  0.000000000000000E+000  0.000000000000000E+000  0.000000000000000E+000
  0.000000000000000E+000  0.000000000000000E+000  0.000000000000000E+000
  0.000000000000000E+000  0.000000000000000E+000  0.000000000000000E+000
  0.000000000000000E+000  0.000000000000000E+000  0.000000000000000E+000
  0.000000000000000E+000  0.000000000000000E+000  0.000000000000000E+000
  0.000000000000000E+000  0.000000000000000E+000  0.000000000000000E+000
  0.000000000000000E+000  0.000000000000000E+000  0.000000000000000E+000
  0.000000000000000E+000  0.000000000000000E+000  0.000000000000000E+000
  0.000000000000000E+000  0.000000000000000E+000  0.000000000000000E+000
  0.000000000000000E+000  0.000000000000000E+000  0.000000000000000E+000
  0.000000000000000E+000  0.000000000000000E+000  0.000000000000000E+000
  0.000000000000000E+000  0.000000000000000E+000  0.000000000000000E+000
  0.000000000000000E+000  0.000000000000000E+000  0.000000000000000E+000
  0.000000000000000E+000  0.000000000000000E+000  0.000000000000000E+000
  0.000000000000000E+000  0.000000000000000E+000  0.000000000000000E+000
  0.000000000000000E+000  0.000000000000000E+000  0.000000000000000E+000
  0.000000000000000E+000  0.000000000000000E+000  0.000000000000000E+000
  0.000000000000000E+000  0.000000000000000E+000  0.000000000000000E+000
  0.000000000000000E+000  0.000000000000000E+000  0.000000000000000E+000
  0.000000000000000E+000  0.000000000000000E+000  0.000000000000000E+000
  0.000000000000000E+000  0.000000000000000E+000  0.000000000000000E+000
  0.000000000000000E+000  0.000000000000000E+000  0.000000000000000E+000
  0.000000000000000E+000  0.000000000000000E+000  0.000000000000000E+000
  0.000000000000000E+000  0.000000000000000E+000  0.000000000000000E+000
  0.000000000000000E+000  0.000000000000000E+000  0.000000000000000E+000
  0.000000000000000E+000  0.000000000000000E+000  0.000000000000000E+000
