  0.997928913709888      -5.510892593122856E-006 -5.510892592413112E-006
  4.302123560565578E-016 -1.102178517823387E-005 -5.510892593122856E-006
  0.995952848114087      -5.384602911880643E-006 -9.545145957706248E-006
  5.384602912083393E-006 -5.510892592413112E-006 -5.384602911880643E-006
  0.995952848114084       9.545145963372879E-006  5.384602912765217E-006
  4.302123560565578E-016 -9.545145957706248E-006  9.545145963372879E-006
  0.997928913709886      -5.191671518781740E-015 -1.102178517823387E-005
  5.384602912083393E-006  5.384602912765217E-006 -5.191671518781740E-015
  0.995952848114083       0.997929649875268      -4.946929248285232E-006
 -4.946929247575499E-006  4.163343550720470E-016 -9.893858488558713E-006
 -4.946929248285232E-006  0.995942331957038      -5.133493189398119E-006
 -8.568332790841088E-006  5.133493189600866E-006 -4.946929247575499E-006
 -5.133493189398119E-006  0.995942331957034       8.568332796507660E-006
  5.133493190282685E-006  4.163343550720470E-016 -8.568332790841088E-006
  8.568332796507660E-006  0.997929649875266      -5.191634271176434E-015
 -9.893858488558713E-006  5.133493189600866E-006  5.133493190282685E-006
 -5.191634271176434E-015  0.995942331957034       0.997931116703754     
 -7.756627850336906E-006 -2.102103530471965E-006  3.168057959232465E-006
 -4.935102928078849E-006 -7.756627850336906E-006  0.995945808772856     
 -1.259391397647246E-005 -1.220274831227604E-006  4.484084067986442E-006
 -2.102103530471965E-006 -1.259391397647246E-005  0.995963210443775     
  3.640950115805759E-006  1.259391397735702E-005  3.168057959232465E-006
 -1.220274831227604E-006  3.640950115805759E-006  0.997927458545521     
 -6.107299351352718E-006 -4.935102928078849E-006  4.484084067986442E-006
  1.259391397735702E-005 -6.107299351352718E-006  0.995945808772852     
  0.997931747598471      -8.070069016035865E-006 -1.308074135782568E-006
  3.152638194475746E-006 -5.649176872201785E-006 -8.070069016035865E-006
  0.995934660714638      -1.295912723350808E-005 -1.863851057557555E-006
  1.341837494442043E-006 -1.308074135782568E-006 -1.295912723350808E-005
  0.995955110037969       2.265650861500575E-006  1.295912723439263E-005
  3.152638194475746E-006 -1.863851057557555E-006  2.265650861500575E-006
  0.997928107245449      -6.056959250274871E-006 -5.649176872201785E-006
  1.341837494442043E-006  1.295912723439263E-005 -6.056959250274871E-006
  0.995934660714634       0.997931116703754      -2.102103531181737E-006
 -7.756627849627155E-006 -3.168057958385928E-006 -4.935102928078834E-006
 -2.102103531181737E-006  0.995963210443779      -1.259391397647248E-005
 -3.640950110139181E-006  1.259391397667522E-005 -7.756627849627155E-006
 -1.259391397647248E-005  0.995945808772852       1.220274836894184E-006
  4.484084068668262E-006 -3.168057958385928E-006 -3.640950110139181E-006
  1.220274836894184E-006  0.997927458545522       6.107299340969488E-006
 -4.935102928078834E-006  1.259391397667522E-005  4.484084068668262E-006
  6.107299340969488E-006  0.995945808772852       0.997931747598471     
 -1.308074136492324E-006 -8.070069015326131E-006 -3.152638193601454E-006
 -5.649176872201775E-006 -1.308074136492324E-006  0.995955110037973     
 -1.295912723350810E-005 -2.265650855834050E-006  1.295912723371085E-005
 -8.070069015326131E-006 -1.295912723350810E-005  0.995934660714634     
  1.863851063224080E-006  1.341837495123858E-006 -3.152638193601454E-006
 -2.265650855834050E-006  1.863851063224080E-006  0.997928107245449     
  6.056959239891700E-006 -5.649176872201775E-006  1.295912723371085E-005
  1.341837495123858E-006  6.056959239891700E-006  0.995934660714634     
  0.997925629466408       2.821524914246340E-006  2.821524914956060E-006
  4.302197544577727E-016 -4.204207054351645E-006  2.821524914246340E-006
  0.995945808772856      -4.484084067783693E-006 -7.327574177388730E-006
  1.259391397667521E-005  2.821524914956060E-006 -4.484084067783693E-006
  0.995945808772852       7.327574183055273E-006  1.259391397735704E-005
  4.302197544577727E-016 -7.327574177388730E-006  7.327574183055273E-006
  0.997932945782867      -5.191671265216751E-015 -4.204207054351645E-006
  1.259391397667521E-005  1.259391397735704E-005 -5.191671265216751E-015
  0.995963210443775       0.997926287068941       2.420892135822438E-006
  2.420892136532144E-006  4.371587747744549E-016 -2.616148264972901E-006
  2.420892135822438E-006  0.995934660714638      -1.341837494239292E-006
 -7.920810302640863E-006  1.295912723371082E-005  2.420892136532144E-006
 -1.341837494239292E-006  0.995934660714634       7.920810308307348E-006
  1.295912723439266E-005  4.371587747744549E-016 -7.920810302640863E-006
  7.920810308307348E-006  0.997933567774979      -5.191644202356489E-015
 -2.616148264972901E-006  1.295912723371082E-005  1.295912723439266E-005
 -5.191644202356489E-015  0.995955110037969       0.000000000000000E+000
  0.000000000000000E+000  0.000000000000000E+000  0.000000000000000E+000
  0.000000000000000E+000  0.000000000000000E+000  0.000000000000000E+000
  0.000000000000000E+000  0.000000000000000E+000  0.000000000000000E+000
  0.000000000000000E+000  0.000000000000000E+000  0.000000000000000E+000
  0.000000000000000E+000  0.000000000000000E+000  0.000000000000000E+000
  0.000000000000000E+000  0.000000000000000E+000  0.000000000000000E+000
  0.000000000000000E+000  0.000000000000000E+000  0.000000000000000E+000
  0.000000000000000E+000  0.000000000000000E+000  0.000000000000000E+000
  0.000000000000000E+000  0.000000000000000E+000  0.000000000000000E+000
  0.000000000000000E+000  0.000000000000000E+000  0.000000000000000E+000
  0.000000000000000E+000  0.000000000000000E+000  0.000000000000000E+000
  0.000000000000000E+000  0.000000000000000E+000  0.000000000000000E+000
  0.000000000000000E+000  0.000000000000000E+000  0.000000000000000E+000
  0.000000000000000E+000  0.000000000000000E+000  0.000000000000000E+000
  0.000000000000000E+000  0.000000000000000E+000  0.000000000000000E+000
  0.000000000000000E+000  0.000000000000000E+000  0.000000000000000E+000
  0.000000000000000E+000  0.000000000000000E+000  0.000000000000000E+000
  0.000000000000000E+000  0.000000000000000E+000  0.000000000000000E+000
  0.000000000000000E+000  0.000000000000000E+000  0.000000000000000E+000
  0.000000000000000E+000  0.000000000000000E+000  0.000000000000000E+000
  0.000000000000000E+000  0.000000000000000E+000  0.000000000000000E+000
  0.000000000000000E+000  0.000000000000000E+000  0.000000000000000E+000
  0.000000000000000E+000  0.000000000000000E+000  0.000000000000000E+000
  0.000000000000000E+000  0.000000000000000E+000  0.000000000000000E+000
  0.000000000000000E+000  0.000000000000000E+000  0.000000000000000E+000
  0.000000000000000E+000  0.000000000000000E+000  0.000000000000000E+000
  0.000000000000000E+000  0.000000000000000E+000  0.000000000000000E+000
  0.000000000000000E+000  0.000000000000000E+000  0.000000000000000E+000
  0.000000000000000E+000  0.000000000000000E+000  0.000000000000000E+000
  0.000000000000000E+000  0.000000000000000E+000  0.000000000000000E+000
  0.000000000000000E+000  0.000000000000000E+000  0.000000000000000E+000
  0.000000000000000E+000  0.000000000000000E+000  0.000000000000000E+000
  0.000000000000000E+000  0.000000000000000E+000  0.000000000000000E+000
  0.000000000000000E+000  0.000000000000000E+000  0.000000000000000E+000
  0.000000000000000E+000  0.000000000000000E+000  0.000000000000000E+000
  0.000000000000000E+000  0.000000000000000E+000  0.000000000000000E+000
  0.000000000000000E+000  0.000000000000000E+000  0.000000000000000E+000
  0.000000000000000E+000  0.000000000000000E+000  0.000000000000000E+000
  0.000000000000000E+000  0.000000000000000E+000  0.000000000000000E+000
  0.000000000000000E+000  0.000000000000000E+000  0.000000000000000E+000
  0.000000000000000E+000  0.000000000000000E+000  0.000000000000000E+000
  0.000000000000000E+000  0.000000000000000E+000  0.000000000000000E+000
  0.000000000000000E+000  0.000000000000000E+000  0.000000000000000E+000
  0.000000000000000E+000  0.000000000000000E+000  0.000000000000000E+000
  0.000000000000000E+000  0.000000000000000E+000  0.000000000000000E+000
  0.000000000000000E+000  0.000000000000000E+000  0.000000000000000E+000
  0.000000000000000E+000  0.000000000000000E+000  0.000000000000000E+000
  0.000000000000000E+000  0.000000000000000E+000  0.000000000000000E+000
  0.000000000000000E+000  0.000000000000000E+000  0.000000000000000E+000
  0.000000000000000E+000  0.000000000000000E+000  0.000000000000000E+000
  0.000000000000000E+000  0.000000000000000E+000  0.000000000000000E+000
  0.000000000000000E+000  0.000000000000000E+000  0.000000000000000E+000
  0.000000000000000E+000  0.000000000000000E+000  0.000000000000000E+000
  0.000000000000000E+000  0.000000000000000E+000  0.000000000000000E+000
  0.000000000000000E+000  0.000000000000000E+000  0.000000000000000E+000
  0.000000000000000E+000  0.000000000000000E+000  0.000000000000000E+000
  0.000000000000000E+000  0.000000000000000E+000  0.000000000000000E+000
  0.000000000000000E+000  0.000000000000000E+000  0.000000000000000E+000
  0.000000000000000E+000  0.000000000000000E+000  0.000000000000000E+000
  0.000000000000000E+000  0.000000000000000E+000  0.000000000000000E+000
  0.000000000000000E+000  0.000000000000000E+000  0.000000000000000E+000
  0.000000000000000E+000  0.000000000000000E+000  0.000000000000000E+000
  0.000000000000000E+000  0.000000000000000E+000  0.000000000000000E+000
  0.000000000000000E+000  0.000000000000000E+000  0.000000000000000E+000
  0.000000000000000E+000  0.000000000000000E+000  0.000000000000000E+000
  0.000000000000000E+000  0.000000000000000E+000  0.000000000000000E+000
  0.000000000000000E+000  0.997932680828168      -3.607448945835639E-005
 -3.607448945764643E-005  4.301899152287332E-016  3.261745183501895E-005
 -3.607448945835639E-005  0.995935188962936      -1.416871849469238E-005
 -1.322666779752716E-005  2.337846946205726E-005 -3.607448945764643E-005
 -1.416871849469238E-005  0.995935188962932       1.322666780319355E-005
  2.337846946273904E-005  4.301899152287332E-016 -1.322666779752716E-005
  1.322666780319355E-005  0.997926419651134      -5.191608961770433E-015
  3.261745183501895E-005  2.337846946205726E-005  2.337846946273904E-005
 -5.191608961770433E-015  0.995960903235597       0.997906465931217     
 -9.411499417826662E-005 -9.411499417755648E-005  4.370301482603220E-016
  3.219723459954920E-005 -9.411499417826662E-005  0.995812645849896     
 -1.419773665070041E-004 -6.671511364888956E-006  3.444062043406663E-005
 -9.411499417755648E-005 -1.419773665070041E-004  0.995812645849893     
  6.671511370553796E-006  3.444062043474836E-005  4.370301482603220E-016
 -6.671511364888956E-006  6.671511370553796E-006  0.997925481249469     
 -5.191537704040315E-015  3.219723459954920E-005  3.444062043406663E-005
  3.444062043474836E-005 -5.191537704040315E-015  0.995962403683200     
  0.997921781436102       2.477183605201073E-005 -4.234458079623925E-005
  3.462776732507405E-006 -1.259069705469941E-005  2.477183605201073E-005
  0.995912468678974       4.165590770552096E-005  1.034877564034455E-006
  2.251399653468036E-005 -4.234458079623925E-005  4.165590770552096E-005
  0.995927459223033       1.949601997416590E-005 -4.086054577105579E-006
  3.462776732507405E-006  1.034877564034455E-006  1.949601997416590E-005
  0.997947352836640       6.717366662986310E-006 -1.259069705469941E-005
  2.251399653468036E-005 -4.086054577105579E-006  6.717366662986310E-006
  0.995994764358406       0.997899414644330       6.994283724140213E-005
 -8.553091632227392E-005  1.706325208517085E-006 -1.489188844547548E-005
  6.994283724140213E-005  0.995804065466383       1.434381214791423E-004
 -2.451115359015979E-006  3.493290885964345E-005 -8.553091632227392E-005
  1.434381214791423E-004  0.995826732306320       9.616123838029042E-006
 -1.596227713230136E-005  1.706325208517085E-006 -2.451115359015979E-006
  9.616123838029042E-006  0.997946031999727       6.553710641419111E-006
 -1.489188844547548E-005  3.493290885964345E-005 -1.596227713230136E-005
  6.553710641419111E-006  0.995995130084448       0.997921781436101     
 -4.234458079694893E-005  2.477183605272042E-005 -3.462776731667807E-006
 -1.259069705469948E-005 -4.234458079694893E-005  0.995927459223037     
  4.165590770552090E-005 -1.949601996849909E-005 -4.086054577787556E-006
  2.477183605272042E-005  4.165590770552090E-005  0.995912468678970     
 -1.034877558367872E-006  2.251399653536241E-005 -3.462776731667807E-006
 -1.949601996849909E-005 -1.034877558367872E-006  0.997947352836641     
 -6.717366673369992E-006 -1.259069705469948E-005 -4.086054577787556E-006
  2.251399653536241E-005 -6.717366673369992E-006  0.995994764358406     
  0.997899414644330      -8.553091632298340E-005  6.994283724211158E-005
 -1.706325207656674E-006 -1.489188844547564E-005 -8.553091632298340E-005
  0.995826732306324       1.434381214791422E-004 -9.616123832362142E-006
 -1.596227713298364E-005  6.994283724211158E-005  1.434381214791422E-004
  0.995804065466379       2.451115364682376E-006  3.493290886032578E-005
 -1.706325207656674E-006 -9.616123832362142E-006  2.451115364682376E-006
  0.997946031999727      -6.553710651802775E-006 -1.489188844547564E-005
 -1.596227713298364E-005  3.493290886032578E-005 -6.553710651802775E-006
  0.995995130084448       0.997963776207053      -6.470827498267688E-005
 -6.470827498196697E-005  4.370957305997743E-016 -5.473169342740496E-005
 -6.470827498267688E-005  0.995956012570967       5.456989425761535E-006
 -4.470345713342382E-005  9.505863773191339E-005 -6.470827498196697E-005
  5.456989425761535E-006  0.995956012570963       4.470345713908988E-005
  9.505863773259484E-005  4.370957305997743E-016 -4.470345713342382E-005
  4.470345713908988E-005  0.997916422179917      -5.191215010584974E-015
 -5.473169342740496E-005  9.505863773191339E-005  9.505863773259484E-005
 -5.191215010584974E-015  0.995955221697749       0.997955295786112     
 -4.737481722834954E-005 -4.737481722763971E-005  4.440765072316418E-016
 -5.862732824425822E-005 -4.737481722834954E-005  0.995882836194326     
 -6.024907021305201E-005 -4.981752110756328E-005  9.577054479579586E-005
 -4.737481722763971E-005 -6.024907021305201E-005  0.995882836194322     
  4.981752111322850E-005  9.577054479647729E-005  4.440765072316418E-016
 -4.981752110756328E-005  4.981752111322850E-005  0.997914726627035     
 -5.191208682555972E-015 -5.862732824425822E-005  9.577054479579586E-005
  9.577054479647729E-005 -5.191208682555972E-015  0.995953751228560     
  0.000000000000000E+000  0.000000000000000E+000  0.000000000000000E+000
  0.000000000000000E+000  0.000000000000000E+000  0.000000000000000E+000
  0.000000000000000E+000  0.000000000000000E+000  0.000000000000000E+000
  0.000000000000000E+000  0.000000000000000E+000  0.000000000000000E+000
  0.000000000000000E+000  0.000000000000000E+000  0.000000000000000E+000
  0.000000000000000E+000  0.000000000000000E+000  0.000000000000000E+000
  0.000000000000000E+000  0.000000000000000E+000  0.000000000000000E+000
  0.000000000000000E+000  0.000000000000000E+000  0.000000000000000E+000
  0.000000000000000E+000  0.000000000000000E+000  0.000000000000000E+000
  0.000000000000000E+000  0.000000000000000E+000  0.000000000000000E+000
  0.000000000000000E+000  0.000000000000000E+000  0.000000000000000E+000
  0.000000000000000E+000  0.000000000000000E+000  0.000000000000000E+000
  0.000000000000000E+000  0.000000000000000E+000  0.000000000000000E+000
  0.000000000000000E+000  0.000000000000000E+000  0.000000000000000E+000
  0.000000000000000E+000  0.000000000000000E+000  0.000000000000000E+000
  0.000000000000000E+000  0.000000000000000E+000  0.000000000000000E+000
  0.000000000000000E+000  0.000000000000000E+000  0.000000000000000E+000
  0.000000000000000E+000  0.000000000000000E+000  0.000000000000000E+000
  0.000000000000000E+000  0.000000000000000E+000  0.000000000000000E+000
  0.000000000000000E+000  0.000000000000000E+000  0.000000000000000E+000
  0.000000000000000E+000  0.000000000000000E+000  0.000000000000000E+000
  0.000000000000000E+000  0.000000000000000E+000  0.000000000000000E+000
  0.000000000000000E+000  0.000000000000000E+000  0.000000000000000E+000
  0.000000000000000E+000  0.000000000000000E+000  0.000000000000000E+000
  0.000000000000000E+000  0.000000000000000E+000  0.000000000000000E+000
  0.000000000000000E+000  0.000000000000000E+000  0.000000000000000E+000
  0.000000000000000E+000  0.000000000000000E+000  0.000000000000000E+000
  0.000000000000000E+000  0.000000000000000E+000  0.000000000000000E+000
  0.000000000000000E+000  0.000000000000000E+000  0.000000000000000E+000
  0.000000000000000E+000  0.000000000000000E+000  0.000000000000000E+000
  0.000000000000000E+000  0.000000000000000E+000  0.000000000000000E+000
  0.000000000000000E+000  0.000000000000000E+000  0.000000000000000E+000
  0.000000000000000E+000  0.000000000000000E+000  0.000000000000000E+000
  0.000000000000000E+000  0.000000000000000E+000  0.000000000000000E+000
  0.000000000000000E+000  0.000000000000000E+000  0.000000000000000E+000
  0.000000000000000E+000  0.000000000000000E+000  0.000000000000000E+000
  0.000000000000000E+000  0.000000000000000E+000  0.000000000000000E+000
  0.000000000000000E+000  0.000000000000000E+000  0.000000000000000E+000
  0.000000000000000E+000  0.000000000000000E+000  0.000000000000000E+000
  0.000000000000000E+000  0.000000000000000E+000  0.000000000000000E+000
  0.000000000000000E+000  0.000000000000000E+000  0.000000000000000E+000
  0.000000000000000E+000  0.000000000000000E+000  0.000000000000000E+000
  0.000000000000000E+000  0.000000000000000E+000  0.000000000000000E+000
  0.000000000000000E+000  0.000000000000000E+000  0.000000000000000E+000
  0.000000000000000E+000  0.000000000000000E+000  0.000000000000000E+000
  0.000000000000000E+000  0.000000000000000E+000  0.000000000000000E+000
  0.000000000000000E+000  0.000000000000000E+000  0.000000000000000E+000
  0.000000000000000E+000  0.000000000000000E+000  0.000000000000000E+000
  0.000000000000000E+000  0.000000000000000E+000  0.000000000000000E+000
  0.000000000000000E+000  0.000000000000000E+000  0.000000000000000E+000
  0.000000000000000E+000  0.000000000000000E+000  0.000000000000000E+000
  0.000000000000000E+000  0.000000000000000E+000  0.000000000000000E+000
  0.000000000000000E+000  0.000000000000000E+000  0.000000000000000E+000
  0.000000000000000E+000  0.000000000000000E+000  0.000000000000000E+000
  0.000000000000000E+000  0.000000000000000E+000  0.000000000000000E+000
  0.000000000000000E+000  0.000000000000000E+000  0.000000000000000E+000
  0.000000000000000E+000  0.000000000000000E+000  0.000000000000000E+000
  0.000000000000000E+000  0.000000000000000E+000  0.000000000000000E+000
  0.000000000000000E+000  0.000000000000000E+000  0.000000000000000E+000
  0.000000000000000E+000  0.000000000000000E+000  0.000000000000000E+000
  0.000000000000000E+000  0.000000000000000E+000  0.000000000000000E+000
  0.000000000000000E+000  0.000000000000000E+000  0.000000000000000E+000
  0.000000000000000E+000  0.000000000000000E+000  0.000000000000000E+000
  0.000000000000000E+000  0.000000000000000E+000  0.000000000000000E+000
  0.000000000000000E+000  0.000000000000000E+000  0.000000000000000E+000
  0.000000000000000E+000  0.000000000000000E+000  0.000000000000000E+000
  0.000000000000000E+000  0.000000000000000E+000  0.997927984945394     
  1.630872591350373E-005  6.582614402331695E-006  2.711169184141383E-006
 -2.949187504872278E-005  1.630872591350373E-005  0.995960903235601     
 -2.337846946185452E-005  2.824754189754091E-005  2.337846946205724E-005
  6.582614402331695E-006 -2.337846946185452E-005  0.995935188962932     
  3.785475819960165E-005  1.416871849557684E-005  2.711169184141383E-006
  2.824754189754091E-005  3.785475819960165E-005  0.997931115533908     
 -2.462809040159969E-005 -2.949187504872278E-005  2.337846946205724E-005
  1.416871849557684E-005 -2.462809040159969E-005  0.995935188962932     
  0.997920727419908       1.609861729576899E-005  4.127979875873388E-005
 -8.233874334205584E-006 -5.283519541223232E-005  1.609861729576899E-005
  0.995962403683204      -3.444062043386416E-005  2.788362309651615E-005
  3.444062043406690E-005  4.127979875873388E-005 -3.444062043386416E-005
  0.995812645849892       8.484173151919455E-005  1.419773665078881E-004
 -8.233874334205584E-006  2.788362309651615E-005  8.484173151919455E-005
  0.997911219760778      -7.817022015383168E-005 -5.283519541223232E-005
  3.444062043406690E-005  1.419773665078881E-004 -7.817022015383168E-005
  0.995812645849892       0.997943958839125      -4.779383501786811E-007
  4.288241826294844E-006 -9.341352872962994E-006  1.328214828679725E-005
 -4.779383501786811E-007  0.995994764358410       4.086054577990250E-006
 -1.426254683311355E-005  2.251399653468049E-005  4.288241826294844E-006
  4.086054577990250E-006  0.995927459223033       4.641949266835802E-005
 -4.165590770463639E-005 -9.341352872962994E-006 -1.426254683311355E-005
  4.641949266835802E-005  0.997925175433617       2.093560053653436E-005
  1.328214828679725E-005  2.251399653468049E-005 -4.165590770463639E-005
  2.093560053653436E-005  0.995912468678970       0.997935855381857     
 -1.770264317726229E-006  3.443765062995852E-005 -1.933274441198728E-005
  3.284869045271855E-005 -1.770264317726229E-006  0.995995130084452     
  1.596227713318617E-005 -1.617360902571211E-005  3.493290885964371E-005
  3.443765062995852E-005  1.596227713318617E-005  0.995826732306320     
  7.888000826219401E-005 -1.434381214782576E-004 -1.933274441198728E-005
 -1.617360902571211E-005  7.888000826219401E-005  0.997909591262201     
  6.179783154244950E-005  3.284869045271855E-005  3.493290885964371E-005
 -1.434381214782576E-004  6.179783154244950E-005  0.995804065466378     
  0.997928260686703      -2.736584671770784E-005 -6.360192029965376E-006
  2.050489523489074E-005 -7.106846700534067E-005 -2.736584671770784E-005
  0.995955221697753      -9.505863773171037E-005 -4.739903689857547E-005
  9.505863773191334E-005 -6.360192029965376E-006 -9.505863773171037E-005
  0.995956012570963       7.839073853812649E-005 -5.456989424877135E-006
  2.050489523489074E-005 -4.739903689857547E-005  7.839073853812649E-005
  0.997951937700267      -3.368728140422812E-005 -7.106846700534067E-005
  9.505863773191334E-005 -5.456989424877135E-006 -3.368728140422812E-005
  0.995956012570963       0.997924868916805      -2.931366412613448E-005
 -1.945583022531180E-005  1.756696118489221E-005 -6.683064744636067E-005
 -2.931366412613448E-005  0.995953751228564      -9.577054479559298E-005
 -5.077275561383757E-005  9.577054479579595E-005 -1.945583022531180E-005
 -9.577054479559298E-005  0.995882836194322       6.593655577452413E-005
  6.024907021393626E-005  1.756696118489221E-005 -5.077275561383757E-005
  6.593655577452413E-005  0.997945153496341      -1.611903466648672E-005
 -6.683064744636067E-005  9.577054479579595E-005  6.024907021393626E-005
 -1.611903466648672E-005  0.995882836194322       0.997937961133890     
 -1.211275871253289E-005 -1.148968777251548E-005 -1.280412960500550E-005
 -3.805633896335180E-005 -1.211275871253289E-005  0.995994764358410     
 -2.251399653447778E-005 -7.545180164935396E-006 -4.086054577787495E-006
 -1.148968777251548E-005 -2.251399653447778E-005  0.995912468678970     
 -2.197047810009380E-005 -4.165590770463623E-005 -1.280412960500550E-005
 -7.545180164935396E-006 -2.197047810009380E-005  0.997931173138853     
 -2.692347269938371E-005 -3.805633896335180E-005 -4.086054577787495E-006
 -4.165590770463623E-005 -2.692347269938371E-005  0.995927459223033     
  0.997932899939903      -1.312162413576144E-005 -3.709414679598529E-005
 -2.103906962008101E-005 -5.109326568572262E-005 -1.312162413576144E-005
  0.995995130084452      -3.493290885944107E-005 -9.619898379101148E-006
 -1.596227713298345E-005 -3.709414679598529E-005 -3.493290885944107E-005
  0.995804065466379      -5.934671618295845E-005 -1.434381214782574E-004
 -2.103906962008101E-005 -9.619898379101148E-006 -5.934671618295845E-005
  0.997912546704155      -6.926388442935633E-005 -5.109326568572262E-005
 -1.596227713298345E-005 -1.434381214782574E-004 -6.926388442935633E-005
  0.995826732306320       0.000000000000000E+000  0.000000000000000E+000
  0.000000000000000E+000  0.000000000000000E+000  0.000000000000000E+000
  0.000000000000000E+000  0.000000000000000E+000  0.000000000000000E+000
  0.000000000000000E+000  0.000000000000000E+000  0.000000000000000E+000
  0.000000000000000E+000  0.000000000000000E+000  0.000000000000000E+000
  0.000000000000000E+000  0.000000000000000E+000  0.000000000000000E+000
  0.000000000000000E+000  0.000000000000000E+000  0.000000000000000E+000
  0.000000000000000E+000  0.000000000000000E+000  0.000000000000000E+000
  0.000000000000000E+000  0.000000000000000E+000  0.000000000000000E+000
  0.000000000000000E+000  0.000000000000000E+000  0.000000000000000E+000
  0.000000000000000E+000  0.000000000000000E+000  0.000000000000000E+000
  0.000000000000000E+000  0.000000000000000E+000  0.000000000000000E+000
  0.000000000000000E+000  0.000000000000000E+000  0.000000000000000E+000
  0.000000000000000E+000  0.000000000000000E+000  0.000000000000000E+000
  0.000000000000000E+000  0.000000000000000E+000  0.000000000000000E+000
  0.000000000000000E+000  0.000000000000000E+000  0.000000000000000E+000
  0.000000000000000E+000  0.000000000000000E+000  0.000000000000000E+000
  0.000000000000000E+000  0.000000000000000E+000  0.000000000000000E+000
  0.000000000000000E+000  0.000000000000000E+000  0.000000000000000E+000
  0.000000000000000E+000  0.000000000000000E+000  0.000000000000000E+000
  0.000000000000000E+000  0.000000000000000E+000  0.000000000000000E+000
  0.000000000000000E+000  0.000000000000000E+000  0.000000000000000E+000
  0.000000000000000E+000  0.000000000000000E+000  0.000000000000000E+000
  0.000000000000000E+000  0.000000000000000E+000  0.000000000000000E+000
  0.000000000000000E+000  0.000000000000000E+000  0.000000000000000E+000
  0.000000000000000E+000  0.000000000000000E+000  0.000000000000000E+000
  0.000000000000000E+000  0.000000000000000E+000  0.000000000000000E+000
  0.000000000000000E+000  0.000000000000000E+000  0.000000000000000E+000
  0.000000000000000E+000  0.000000000000000E+000  0.000000000000000E+000
  0.000000000000000E+000  0.000000000000000E+000  0.000000000000000E+000
  0.000000000000000E+000  0.000000000000000E+000  0.000000000000000E+000
  0.000000000000000E+000  0.000000000000000E+000  0.000000000000000E+000
  0.000000000000000E+000  0.000000000000000E+000  0.000000000000000E+000
  0.000000000000000E+000  0.000000000000000E+000  0.000000000000000E+000
  0.000000000000000E+000  0.000000000000000E+000  0.000000000000000E+000
  0.000000000000000E+000  0.000000000000000E+000  0.000000000000000E+000
  0.000000000000000E+000  0.000000000000000E+000  0.000000000000000E+000
  0.000000000000000E+000  0.000000000000000E+000  0.000000000000000E+000
  0.000000000000000E+000  0.000000000000000E+000  0.000000000000000E+000
  0.000000000000000E+000  0.000000000000000E+000  0.000000000000000E+000
  0.000000000000000E+000  0.000000000000000E+000  0.000000000000000E+000
  0.000000000000000E+000  0.000000000000000E+000  0.000000000000000E+000
  0.000000000000000E+000  0.000000000000000E+000  0.000000000000000E+000
  0.000000000000000E+000  0.000000000000000E+000  0.000000000000000E+000
  0.000000000000000E+000  0.000000000000000E+000  0.000000000000000E+000
  0.000000000000000E+000  0.000000000000000E+000  0.000000000000000E+000
  0.000000000000000E+000  0.000000000000000E+000  0.000000000000000E+000
  0.000000000000000E+000  0.000000000000000E+000  0.000000000000000E+000
  0.000000000000000E+000  0.000000000000000E+000  0.000000000000000E+000
  0.000000000000000E+000  0.000000000000000E+000  0.000000000000000E+000
  0.000000000000000E+000  0.000000000000000E+000  0.000000000000000E+000
  0.000000000000000E+000  0.000000000000000E+000  0.000000000000000E+000
  0.000000000000000E+000  0.000000000000000E+000  0.000000000000000E+000
  0.000000000000000E+000  0.000000000000000E+000  0.000000000000000E+000
  0.000000000000000E+000  0.000000000000000E+000  0.000000000000000E+000
  0.000000000000000E+000  0.000000000000000E+000  0.000000000000000E+000
  0.000000000000000E+000  0.000000000000000E+000  0.000000000000000E+000
  0.000000000000000E+000  0.000000000000000E+000  0.000000000000000E+000
  0.000000000000000E+000  0.000000000000000E+000  0.000000000000000E+000
  0.000000000000000E+000  0.000000000000000E+000  0.000000000000000E+000
  0.000000000000000E+000  0.000000000000000E+000  0.000000000000000E+000
  0.000000000000000E+000  0.000000000000000E+000  0.000000000000000E+000
  0.000000000000000E+000  0.000000000000000E+000  0.000000000000000E+000
  0.000000000000000E+000  0.000000000000000E+000  0.000000000000000E+000
  0.000000000000000E+000  0.000000000000000E+000  0.000000000000000E+000
  0.000000000000000E+000  0.000000000000000E+000  0.000000000000000E+000
  0.000000000000000E+000  0.000000000000000E+000  0.000000000000000E+000
  0.997936244665304      -4.666819408847692E-006 -1.895640455168797E-005
 -2.299917687822312E-005 -1.131182577457209E-005 -4.666819408847692E-006
  0.995959840996872       1.675587796367625E-005 -1.036738187060687E-005
  3.251601541037789E-005 -1.895640455168797E-005  1.675587796367625E-005
  0.995987643434420       3.283345581061184E-005 -1.675587796279159E-005
 -2.299917687822312E-005 -1.036738187060687E-005  3.283345581061184E-005
  0.997962801827226       1.142106771494130E-006 -1.131182577457209E-005
  3.251601541037789E-005 -1.675587796279159E-005  1.142106771494130E-006
  0.995959840996868       0.997932146060862       1.138854555057576E-006
 -2.684181887543505E-005 -1.203904206398264E-005 -1.392305761134067E-005
  1.138854555057576E-006  0.995954659971270       2.378101204807052E-005
 -1.673448010424450E-005  3.843041221996344E-005 -2.684181887543505E-005
  2.378101204807052E-005  0.995974570868054       4.649139405807316E-005
 -2.378101204718586E-005 -1.203904206398264E-005 -1.673448010424450E-005
  4.649139405807316E-005  0.997946047549213       9.353517027144808E-006
 -1.392305761134067E-005  3.843041221996344E-005 -2.378101204718586E-005
  9.353517027144808E-006  0.995954659971266       0.997921148256286     
  2.013346907080735E-005 -1.431978178595742E-005 -6.755101471668511E-006
  2.635177953786580E-005  2.013346907080735E-005  0.995964871491877     
  4.167629131816179E-006  1.880435023125963E-005  3.375089135450529E-005
 -1.431978178595742E-005  4.167629131816179E-006  0.995976179957140     
  2.480258960483606E-005 -4.167629130931590E-006 -6.755101471668511E-006
  1.880435023125963E-005  2.480258960483606E-005  0.997928948375590     
  8.033920565124742E-006  2.635177953786580E-005  3.375089135450529E-005
 -4.167629130931590E-006  8.033920565124742E-006  0.995964871491873     
  0.997916337268303       1.211638575570944E-005 -2.637913894945781E-005
  6.453373053327816E-006  3.016637902341387E-005  1.211638575570944E-005
  0.995957643690361      -7.098394158321462E-006  2.783773552101073E-005
  4.159044557623383E-005 -2.637913894945781E-005 -7.098394158321462E-006
  0.995952800206811       4.569000891863847E-005  7.098394159205975E-006
  6.453373053327816E-006  2.783773552101073E-005  4.569000891863847E-005
  0.997908885554962      -3.425769894881898E-006  3.016637902341387E-005
  4.159044557623383E-005  7.098394159205975E-006 -3.425769894881898E-006
  0.995957643690357       0.997907588365828       5.001919685673144E-005
  2.300778962167226E-005  3.038817716638497E-005  1.107304856358399E-004
  5.001919685673144E-005  0.995936831949721       1.182342127460445E-004
  8.137622752564282E-005  9.574931787741437E-005  2.300778962167226E-005
  1.182342127460445E-004  0.995981714038952       8.173500306974417E-005
 -1.976410474101762E-006  3.038817716638497E-005  8.137622752564282E-005
  8.173500306974417E-005  0.997953320911702       5.365733210903436E-005
  1.107304856358399E-004  9.574931787741437E-005 -1.976410474101762E-006
  5.365733210903436E-005  0.995985051849845       0.997899259015912     
  5.410444636639193E-005  3.350741031257936E-005  3.978337573032344E-005
  1.158343762889137E-004  5.410444636639193E-005  0.995932893147852     
  1.126687109940267E-004  7.696585113830113E-005  9.239290237828731E-005
  3.350741031257936E-005  1.126687109940267E-004  0.995964960895244     
  6.970872064895344E-005 -9.260827152808455E-006  3.978337573032344E-005
  7.696585113830113E-005  6.970872064895344E-005  0.997943219683467     
  4.708361033083905E-005  1.158343762889137E-004  9.239290237828731E-005
 -9.260827152808455E-006  4.708361033083905E-005  0.995980179812554     
  0.997968204708635       1.018338555241325E-004 -8.228848384914197E-005
 -4.608684670677413E-006  9.548347873024645E-005  1.018338555241325E-004
  0.995985051849849       1.976410474986431E-006  6.906674747861140E-005
  9.574931787741441E-005 -8.228848384914197E-005  1.976410474986431E-006
  0.995981714038952       2.094217123670518E-005 -1.182342127451597E-004
 -4.608684670677413E-006  6.906674747861140E-005  2.094217123670518E-005
  0.997892704568895       2.629781391129991E-006  9.548347873024645E-005
  9.574931787741441E-005 -1.182342127451597E-004  2.629781391129991E-006
  0.995936831949717       0.997966682930610       9.869279079334129E-005
 -7.712322810510455E-005  8.561604291565985E-007  9.370660549338776E-005
  9.869279079334129E-005  0.995980179812558       9.260827153693137E-006
  7.677370733140897E-005  9.239290237828735E-005 -7.712322810510455E-005
  9.260827153693137E-006  0.995964960895243       5.836091777883549E-006
 -1.126687109931419E-004  8.561604291565985E-007  7.677370733140897E-005
  5.836091777883549E-006  0.997875795768769       8.372899440964746E-006
  9.370660549338776E-005  9.239290237828735E-005 -1.126687109931419E-004
  8.372899440964746E-006  0.995932893147848       0.000000000000000E+000
  0.000000000000000E+000  0.000000000000000E+000  0.000000000000000E+000
  0.000000000000000E+000  0.000000000000000E+000  0.000000000000000E+000
  0.000000000000000E+000  0.000000000000000E+000  0.000000000000000E+000
  0.000000000000000E+000  0.000000000000000E+000  0.000000000000000E+000
  0.000000000000000E+000  0.000000000000000E+000  0.000000000000000E+000
  0.000000000000000E+000  0.000000000000000E+000  0.000000000000000E+000
  0.000000000000000E+000  0.000000000000000E+000  0.000000000000000E+000
  0.000000000000000E+000  0.000000000000000E+000  0.000000000000000E+000
  0.000000000000000E+000  0.000000000000000E+000  0.000000000000000E+000
  0.000000000000000E+000  0.000000000000000E+000  0.000000000000000E+000
  0.000000000000000E+000  0.000000000000000E+000  0.000000000000000E+000
  0.000000000000000E+000  0.000000000000000E+000  0.000000000000000E+000
  0.000000000000000E+000  0.000000000000000E+000  0.000000000000000E+000
  0.000000000000000E+000  0.000000000000000E+000  0.000000000000000E+000
  0.000000000000000E+000  0.000000000000000E+000  0.000000000000000E+000
  0.000000000000000E+000  0.000000000000000E+000  0.000000000000000E+000
  0.000000000000000E+000  0.000000000000000E+000  0.000000000000000E+000
  0.000000000000000E+000  0.000000000000000E+000  0.000000000000000E+000
  0.000000000000000E+000  0.000000000000000E+000  0.000000000000000E+000
  0.000000000000000E+000  0.000000000000000E+000  0.000000000000000E+000
  0.000000000000000E+000  0.000000000000000E+000  0.000000000000000E+000
  0.000000000000000E+000  0.000000000000000E+000  0.000000000000000E+000
  0.000000000000000E+000  0.000000000000000E+000  0.000000000000000E+000
  0.000000000000000E+000  0.000000000000000E+000  0.000000000000000E+000
  0.000000000000000E+000  0.000000000000000E+000  0.000000000000000E+000
  0.000000000000000E+000  0.000000000000000E+000  0.000000000000000E+000
  0.000000000000000E+000  0.000000000000000E+000  0.000000000000000E+000
  0.000000000000000E+000  0.000000000000000E+000  0.000000000000000E+000
  0.000000000000000E+000  0.000000000000000E+000  0.000000000000000E+000
  0.000000000000000E+000  0.000000000000000E+000  0.000000000000000E+000
  0.000000000000000E+000  0.000000000000000E+000  0.000000000000000E+000
  0.000000000000000E+000  0.000000000000000E+000  0.000000000000000E+000
  0.000000000000000E+000  0.000000000000000E+000  0.000000000000000E+000
  0.000000000000000E+000  0.000000000000000E+000  0.000000000000000E+000
  0.000000000000000E+000  0.000000000000000E+000  0.000000000000000E+000
  0.000000000000000E+000  0.000000000000000E+000  0.000000000000000E+000
  0.000000000000000E+000  0.000000000000000E+000  0.000000000000000E+000
  0.000000000000000E+000  0.000000000000000E+000  0.000000000000000E+000
  0.000000000000000E+000  0.000000000000000E+000  0.000000000000000E+000
  0.000000000000000E+000  0.000000000000000E+000  0.000000000000000E+000
  0.000000000000000E+000  0.000000000000000E+000  0.000000000000000E+000
  0.000000000000000E+000  0.000000000000000E+000  0.000000000000000E+000
  0.000000000000000E+000  0.000000000000000E+000  0.000000000000000E+000
  0.000000000000000E+000  0.000000000000000E+000  0.000000000000000E+000
  0.000000000000000E+000  0.000000000000000E+000  0.000000000000000E+000
  0.000000000000000E+000  0.000000000000000E+000  0.000000000000000E+000
  0.000000000000000E+000  0.000000000000000E+000  0.000000000000000E+000
  0.000000000000000E+000  0.000000000000000E+000  0.000000000000000E+000
  0.000000000000000E+000  0.000000000000000E+000  0.000000000000000E+000
  0.000000000000000E+000  0.000000000000000E+000  0.000000000000000E+000
  0.000000000000000E+000  0.000000000000000E+000  0.000000000000000E+000
  0.000000000000000E+000  0.000000000000000E+000  0.000000000000000E+000
  0.000000000000000E+000  0.000000000000000E+000  0.000000000000000E+000
  0.000000000000000E+000  0.000000000000000E+000  0.000000000000000E+000
  0.000000000000000E+000  0.000000000000000E+000  0.000000000000000E+000
  0.000000000000000E+000  0.000000000000000E+000  0.000000000000000E+000
  0.000000000000000E+000  0.000000000000000E+000  0.000000000000000E+000
  0.000000000000000E+000  0.000000000000000E+000  0.000000000000000E+000
  0.000000000000000E+000  0.000000000000000E+000  0.000000000000000E+000
  0.000000000000000E+000  0.000000000000000E+000  0.000000000000000E+000
  0.000000000000000E+000  0.000000000000000E+000  0.000000000000000E+000
  0.000000000000000E+000  0.000000000000000E+000  0.000000000000000E+000
  0.000000000000000E+000  0.000000000000000E+000  0.000000000000000E+000
  0.000000000000000E+000  0.000000000000000E+000  0.000000000000000E+000
  0.000000000000000E+000  0.000000000000000E+000  0.000000000000000E+000
  0.000000000000000E+000  0.000000000000000E+000  0.000000000000000E+000
  0.000000000000000E+000  0.997927984945394       6.582614401621993E-006
  1.630872591421336E-005 -2.711169183253175E-006 -2.949187504872272E-005
  6.582614401621993E-006  0.995935188962936      -2.337846946185450E-005
 -3.785475819393549E-005  1.416871849489521E-005  1.630872591421336E-005
 -2.337846946185450E-005  0.995960903235597      -2.824754189187429E-005
  2.337846946273905E-005 -2.711169183253175E-006 -3.785475819393549E-005
 -2.824754189187429E-005  0.997931115533908       2.462809039121668E-005
 -2.949187504872272E-005  1.416871849489521E-005  2.337846946273905E-005
  2.462809039121668E-005  0.995935188962932       0.997920727419908     
  4.127979875802441E-005  1.609861729647851E-005  8.233874335073066E-006
 -5.283519541223234E-005  4.127979875802441E-005  0.995812645849896     
 -3.444062043386364E-005 -8.484173151353033E-005  1.419773665072070E-004
  1.609861729647851E-005 -3.444062043386364E-005  0.995962403683200     
 -2.788362309084947E-005  3.444062043474817E-005  8.233874335073066E-006
 -8.484173151353033E-005 -2.788362309084947E-005  0.997911219760779     
  7.817022014345025E-005 -5.283519541223234E-005  1.419773665072070E-004
  3.444062043474817E-005  7.817022014345025E-005  0.995812645849892     
  0.997928260686703      -6.360192030675229E-006 -2.736584671699804E-005
 -2.050489523403026E-005 -7.106846700534044E-005 -6.360192030675229E-006
  0.995956012570967      -9.505863773171060E-005 -7.839073853246041E-005
 -5.456989425558467E-006 -2.736584671699804E-005 -9.505863773171060E-005
  0.995955221697749       4.739903690424105E-005  9.505863773259478E-005
 -2.050489523403026E-005 -7.839073853246041E-005  4.739903690424105E-005
  0.997951937700267       3.368728139384500E-005 -7.106846700534044E-005
 -5.456989425558467E-006  9.505863773259478E-005  3.368728139384500E-005
  0.995956012570963       0.997924868916805      -1.945583022602157E-005
 -2.931366412542463E-005 -1.756696118400400E-005 -6.683064744636056E-005
 -1.945583022602157E-005  0.995882836194326      -9.577054479559292E-005
 -6.593655576885893E-005  6.024907021325504E-005 -2.931366412542463E-005
 -9.577054479559292E-005  0.995953751228560       5.077275561950307E-005
  9.577054479647712E-005 -1.756696118400400E-005 -6.593655576885893E-005
  5.077275561950307E-005  0.997945153496341       1.611903465610454E-005
 -6.683064744636056E-005  6.024907021325504E-005  9.577054479647712E-005
  1.611903465610454E-005  0.995882836194322       0.997943958839125     
  4.288241825585090E-006 -4.779383494688751E-007  9.341352873816524E-006
  1.328214828679729E-005  4.288241825585090E-006  0.995927459223037     
  4.086054577990245E-006 -4.641949266269109E-005 -4.165590770531811E-005
 -4.779383494688751E-007  4.086054577990245E-006  0.995994764358406     
  1.426254683878036E-005  2.251399653536224E-005  9.341352873816524E-006
 -4.641949266269109E-005  1.426254683878036E-005  0.997925175433617     
 -2.093560054691759E-005  1.328214828679729E-005 -4.165590770531811E-005
  2.251399653536224E-005 -2.093560054691759E-005  0.995912468678970     
  0.997935855381857       3.443765062924886E-005 -1.770264317016455E-006
  1.933274441286170E-005  3.284869045271868E-005  3.443765062924886E-005
  0.995826732306324       1.596227713318613E-005 -7.888000825652687E-005
 -1.434381214789393E-004 -1.770264317016455E-006  1.596227713318613E-005
  0.995995130084448       1.617360903137886E-005  3.493290886032540E-005
  1.933274441286170E-005 -7.888000825652687E-005  1.617360903137886E-005
  0.997909591262201      -6.179783155283243E-005  3.284869045271868E-005
 -1.434381214789393E-004  3.493290886032540E-005 -6.179783155283243E-005
  0.995804065466379       0.997937961133890      -1.148968777322513E-005
 -1.211275871182311E-005  1.280412960587283E-005 -3.805633896335177E-005
 -1.148968777322513E-005  0.995912468678974      -2.251399653447769E-005
  2.197047810576049E-005 -4.165590770531823E-005 -1.211275871182311E-005
 -2.251399653447769E-005  0.995994764358406       7.545180170602234E-006
 -4.086054577105665E-006  1.280412960587283E-005  2.197047810576049E-005
  7.545180170602234E-006  0.997931173138852       2.692347268900030E-005
 -3.805633896335177E-005 -4.165590770531823E-005 -4.086054577105665E-006
  2.692347268900030E-005  0.995927459223033       0.997932899939902     
 -3.709414679669485E-005 -1.312162413505163E-005  2.103906962094827E-005
 -5.109326568572251E-005 -3.709414679669485E-005  0.995804065466383     
 -3.493290885944094E-005  5.934671618862521E-005 -1.434381214789396E-004
 -1.312162413505163E-005 -3.493290885944094E-005  0.995995130084448     
  9.619898384768020E-006 -1.596227713230163E-005  2.103906962094827E-005
  5.934671618862521E-005  9.619898384768020E-006  0.997912546704155     
  6.926388441897313E-005 -5.109326568572251E-005 -1.434381214789396E-004
 -1.596227713230163E-005  6.926388441897313E-005  0.995826732306320     
  0.000000000000000E+000  0.000000000000000E+000  0.000000000000000E+000
  0.000000000000000E+000  0.000000000000000E+000  0.000000000000000E+000
  0.000000000000000E+000  0.000000000000000E+000  0.000000000000000E+000
  0.000000000000000E+000  0.000000000000000E+000  0.000000000000000E+000
  0.000000000000000E+000  0.000000000000000E+000  0.000000000000000E+000
  0.000000000000000E+000  0.000000000000000E+000  0.000000000000000E+000
  0.000000000000000E+000  0.000000000000000E+000  0.000000000000000E+000
  0.000000000000000E+000  0.000000000000000E+000  0.000000000000000E+000
  0.000000000000000E+000  0.000000000000000E+000  0.000000000000000E+000
  0.000000000000000E+000  0.000000000000000E+000  0.000000000000000E+000
  0.000000000000000E+000  0.000000000000000E+000  0.000000000000000E+000
  0.000000000000000E+000  0.000000000000000E+000  0.000000000000000E+000
  0.000000000000000E+000  0.000000000000000E+000  0.000000000000000E+000
  0.000000000000000E+000  0.000000000000000E+000  0.000000000000000E+000
  0.000000000000000E+000  0.000000000000000E+000  0.000000000000000E+000
  0.000000000000000E+000  0.000000000000000E+000  0.000000000000000E+000
  0.000000000000000E+000  0.000000000000000E+000  0.000000000000000E+000
  0.000000000000000E+000  0.000000000000000E+000  0.000000000000000E+000
  0.000000000000000E+000  0.000000000000000E+000  0.000000000000000E+000
  0.000000000000000E+000  0.000000000000000E+000  0.000000000000000E+000
  0.000000000000000E+000  0.000000000000000E+000  0.000000000000000E+000
  0.000000000000000E+000  0.000000000000000E+000  0.000000000000000E+000
  0.000000000000000E+000  0.000000000000000E+000  0.000000000000000E+000
  0.000000000000000E+000  0.000000000000000E+000  0.000000000000000E+000
  0.000000000000000E+000  0.000000000000000E+000  0.000000000000000E+000
  0.000000000000000E+000  0.000000000000000E+000  0.000000000000000E+000
  0.000000000000000E+000  0.000000000000000E+000  0.000000000000000E+000
  0.000000000000000E+000  0.000000000000000E+000  0.000000000000000E+000
  0.000000000000000E+000  0.000000000000000E+000  0.000000000000000E+000
  0.000000000000000E+000  0.000000000000000E+000  0.000000000000000E+000
  0.000000000000000E+000  0.000000000000000E+000  0.000000000000000E+000
  0.000000000000000E+000  0.000000000000000E+000  0.000000000000000E+000
  0.000000000000000E+000  0.000000000000000E+000  0.000000000000000E+000
  0.000000000000000E+000  0.000000000000000E+000  0.000000000000000E+000
  0.000000000000000E+000  0.000000000000000E+000  0.000000000000000E+000
  0.000000000000000E+000  0.000000000000000E+000  0.000000000000000E+000
  0.000000000000000E+000  0.000000000000000E+000  0.000000000000000E+000
  0.000000000000000E+000  0.000000000000000E+000  0.000000000000000E+000
  0.000000000000000E+000  0.000000000000000E+000  0.000000000000000E+000
  0.000000000000000E+000  0.000000000000000E+000  0.000000000000000E+000
  0.000000000000000E+000  0.000000000000000E+000  0.000000000000000E+000
  0.000000000000000E+000  0.000000000000000E+000  0.000000000000000E+000
  0.000000000000000E+000  0.000000000000000E+000  0.000000000000000E+000
  0.000000000000000E+000  0.000000000000000E+000  0.000000000000000E+000
  0.000000000000000E+000  0.000000000000000E+000  0.000000000000000E+000
  0.000000000000000E+000  0.000000000000000E+000  0.000000000000000E+000
  0.000000000000000E+000  0.000000000000000E+000  0.000000000000000E+000
  0.000000000000000E+000  0.000000000000000E+000  0.000000000000000E+000
  0.000000000000000E+000  0.000000000000000E+000  0.000000000000000E+000
  0.000000000000000E+000  0.000000000000000E+000  0.000000000000000E+000
  0.000000000000000E+000  0.000000000000000E+000  0.000000000000000E+000
  0.000000000000000E+000  0.000000000000000E+000  0.000000000000000E+000
  0.000000000000000E+000  0.000000000000000E+000  0.000000000000000E+000
  0.000000000000000E+000  0.000000000000000E+000  0.000000000000000E+000
  0.000000000000000E+000  0.000000000000000E+000  0.000000000000000E+000
  0.000000000000000E+000  0.000000000000000E+000  0.000000000000000E+000
  0.000000000000000E+000  0.000000000000000E+000  0.000000000000000E+000
  0.000000000000000E+000  0.000000000000000E+000  0.000000000000000E+000
  0.000000000000000E+000  0.000000000000000E+000  0.000000000000000E+000
  0.000000000000000E+000  0.000000000000000E+000  0.000000000000000E+000
  0.000000000000000E+000  0.000000000000000E+000  0.000000000000000E+000
  0.000000000000000E+000  0.000000000000000E+000  0.000000000000000E+000
  0.000000000000000E+000  0.000000000000000E+000  0.000000000000000E+000
  0.000000000000000E+000  0.000000000000000E+000  0.000000000000000E+000
  0.000000000000000E+000  0.000000000000000E+000  0.000000000000000E+000
  0.000000000000000E+000  0.000000000000000E+000  0.000000000000000E+000
  0.000000000000000E+000  0.000000000000000E+000  0.997936244665304     
 -1.895640455239778E-005 -4.666819408137933E-006  2.299917687909742E-005
 -1.131182577457213E-005 -1.895640455239778E-005  0.995987643434424     
  1.675587796367609E-005 -3.283345580494474E-005 -1.675587796347334E-005
 -4.666819408137933E-006  1.675587796367609E-005  0.995959840996868     
  1.036738187627349E-005  3.251601541105974E-005  2.299917687909742E-005
 -3.283345580494474E-005  1.036738187627349E-005  0.997962801827226     
 -1.142106781877630E-006 -1.131182577457213E-005 -1.675587796347334E-005
  3.251601541105974E-005 -1.142106781877630E-006  0.995959840996868     
  0.997932146060862      -2.684181887614485E-005  1.138854555767326E-006
  1.203904206482920E-005 -1.392305761134069E-005 -2.684181887614485E-005
  0.995974570868058       2.378101204807035E-005 -4.649139405240606E-005
 -2.378101204786759E-005  1.138854555767326E-006  2.378101204807035E-005
  0.995954659971266       1.673448010991108E-005  3.843041222064529E-005
  1.203904206482920E-005 -4.649139405240606E-005  1.673448010991108E-005
  0.997946047549213      -9.353517037528250E-006 -1.392305761134069E-005
 -2.378101204786759E-005  3.843041222064529E-005 -9.353517037528250E-006
  0.995954659971266       0.997907588365828       2.300778962096244E-005
  5.001919685744107E-005 -3.038817716551752E-005  1.107304856358400E-004
  2.300778962096244E-005  0.995981714038956       1.182342127460442E-004
 -8.173500306407683E-005 -1.976410474783384E-006  5.001919685744107E-005
  1.182342127460442E-004  0.995936831949718      -8.137622751997609E-005
  9.574931787809649E-005 -3.038817716551752E-005 -8.173500306407683E-005
 -8.137622751997609E-005  0.997953320911702      -5.365733211941752E-005
  1.107304856358400E-004 -1.976410474783384E-006  9.574931787809649E-005
 -5.365733211941752E-005  0.995985051849844       0.997899259015912     
  3.350741031186959E-005  5.410444636710155E-005 -3.978337572944903E-005
  1.158343762889139E-004  3.350741031186959E-005  0.995964960895247     
  1.126687109940264E-004 -6.970872064328615E-005 -9.260827153490136E-006
  5.410444636710155E-005  1.126687109940264E-004  0.995932893147848     
 -7.696585113263443E-005  9.239290237896943E-005 -3.978337572944903E-005
 -6.970872064328615E-005 -7.696585113263443E-005  0.997943219683467     
 -4.708361034122218E-005  1.158343762889139E-004 -9.260827153490136E-006
  9.239290237896943E-005 -4.708361034122218E-005  0.995980179812554     
  0.997921148256286      -1.431978178666726E-005  2.013346907151712E-005
  6.755101472556702E-006  2.635177953786576E-005 -1.431978178666726E-005
  0.995976179957144       4.167629131816085E-006 -2.480258959916923E-005
 -4.167629131613327E-006  2.013346907151712E-005  4.167629131816085E-006
  0.995964871491874      -1.880435022559302E-005  3.375089135518716E-005
  6.755101472556702E-006 -2.480258959916923E-005 -1.880435022559302E-005
  0.997928948375591      -8.033920575508050E-006  2.635177953786576E-005
 -4.167629131613327E-006  3.375089135518716E-005 -8.033920575508050E-006
  0.995964871491873       0.997916337268303      -2.637913895016770E-005
  1.211638575641926E-005 -6.453373052495158E-006  3.016637902341388E-005
 -2.637913895016770E-005  0.995952800206815      -7.098394158321513E-006
 -4.569000891297203E-005  7.098394158524327E-006  1.211638575641926E-005
 -7.098394158321513E-006  0.995957643690357      -2.783773551534421E-005
  4.159044557691567E-005 -6.453373052495158E-006 -4.569000891297203E-005
 -2.783773551534421E-005  0.997908885554962       3.425769884498787E-006
  3.016637902341388E-005  7.098394158524327E-006  4.159044557691567E-005
  3.425769884498787E-006  0.995957643690357       0.997968204708636     
 -8.228848384985194E-005  1.018338555248423E-004  4.608684671537825E-006
  9.548347873024641E-005 -8.228848384985194E-005  0.995981714038956     
  1.976410474986043E-006 -2.094217123103756E-005 -1.182342127458415E-004
  1.018338555248423E-004  1.976410474986043E-006  0.995985051849845     
 -6.906674747294506E-005  9.574931787809643E-005  4.608684671537825E-006
 -2.094217123103756E-005 -6.906674747294506E-005  0.997892704568895     
 -2.629781401513208E-006  9.548347873024641E-005 -1.182342127458415E-004
  9.574931787809643E-005 -2.629781401513208E-006  0.995936831949717     
  0.997966682930611      -7.712322810581443E-005  9.869279079405113E-005
 -8.561604283170225E-007  9.370660549338774E-005 -7.712322810581443E-005
  0.995964960895247       9.260827153692782E-006 -5.836091772216006E-006
 -1.126687109938237E-004  9.869279079405113E-005  9.260827153692782E-006
  0.995980179812554      -7.677370732574266E-005  9.239290237896938E-005
 -8.561604283170225E-007 -5.836091772216006E-006 -7.677370732574266E-005
  0.997875795768768      -8.372899451347841E-006  9.370660549338774E-005
 -1.126687109938237E-004  9.239290237896938E-005 -8.372899451347841E-006
  0.995932893147848       0.000000000000000E+000  0.000000000000000E+000
  0.000000000000000E+000  0.000000000000000E+000  0.000000000000000E+000
  0.000000000000000E+000  0.000000000000000E+000  0.000000000000000E+000
  0.000000000000000E+000  0.000000000000000E+000  0.000000000000000E+000
  0.000000000000000E+000  0.000000000000000E+000  0.000000000000000E+000
  0.000000000000000E+000  0.000000000000000E+000  0.000000000000000E+000
  0.000000000000000E+000  0.000000000000000E+000  0.000000000000000E+000
  0.000000000000000E+000  0.000000000000000E+000  0.000000000000000E+000
  0.000000000000000E+000  0.000000000000000E+000  0.000000000000000E+000
  0.000000000000000E+000  0.000000000000000E+000  0.000000000000000E+000
  0.000000000000000E+000  0.000000000000000E+000  0.000000000000000E+000
  0.000000000000000E+000  0.000000000000000E+000  0.000000000000000E+000
  0.000000000000000E+000  0.000000000000000E+000  0.000000000000000E+000
  0.000000000000000E+000  0.000000000000000E+000  0.000000000000000E+000
  0.000000000000000E+000  0.000000000000000E+000  0.000000000000000E+000
  0.000000000000000E+000  0.000000000000000E+000  0.000000000000000E+000
  0.000000000000000E+000  0.000000000000000E+000  0.000000000000000E+000
  0.000000000000000E+000  0.000000000000000E+000  0.000000000000000E+000
  0.000000000000000E+000  0.000000000000000E+000  0.000000000000000E+000
  0.000000000000000E+000  0.000000000000000E+000  0.000000000000000E+000
  0.000000000000000E+000  0.000000000000000E+000  0.000000000000000E+000
  0.000000000000000E+000  0.000000000000000E+000  0.000000000000000E+000
  0.000000000000000E+000  0.000000000000000E+000  0.000000000000000E+000
  0.000000000000000E+000  0.000000000000000E+000  0.000000000000000E+000
  0.000000000000000E+000  0.000000000000000E+000  0.000000000000000E+000
  0.000000000000000E+000  0.000000000000000E+000  0.000000000000000E+000
  0.000000000000000E+000  0.000000000000000E+000  0.000000000000000E+000
  0.000000000000000E+000  0.000000000000000E+000  0.000000000000000E+000
  0.000000000000000E+000  0.000000000000000E+000  0.000000000000000E+000
  0.000000000000000E+000  0.000000000000000E+000  0.000000000000000E+000
  0.000000000000000E+000  0.000000000000000E+000  0.000000000000000E+000
  0.000000000000000E+000  0.000000000000000E+000  0.000000000000000E+000
  0.000000000000000E+000  0.000000000000000E+000  0.000000000000000E+000
  0.000000000000000E+000  0.000000000000000E+000  0.000000000000000E+000
  0.000000000000000E+000  0.000000000000000E+000  0.000000000000000E+000
  0.000000000000000E+000  0.000000000000000E+000  0.000000000000000E+000
  0.000000000000000E+000  0.000000000000000E+000  0.000000000000000E+000
  0.000000000000000E+000  0.000000000000000E+000  0.000000000000000E+000
  0.000000000000000E+000  0.000000000000000E+000  0.000000000000000E+000
  0.000000000000000E+000  0.000000000000000E+000  0.000000000000000E+000
  0.000000000000000E+000  0.000000000000000E+000  0.000000000000000E+000
  0.000000000000000E+000  0.000000000000000E+000  0.000000000000000E+000
  0.000000000000000E+000  0.000000000000000E+000  0.000000000000000E+000
  0.000000000000000E+000  0.000000000000000E+000  0.000000000000000E+000
  0.000000000000000E+000  0.000000000000000E+000  0.000000000000000E+000
  0.000000000000000E+000  0.000000000000000E+000  0.000000000000000E+000
  0.000000000000000E+000  0.000000000000000E+000  0.000000000000000E+000
  0.000000000000000E+000  0.000000000000000E+000  0.000000000000000E+000
  0.000000000000000E+000  0.000000000000000E+000  0.000000000000000E+000
  0.000000000000000E+000  0.000000000000000E+000  0.000000000000000E+000
  0.000000000000000E+000  0.000000000000000E+000  0.000000000000000E+000
  0.000000000000000E+000  0.000000000000000E+000  0.000000000000000E+000
  0.000000000000000E+000  0.000000000000000E+000  0.000000000000000E+000
  0.000000000000000E+000  0.000000000000000E+000  0.000000000000000E+000
  0.000000000000000E+000  0.000000000000000E+000  0.000000000000000E+000
  0.000000000000000E+000  0.000000000000000E+000  0.000000000000000E+000
  0.000000000000000E+000  0.000000000000000E+000  0.000000000000000E+000
  0.000000000000000E+000  0.000000000000000E+000  0.000000000000000E+000
  0.000000000000000E+000  0.000000000000000E+000  0.000000000000000E+000
  0.000000000000000E+000  0.000000000000000E+000  0.000000000000000E+000
  0.000000000000000E+000  0.000000000000000E+000  0.000000000000000E+000
  0.000000000000000E+000  0.000000000000000E+000  0.000000000000000E+000
  0.000000000000000E+000  0.000000000000000E+000  0.000000000000000E+000
  0.000000000000000E+000  0.000000000000000E+000  0.000000000000000E+000
  0.000000000000000E+000  0.000000000000000E+000  0.000000000000000E+000
  0.000000000000000E+000  0.000000000000000E+000  0.000000000000000E+000
  0.000000000000000E+000  0.000000000000000E+000  0.000000000000000E+000
  0.997976080408190      -6.645006373736276E-006 -6.645006373026559E-006
  4.440897590966676E-016 -3.791280909678307E-005 -6.645006373736276E-006
  0.995959840996872      -3.251601541017518E-005 -9.225275093920971E-006
 -1.675587796347344E-005 -6.645006373026559E-006 -3.251601541017518E-005
  0.995959840996868       9.225275099587657E-006 -1.675587796279150E-005
  4.440897590966676E-016 -9.225275093920971E-006  9.225275099587657E-006
  0.997922966084340      -5.191921040569771E-015 -3.791280909678307E-005
 -1.675587796347344E-005 -1.675587796279150E-005 -5.191921040569771E-015
  0.995987643434419       0.997952998293392      -1.506191217441009E-005
 -1.506191217370037E-005  4.371385544887427E-016 -5.368363774427724E-005
 -1.506191217441009E-005  0.995954659971270      -3.843041221976074E-005
 -7.380963071907924E-006 -2.378101204786770E-005 -1.506191217370037E-005
 -3.843041221976074E-005  0.995954659971266       7.380963077574607E-006
 -2.378101204718575E-005  4.371385544887427E-016 -7.380963071907924E-006
  7.380963077574607E-006  0.997925195316683      -5.191909968295862E-015
 -5.368363774427724E-005 -2.378101204786770E-005 -2.378101204718575E-005
 -5.191909968295862E-015  0.995974570868054       0.997915570841835     
  8.896630103696144E-006  4.546428186621286E-005 -3.499686183662540E-005
 -5.928069422087645E-005  8.896630103696144E-006  0.995985051849849     
 -9.574931787721184E-005  1.227240795928373E-004 -1.976410474783749E-006
  4.546428186621286E-005 -9.574931787721184E-005  0.995936831949717     
 -8.400600891629745E-005 -1.182342127451594E-004 -3.499686183662540E-005
  1.227240795928373E-004 -8.400600891629745E-005  0.997945338435696     
  6.079283182784704E-005 -5.928069422087645E-005 -1.976410474783749E-006
 -1.182342127451594E-004  6.079283182784704E-005  0.995981714038952     
  0.997897776102549       1.714158548756124E-005  3.960215911969376E-005
 -3.892721530071593E-005 -4.361581778593192E-005  1.714158548756124E-005
  0.995980179812558      -9.239290237808474E-005  1.238573176674396E-004
 -9.260827153490463E-006  3.960215911969376E-005 -9.239290237808474E-005
  0.995932893147848      -8.533875057879054E-005 -1.126687109931417E-004
 -3.892721530071593E-005  1.238573176674396E-004 -8.533875057879054E-005
  0.997944702596829       6.387262886587798E-005 -4.361581778593192E-005
 -9.260827153490463E-006 -1.126687109931417E-004  6.387262886587798E-005
  0.995964960895243       0.997915570841835       4.546428186550335E-005
  8.896630104405685E-006  3.499686183751349E-005 -5.928069422087640E-005
  4.546428186550335E-005  0.995936831949722      -9.574931787721199E-005
  8.400600892196452E-005 -1.182342127458417E-004  8.896630104405685E-006
 -9.574931787721199E-005  0.995985051849845      -1.227240795871711E-004
 -1.976410474101408E-006  3.499686183751349E-005  8.400600892196452E-005
 -1.227240795871711E-004  0.997945338435696      -6.079283183823108E-005
 -5.928069422087640E-005 -1.182342127458417E-004 -1.976410474101408E-006
 -6.079283183823108E-005  0.995981714038952       0.997897776102550     
  3.960215911898422E-005  1.714158548827081E-005  3.892721530156932E-005
 -4.361581778593196E-005  3.960215911898422E-005  0.995932893147852     
 -9.239290237808491E-005  8.533875058445753E-005 -1.126687109938239E-004
  1.714158548827081E-005 -9.239290237808491E-005  0.995980179812554     
 -1.238573176617733E-004 -9.260827152808144E-006  3.892721530156932E-005
  8.533875058445753E-005 -1.238573176617733E-004  0.997944702596829     
 -6.387262887626187E-005 -4.361581778593196E-005 -1.126687109938239E-004
 -9.260827152808144E-006 -6.387262887626187E-005  0.995964960895243     
  0.997932848435246       6.218310459046695E-006  6.218310459756372E-006
  4.301977203951429E-016 -2.863956356532229E-005  6.218310459046695E-006
  0.995964871491877      -3.375089135430261E-005  2.683827080157602E-005
 -4.167629131613428E-006  6.218310459756372E-006 -3.375089135430261E-005
  0.995964871491874      -2.683827079590940E-005 -4.167629130931473E-006
  4.301977203951429E-016  2.683827080157602E-005 -2.683827079590940E-005
  0.997917248196631      -5.191748259182281E-015 -2.863956356532229E-005
 -4.167629131613428E-006 -4.167629130931473E-006 -5.191748259182281E-015
  0.995976179957140       0.997905159698295       1.804999325969292E-005
  1.804999326040251E-005  4.024589733918893E-016 -5.275827789232340E-005
  1.804999325969292E-005  0.995957643690361      -4.159044557603113E-005
  2.441196563132033E-005  7.098394158524230E-006  1.804999326040251E-005
 -4.159044557603113E-005  0.995957643690357      -2.441196562565389E-005
  7.098394159206093E-006  4.024589733918893E-016  2.441196563132033E-005
 -2.441196562565389E-005  0.997920063124971      -5.191599923940988E-015
 -5.275827789232340E-005  7.098394158524230E-006  7.098394159206093E-006
 -5.191599923940988E-015  0.995952800206811       0.000000000000000E+000
  0.000000000000000E+000  0.000000000000000E+000  0.000000000000000E+000
  0.000000000000000E+000  0.000000000000000E+000  0.000000000000000E+000
  0.000000000000000E+000  0.000000000000000E+000  0.000000000000000E+000
  0.000000000000000E+000  0.000000000000000E+000  0.000000000000000E+000
  0.000000000000000E+000  0.000000000000000E+000  0.000000000000000E+000
  0.000000000000000E+000  0.000000000000000E+000  0.000000000000000E+000
  0.000000000000000E+000  0.000000000000000E+000  0.000000000000000E+000
  0.000000000000000E+000  0.000000000000000E+000  0.000000000000000E+000
  0.000000000000000E+000  0.000000000000000E+000  0.000000000000000E+000
  0.000000000000000E+000  0.000000000000000E+000  0.000000000000000E+000
  0.000000000000000E+000  0.000000000000000E+000  0.000000000000000E+000
  0.000000000000000E+000  0.000000000000000E+000  0.000000000000000E+000
  0.000000000000000E+000  0.000000000000000E+000  0.000000000000000E+000
  0.000000000000000E+000  0.000000000000000E+000  0.000000000000000E+000
  0.000000000000000E+000  0.000000000000000E+000  0.000000000000000E+000
  0.000000000000000E+000  0.000000000000000E+000  0.000000000000000E+000
  0.000000000000000E+000  0.000000000000000E+000  0.000000000000000E+000
  0.000000000000000E+000  0.000000000000000E+000  0.000000000000000E+000
  0.000000000000000E+000  0.000000000000000E+000  0.000000000000000E+000
  0.000000000000000E+000  0.000000000000000E+000  0.000000000000000E+000
  0.000000000000000E+000  0.000000000000000E+000  0.000000000000000E+000
  0.000000000000000E+000  0.000000000000000E+000  0.000000000000000E+000
  0.000000000000000E+000  0.000000000000000E+000  0.000000000000000E+000
  0.000000000000000E+000  0.000000000000000E+000  0.000000000000000E+000
  0.000000000000000E+000  0.000000000000000E+000  0.000000000000000E+000
  0.000000000000000E+000  0.000000000000000E+000  0.000000000000000E+000
  0.000000000000000E+000  0.000000000000000E+000  0.000000000000000E+000
  0.000000000000000E+000  0.000000000000000E+000  0.000000000000000E+000
  0.000000000000000E+000  0.000000000000000E+000  0.000000000000000E+000
  0.000000000000000E+000  0.000000000000000E+000  0.000000000000000E+000
  0.000000000000000E+000  0.000000000000000E+000  0.000000000000000E+000
  0.000000000000000E+000  0.000000000000000E+000  0.000000000000000E+000
  0.000000000000000E+000  0.000000000000000E+000  0.000000000000000E+000
  0.000000000000000E+000  0.000000000000000E+000  0.000000000000000E+000
  0.000000000000000E+000  0.000000000000000E+000  0.000000000000000E+000
  0.000000000000000E+000  0.000000000000000E+000  0.000000000000000E+000
  0.000000000000000E+000  0.000000000000000E+000  0.000000000000000E+000
  0.000000000000000E+000  0.000000000000000E+000  0.000000000000000E+000
  0.000000000000000E+000  0.000000000000000E+000  0.000000000000000E+000
  0.000000000000000E+000  0.000000000000000E+000  0.000000000000000E+000
  0.000000000000000E+000  0.000000000000000E+000  0.000000000000000E+000
  0.000000000000000E+000  0.000000000000000E+000  0.000000000000000E+000
  0.000000000000000E+000  0.000000000000000E+000  0.000000000000000E+000
  0.000000000000000E+000  0.000000000000000E+000  0.000000000000000E+000
  0.000000000000000E+000  0.000000000000000E+000  0.000000000000000E+000
  0.000000000000000E+000  0.000000000000000E+000  0.000000000000000E+000
  0.000000000000000E+000  0.000000000000000E+000  0.000000000000000E+000
  0.000000000000000E+000  0.000000000000000E+000  0.000000000000000E+000
  0.000000000000000E+000  0.000000000000000E+000  0.000000000000000E+000
  0.000000000000000E+000  0.000000000000000E+000  0.000000000000000E+000
  0.000000000000000E+000  0.000000000000000E+000  0.000000000000000E+000
  0.000000000000000E+000  0.000000000000000E+000  0.000000000000000E+000
  0.000000000000000E+000  0.000000000000000E+000  0.000000000000000E+000
  0.000000000000000E+000  0.000000000000000E+000  0.000000000000000E+000
  0.000000000000000E+000  0.000000000000000E+000  0.000000000000000E+000
  0.000000000000000E+000  0.000000000000000E+000  0.000000000000000E+000
  0.000000000000000E+000  0.000000000000000E+000  0.000000000000000E+000
  0.000000000000000E+000  0.000000000000000E+000  0.000000000000000E+000
  0.000000000000000E+000  0.000000000000000E+000  0.000000000000000E+000
  0.000000000000000E+000  0.000000000000000E+000  0.000000000000000E+000
  0.000000000000000E+000  0.000000000000000E+000  0.000000000000000E+000
  0.000000000000000E+000  0.000000000000000E+000  0.000000000000000E+000
  0.000000000000000E+000  0.000000000000000E+000  0.000000000000000E+000
  0.000000000000000E+000  0.000000000000000E+000  0.000000000000000E+000
  0.000000000000000E+000  0.000000000000000E+000  0.000000000000000E+000
  0.000000000000000E+000  0.000000000000000E+000  0.000000000000000E+000
  0.000000000000000E+000  0.992928338737317       5.031634883470763E-005
  5.031634883540725E-005  4.440942473737490E-016  1.006326976773821E-004
  5.031634883470763E-005  0.986815441572069       2.206201052699907E-003
  8.715047264166004E-005 -2.206201052699711E-003  5.031634883540725E-005
  2.206201052699907E-003  0.986815441572065      -8.715047263601553E-005
 -2.206201052699024E-003  4.440942473737490E-016  8.715047264166004E-005
 -8.715047263601553E-005  0.992928338737315      -5.161922533148247E-015
  1.006326976773821E-004 -2.206201052699711E-003 -2.206201052699024E-003
 -5.161922533148247E-015  0.986815441572065       0.993125122424967     
 -1.376014243843101E-004 -1.376014243836096E-004  4.024064969133215E-016
 -2.752028487607104E-004 -1.376014243843101E-004  0.984449287712160     
 -8.975368299390061E-004 -2.383326582189443E-004  8.975368299392088E-004
 -1.376014243836096E-004 -8.975368299390061E-004  0.984449287712156     
  2.383326582245340E-004  8.975368299398774E-004  4.024064969133215E-016
 -2.383326582189443E-004  2.383326582245340E-004  0.993125122424965     
 -5.136285602347761E-015 -2.752028487607104E-004  8.975368299392088E-004
  8.975368299398774E-004 -5.136285602347761E-015  0.984449287712156     
  0.998328369799718       4.541394618178693E-006 -4.421924832638462E-005
 -8.515396608066476E-006  4.930335001379449E-005  4.541394618178693E-006
  0.996575210179893      -5.173149228338494E-004  5.430862939891350E-005
 -6.551236897455156E-004 -4.421924832638462E-005 -5.173149228338494E-004
  0.996641522484474       7.658998477206124E-005  5.173149228347323E-004
 -8.515396608066476E-006  5.430862939891350E-005  7.658998477206124E-005
  0.998338202532765      -2.322135159237719E-005  4.930335001379449E-005
 -6.551236897455156E-004  5.173149228347323E-004 -2.322135159237719E-005
  0.996575210179889       0.998420289372768       8.253704627482063E-005
 -1.035742938047659E-004 -6.283001777990223E-006  1.437517110878689E-004
  8.253704627482063E-005  0.996566384773185      -3.603812966596058E-004
  1.183373923006028E-004 -3.779902277820724E-004 -1.035742938047659E-004
 -3.603812966596058E-004  0.996741038363798       1.793959392261786E-004
  3.603812966604891E-004 -6.283001777990223E-006  1.183373923006028E-004
  1.793959392261786E-004  0.998427544358302       1.231048267615185E-005
  1.437517110878689E-004 -3.779902277820724E-004  3.603812966604891E-004
  1.231048267615185E-005  0.996566384773181       0.998328369799718     
 -4.421924832709572E-005  4.541394618889636E-006  8.515396608947684E-006
  4.930335001379322E-005 -4.421924832709572E-005  0.996641522484478     
 -5.173149228338470E-004 -7.658998476639786E-005  5.173149228340507E-004
  4.541394618889636E-006 -5.173149228338470E-004  0.996575210179889     
 -5.430862939324086E-005 -6.551236897448336E-004  8.515396608947684E-006
 -7.658998476639786E-005 -5.430862939324086E-005  0.998338202532765     
  2.322135158198712E-005  4.930335001379322E-005  5.173149228340507E-004
 -6.551236897448336E-004  2.322135158198712E-005  0.996575210179889     
  0.998420289372768      -1.035742938054772E-004  8.253704627553149E-005
  6.283001778836792E-006  1.437517110878679E-004 -1.035742938054772E-004
  0.996741038363802      -3.603812966596044E-004 -1.793959392205128E-004
  3.603812966598079E-004  8.253704627553149E-005 -3.603812966596044E-004
  0.996566384773181      -1.183373922949311E-004 -3.779902277813901E-004
  6.283001778836792E-006 -1.793959392205128E-004 -1.183373922949311E-004
  0.998427544358302      -1.231048268654148E-005  1.437517110878679E-004
  3.603812966598079E-004 -3.779902277813901E-004 -1.231048268654148E-005
  0.996566384773181       0.998343118899291       4.476195538759763E-005
  4.476195538830680E-005  4.441191317774134E-016 -8.843849664618026E-005
  4.476195538759763E-005  0.996575210179893       6.551236897457192E-004
  3.108727781172994E-005  5.173149228340509E-004  4.476195538830680E-005
  6.551236897457192E-004  0.996575210179889      -3.108727780605999E-005
  5.173149228347323E-004  4.441191317774134E-016  3.108727781172994E-005
 -3.108727780605999E-005  0.998323453433192      -5.191919719986199E-015
 -8.843849664618026E-005  5.173149228340509E-004  5.173149228347323E-004
 -5.191919719986199E-015  0.996641522484474       0.998431171851072     
  6.121466480503126E-005  6.121466480574026E-005  4.301902118285173E-016
 -2.071485876029401E-004  6.121466480503126E-005  0.996566384773185     
  3.779902277822755E-004  1.306478749819483E-004  3.603812966598077E-004
  6.121466480574026E-005  3.779902277822755E-004  0.996566384773181     
 -1.306478749762788E-004  3.603812966604900E-004  4.301902118285173E-016
  1.306478749819483E-004 -1.306478749762788E-004  0.998416661879998     
 -5.193169459749892E-015 -2.071485876029401E-004  3.603812966598077E-004
  3.603812966604900E-004 -5.193169459749892E-015  0.996741038363798     
  0.000000000000000E+000  0.000000000000000E+000  0.000000000000000E+000
  0.000000000000000E+000  0.000000000000000E+000  0.000000000000000E+000
  0.000000000000000E+000  0.000000000000000E+000  0.000000000000000E+000
  0.000000000000000E+000  0.000000000000000E+000  0.000000000000000E+000
  0.000000000000000E+000  0.000000000000000E+000  0.000000000000000E+000
  0.000000000000000E+000  0.000000000000000E+000  0.000000000000000E+000
  0.000000000000000E+000  0.000000000000000E+000  0.000000000000000E+000
  0.000000000000000E+000  0.000000000000000E+000  0.000000000000000E+000
  0.000000000000000E+000  0.000000000000000E+000  0.000000000000000E+000
  0.000000000000000E+000  0.000000000000000E+000  0.000000000000000E+000
  0.000000000000000E+000  0.000000000000000E+000  0.000000000000000E+000
  0.000000000000000E+000  0.000000000000000E+000  0.000000000000000E+000
  0.000000000000000E+000  0.000000000000000E+000  0.000000000000000E+000
  0.000000000000000E+000  0.000000000000000E+000  0.000000000000000E+000
  0.000000000000000E+000  0.000000000000000E+000  0.000000000000000E+000
  0.000000000000000E+000  0.000000000000000E+000  0.000000000000000E+000
  0.000000000000000E+000  0.000000000000000E+000  0.000000000000000E+000
  0.000000000000000E+000  0.000000000000000E+000  0.000000000000000E+000
  0.000000000000000E+000  0.000000000000000E+000  0.000000000000000E+000
  0.000000000000000E+000  0.000000000000000E+000  0.000000000000000E+000
  0.000000000000000E+000  0.000000000000000E+000  0.000000000000000E+000
  0.000000000000000E+000  0.000000000000000E+000  0.000000000000000E+000
  0.000000000000000E+000  0.000000000000000E+000  0.000000000000000E+000
  0.000000000000000E+000  0.000000000000000E+000  0.000000000000000E+000
  0.000000000000000E+000  0.000000000000000E+000  0.000000000000000E+000
  0.000000000000000E+000  0.000000000000000E+000  0.000000000000000E+000
  0.000000000000000E+000  0.000000000000000E+000  0.000000000000000E+000
  0.000000000000000E+000  0.000000000000000E+000  0.000000000000000E+000
  0.000000000000000E+000  0.000000000000000E+000  0.000000000000000E+000
  0.000000000000000E+000  0.000000000000000E+000  0.000000000000000E+000
  0.000000000000000E+000  0.000000000000000E+000  0.000000000000000E+000
  0.000000000000000E+000  0.000000000000000E+000  0.000000000000000E+000
  0.000000000000000E+000  0.000000000000000E+000  0.000000000000000E+000
  0.000000000000000E+000  0.000000000000000E+000  0.000000000000000E+000
  0.000000000000000E+000  0.000000000000000E+000  0.000000000000000E+000
  0.000000000000000E+000  0.000000000000000E+000  0.000000000000000E+000
  0.000000000000000E+000  0.000000000000000E+000  0.000000000000000E+000
  0.000000000000000E+000  0.000000000000000E+000  0.000000000000000E+000
  0.000000000000000E+000  0.000000000000000E+000  0.000000000000000E+000
  0.000000000000000E+000  0.000000000000000E+000  0.000000000000000E+000
  0.000000000000000E+000  0.000000000000000E+000  0.000000000000000E+000
  0.000000000000000E+000  0.000000000000000E+000  0.000000000000000E+000
  0.000000000000000E+000  0.000000000000000E+000  0.000000000000000E+000
  0.000000000000000E+000  0.000000000000000E+000  0.000000000000000E+000
  0.000000000000000E+000  0.000000000000000E+000  0.000000000000000E+000
  0.000000000000000E+000  0.000000000000000E+000  0.000000000000000E+000
  0.000000000000000E+000  0.000000000000000E+000  0.000000000000000E+000
  0.000000000000000E+000  0.000000000000000E+000  0.000000000000000E+000
  0.000000000000000E+000  0.000000000000000E+000  0.000000000000000E+000
  0.000000000000000E+000  0.000000000000000E+000  0.000000000000000E+000
