  0.997938556490336       4.433232849327919E-007  4.433232856425340E-007
  4.163338825907766E-016  8.866465778775937E-007  4.433232849327919E-007
  0.995965213179577       2.153953105930311E-006  7.678584623196588E-007
 -2.153953105727592E-006  4.433232856425340E-007  2.153953105930311E-006
  0.995965213179573      -7.678584566528518E-007 -2.153953105045695E-006
  4.163338825907766E-016  7.678584623196588E-007 -7.678584566528518E-007
  0.997938556490334      -5.191759344674811E-015  8.866465778775937E-007
 -2.153953105727592E-006 -2.153953105045695E-006 -5.191759344674811E-015
  0.995965213179573       0.997938554743798       4.437211845197199E-007
  4.437211852294621E-007  4.579672459058862E-016  8.874423770514497E-007
  4.437211845197199E-007  0.995965209749731       2.155301070034470E-006
  7.685476446205287E-007 -2.155301069831751E-006  4.437211852294621E-007
  2.155301070034470E-006  0.995965209749727      -7.685476389537218E-007
 -2.155301069149854E-006  4.579672459058862E-016  7.685476446205287E-007
 -7.685476389537218E-007  0.997938554743796      -5.191759319414178E-015
  8.874423770514497E-007 -2.155301069831751E-006 -2.155301069149854E-006
 -5.191759319414178E-015  0.995965209749727       0.997940008120879     
 -1.155864813898393E-005  4.006486838082087E-006  2.372192609623174E-006
 -1.404937953218177E-005 -1.155864813898393E-005  0.995959525640364     
 -1.727397984960174E-005 -9.549437495807908E-006 -2.367375840357057E-006
  4.006486838082087E-006 -1.727397984960174E-005  0.995973276392118     
 -6.939438765155765E-006  1.727397985048630E-005  2.372192609623174E-006
 -9.549437495807908E-006 -6.939438765155765E-006  0.997937268948794     
 -5.235364174734754E-006 -1.404937953218177E-005 -2.367375840357057E-006
  1.727397985048630E-005 -5.235364174734754E-006  0.995959525640360     
  0.997940009059837      -1.155837475625455E-005  4.008475370775685E-006
  2.372476308215570E-006 -1.404981547297168E-005 -1.155837475625455E-005
  0.995959527774235      -1.727348501912295E-005 -9.550098714465120E-006
 -2.367742317350040E-006  4.008475370775685E-006 -1.727348501912295E-005
  0.995973279044716      -6.942883004813589E-006  1.727348502000751E-005
  2.372476308215570E-006 -9.550098714465120E-006 -6.942883004813589E-006
  0.997937269560165      -5.234796809017555E-006 -1.404981547297168E-005
 -2.367742317350040E-006  1.727348502000751E-005 -5.234796809017555E-006
  0.995959527774231       0.997940008120879       4.006486837372335E-006
 -1.155864813827418E-005 -2.372192608748880E-006 -1.404937953218176E-005
  4.006486837372335E-006  0.995973276392122      -1.727397984960173E-005
  6.939438770822380E-006  1.727397984980448E-005 -1.155864813827418E-005
 -1.727397984960173E-005  0.995959525640360       9.549437501474554E-006
 -2.367375839675252E-006 -2.372192608748880E-006  6.939438770822380E-006
  9.549437501474554E-006  0.997937268948794       5.235364164351384E-006
 -1.404937953218176E-005  1.727397984980448E-005 -2.367375839675252E-006
  5.235364164351384E-006  0.995959525640360       0.997940009059837     
  4.008475370065933E-006 -1.155837475554480E-005 -2.372476307362092E-006
 -1.404981547297167E-005  4.008475370065933E-006  0.995973279044720     
 -1.727348501912294E-005  6.942883010480206E-006  1.727348501932569E-005
 -1.155837475554480E-005 -1.727348501912294E-005  0.995959527774231     
  9.550098720131767E-006 -2.367742316668234E-006 -2.372476307362092E-006
  6.942883010480206E-006  9.550098720131767E-006  0.997937269560165     
  5.234796798634184E-006 -1.404981547297167E-005  1.727348501932569E-005
 -2.367742316668234E-006  5.234796798634184E-006  0.995959527774231     
  0.997935899362755      -2.490731401209710E-006 -2.490731400499931E-006
  4.371580855121224E-016  8.012973682756485E-006 -2.490731401209710E-006
  0.995959525640364       2.367375840559832E-006 -1.478480166535099E-005
  1.727397984980449E-005 -2.490731400499931E-006  2.367375840559832E-006
  0.995959525640360       1.478480167101761E-005  1.727397985048628E-005
  4.371580855121224E-016 -1.478480166535099E-005  1.478480167101761E-005
  0.997941377706918      -5.191704921736846E-015  8.012973682756485E-006
  1.727397984980449E-005  1.727397985048628E-005 -5.191704921736846E-015
  0.995973276392118       0.997935899810332      -2.491440724729000E-006
 -2.491440724019220E-006  4.232802968083341E-016  8.016950748143683E-006
 -2.491440724729000E-006  0.995959527774235       2.367742317552815E-006
 -1.478489551829100E-005  1.727348501932570E-005 -2.491440724019220E-006
  2.367742317552815E-006  0.995959527774231       1.478489552395762E-005
  1.727348502000749E-005  4.232802968083341E-016 -1.478489551829100E-005
  1.478489552395762E-005  0.997941378809670      -5.191705081185931E-015
  8.016950748143683E-006  1.727348501932570E-005  1.727348502000749E-005
 -5.191705081185931E-015  0.995973279044716       0.000000000000000E+000
  0.000000000000000E+000  0.000000000000000E+000  0.000000000000000E+000
  0.000000000000000E+000  0.000000000000000E+000  0.000000000000000E+000
  0.000000000000000E+000  0.000000000000000E+000  0.000000000000000E+000
  0.000000000000000E+000  0.000000000000000E+000  0.000000000000000E+000
  0.000000000000000E+000  0.000000000000000E+000  0.000000000000000E+000
  0.000000000000000E+000  0.000000000000000E+000  0.000000000000000E+000
  0.000000000000000E+000  0.000000000000000E+000  0.000000000000000E+000
  0.000000000000000E+000  0.000000000000000E+000  0.000000000000000E+000
  0.000000000000000E+000  0.000000000000000E+000  0.000000000000000E+000
  0.000000000000000E+000  0.000000000000000E+000  0.000000000000000E+000
  0.000000000000000E+000  0.000000000000000E+000  0.000000000000000E+000
  0.000000000000000E+000  0.000000000000000E+000  0.000000000000000E+000
  0.000000000000000E+000  0.000000000000000E+000  0.000000000000000E+000
  0.000000000000000E+000  0.000000000000000E+000  0.000000000000000E+000
  0.000000000000000E+000  0.000000000000000E+000  0.000000000000000E+000
  0.000000000000000E+000  0.000000000000000E+000  0.000000000000000E+000
  0.000000000000000E+000  0.000000000000000E+000  0.000000000000000E+000
  0.000000000000000E+000  0.000000000000000E+000  0.000000000000000E+000
  0.000000000000000E+000  0.000000000000000E+000  0.000000000000000E+000
  0.000000000000000E+000  0.000000000000000E+000  0.000000000000000E+000
  0.000000000000000E+000  0.000000000000000E+000  0.000000000000000E+000
  0.000000000000000E+000  0.000000000000000E+000  0.000000000000000E+000
  0.000000000000000E+000  0.000000000000000E+000  0.000000000000000E+000
  0.000000000000000E+000  0.000000000000000E+000  0.000000000000000E+000
  0.000000000000000E+000  0.000000000000000E+000  0.000000000000000E+000
  0.000000000000000E+000  0.000000000000000E+000  0.000000000000000E+000
  0.000000000000000E+000  0.000000000000000E+000  0.000000000000000E+000
  0.000000000000000E+000  0.000000000000000E+000  0.000000000000000E+000
  0.000000000000000E+000  0.000000000000000E+000  0.000000000000000E+000
  0.000000000000000E+000  0.000000000000000E+000  0.000000000000000E+000
  0.000000000000000E+000  0.000000000000000E+000  0.000000000000000E+000
  0.000000000000000E+000  0.000000000000000E+000  0.000000000000000E+000
  0.000000000000000E+000  0.000000000000000E+000  0.000000000000000E+000
  0.000000000000000E+000  0.000000000000000E+000  0.000000000000000E+000
  0.000000000000000E+000  0.000000000000000E+000  0.000000000000000E+000
  0.000000000000000E+000  0.000000000000000E+000  0.000000000000000E+000
  0.000000000000000E+000  0.000000000000000E+000  0.000000000000000E+000
  0.000000000000000E+000  0.000000000000000E+000  0.000000000000000E+000
  0.000000000000000E+000  0.000000000000000E+000  0.000000000000000E+000
  0.000000000000000E+000  0.000000000000000E+000  0.000000000000000E+000
  0.000000000000000E+000  0.000000000000000E+000  0.000000000000000E+000
  0.000000000000000E+000  0.000000000000000E+000  0.000000000000000E+000
  0.000000000000000E+000  0.000000000000000E+000  0.000000000000000E+000
  0.000000000000000E+000  0.000000000000000E+000  0.000000000000000E+000
  0.000000000000000E+000  0.000000000000000E+000  0.000000000000000E+000
  0.000000000000000E+000  0.000000000000000E+000  0.000000000000000E+000
  0.000000000000000E+000  0.000000000000000E+000  0.000000000000000E+000
  0.000000000000000E+000  0.000000000000000E+000  0.000000000000000E+000
  0.000000000000000E+000  0.000000000000000E+000  0.000000000000000E+000
  0.000000000000000E+000  0.000000000000000E+000  0.000000000000000E+000
  0.000000000000000E+000  0.000000000000000E+000  0.000000000000000E+000
  0.000000000000000E+000  0.000000000000000E+000  0.000000000000000E+000
  0.000000000000000E+000  0.000000000000000E+000  0.000000000000000E+000
  0.000000000000000E+000  0.000000000000000E+000  0.000000000000000E+000
  0.000000000000000E+000  0.000000000000000E+000  0.000000000000000E+000
  0.000000000000000E+000  0.000000000000000E+000  0.000000000000000E+000
  0.000000000000000E+000  0.000000000000000E+000  0.000000000000000E+000
  0.000000000000000E+000  0.000000000000000E+000  0.000000000000000E+000
  0.000000000000000E+000  0.000000000000000E+000  0.000000000000000E+000
  0.000000000000000E+000  0.000000000000000E+000  0.000000000000000E+000
  0.000000000000000E+000  0.000000000000000E+000  0.000000000000000E+000
  0.000000000000000E+000  0.000000000000000E+000  0.000000000000000E+000
  0.000000000000000E+000  0.000000000000000E+000  0.000000000000000E+000
  0.000000000000000E+000  0.000000000000000E+000  0.000000000000000E+000
  0.000000000000000E+000  0.000000000000000E+000  0.000000000000000E+000
  0.000000000000000E+000  0.000000000000000E+000  0.000000000000000E+000
  0.000000000000000E+000  0.997934580713581      -1.388368963445722E-005
 -1.388368963374743E-005  4.232657475232856E-016 -9.098007461494342E-006
 -1.388368963445722E-005  0.995944284208395      -3.035566775248862E-005
  1.031819612558754E-006 -4.622842004861906E-006 -1.388368963374743E-005
 -3.035566775248862E-005  0.995944284208391      -1.031819606892183E-006
 -4.622842004180071E-006  4.232657475232856E-016  1.031819612558754E-006
 -1.031819606892183E-006  0.997912297826392      -5.191620940955640E-015
 -9.098007461494342E-006 -4.622842004861906E-006 -4.622842004180071E-006
 -5.191620940955640E-015  0.995933427480471       0.997934580857683     
 -1.388267195208670E-005 -1.388267195137691E-005  4.371435363628591E-016
 -9.098822422863040E-006 -1.388267195208670E-005  0.995944283826722     
 -3.035730764333737E-005  1.032094730932600E-006 -4.623490411173457E-006
 -1.388267195137691E-005 -3.035730764333737E-005  0.995944283826718     
 -1.032094725266030E-006 -4.623490410491622E-006  4.371435363628591E-016
  1.032094730932600E-006 -1.032094725266030E-006  0.997912298697339     
 -5.191620994849443E-015 -9.098822422863040E-006 -4.623490411173457E-006
 -4.623490410491622E-006 -5.191620994849443E-015  0.995933428334685     
  0.997927853746682       4.888572784450380E-006 -2.127021057340267E-005
  3.053125567496763E-006  2.302969921822913E-005  4.888572784450380E-006
  0.995929745245054       4.783482384717854E-005 -9.413594682008065E-006
 -3.487406456603560E-006 -2.127021057340267E-005  4.783482384717854E-005
  0.995939693765390       8.244373728357151E-006  1.715153264472753E-005
  3.053125567496763E-006 -9.413594682008065E-006  8.244373728357151E-006
  0.997932577993600       5.807264524337426E-006  2.302969921822913E-005
 -3.487406456603560E-006  1.715153264472753E-005  5.807264524337426E-006
  0.995965646473020       0.997927855113364       4.889292737503739E-006
 -2.127049914649840E-005  3.052957137032743E-006  2.302993474478694E-005
  4.889292737503739E-006  0.995929746832910       4.783568049066208E-005
 -9.412678352573621E-006 -3.488027725381020E-006 -2.127049914649840E-005
  4.783568049066208E-005  0.995939695875332       8.244542052267490E-006
  1.715197275032824E-005  3.052957137032743E-006 -9.412678352573621E-006
  8.244542052267490E-006  0.997932579428581       5.806956434762623E-006
  2.302993474478694E-005 -3.488027725381020E-006  1.715197275032824E-005
  5.806956434762623E-006  0.995965648931396       0.997927853746682     
 -2.127021057411244E-005  4.888572785160144E-006 -3.053125566636348E-006
  2.302969921822908E-005 -2.127021057411244E-005  0.995939693765394     
  4.783482384717858E-005 -8.244373722690355E-006  1.715153264404559E-005
  4.888572785160144E-006  4.783482384717858E-005  0.995929745245051     
  9.413594687674938E-006 -3.487406455921619E-006 -3.053125566636348E-006
 -8.244373722690355E-006  9.413594687674938E-006  0.997932577993600     
 -5.807264534720862E-006  2.302969921822908E-005  1.715153264404559E-005
 -3.487406455921619E-006 -5.807264534720862E-006  0.995965646473020     
  0.997927855113364      -2.127049914720818E-005  4.889292738213505E-006
 -3.052957136137633E-006  2.302993474478689E-005 -2.127049914720818E-005
  0.995939695875335       4.783568049066213E-005 -8.244542046600694E-006
  1.715197274964630E-005  4.889292738213505E-006  4.783568049066213E-005
  0.995929746832906       9.412678358240491E-006 -3.488027724699078E-006
 -3.052957136137633E-006 -8.244542046600694E-006  9.412678358240491E-006
  0.997932579428581      -5.806956445146061E-006  2.302993474478689E-005
  1.715197274964630E-005 -3.488027724699078E-006 -5.806956445146061E-006
  0.995965648931396       0.997967682820808      -7.162491731238191E-005
 -7.162491731167199E-005  4.440298961761387E-016 -8.392572663631620E-005
 -7.162491731238191E-005  0.995967408010127      -7.438361407808031E-006
 -4.788464903483869E-005  1.097645068340768E-004 -7.162491731167199E-005
 -7.438361407808031E-006  0.995967408010123       4.788464904050463E-005
  1.097645068347580E-004  4.440298961761387E-016 -4.788464903483869E-005
  4.788464904050463E-005  0.997908332324772      -5.191047589077518E-015
 -8.392572663631620E-005  1.097645068340768E-004  1.097645068347580E-004
 -5.191047589077518E-015  0.995935625072119       0.997967679795830     
 -7.162489447558676E-005 -7.162489447487682E-005  4.440298959991780E-016
 -8.392581973533605E-005 -7.162489447558676E-005  0.995967403413794     
 -7.437549650886837E-006 -4.788443930366282E-005  1.097654115757966E-004
 -7.162489447487682E-005 -7.437549650886837E-006  0.995967403413790     
  4.788443930932876E-005  1.097654115764779E-004  4.440298959991780E-016
 -4.788443930366282E-005  4.788443930932876E-005  0.997908329641500     
 -5.191047587613750E-015 -8.392581973533605E-005  1.097654115757966E-004
  1.097654115764779E-004 -5.191047587613750E-015  0.995935619776453     
  0.000000000000000E+000  0.000000000000000E+000  0.000000000000000E+000
  0.000000000000000E+000  0.000000000000000E+000  0.000000000000000E+000
  0.000000000000000E+000  0.000000000000000E+000  0.000000000000000E+000
  0.000000000000000E+000  0.000000000000000E+000  0.000000000000000E+000
  0.000000000000000E+000  0.000000000000000E+000  0.000000000000000E+000
  0.000000000000000E+000  0.000000000000000E+000  0.000000000000000E+000
  0.000000000000000E+000  0.000000000000000E+000  0.000000000000000E+000
  0.000000000000000E+000  0.000000000000000E+000  0.000000000000000E+000
  0.000000000000000E+000  0.000000000000000E+000  0.000000000000000E+000
  0.000000000000000E+000  0.000000000000000E+000  0.000000000000000E+000
  0.000000000000000E+000  0.000000000000000E+000  0.000000000000000E+000
  0.000000000000000E+000  0.000000000000000E+000  0.000000000000000E+000
  0.000000000000000E+000  0.000000000000000E+000  0.000000000000000E+000
  0.000000000000000E+000  0.000000000000000E+000  0.000000000000000E+000
  0.000000000000000E+000  0.000000000000000E+000  0.000000000000000E+000
  0.000000000000000E+000  0.000000000000000E+000  0.000000000000000E+000
  0.000000000000000E+000  0.000000000000000E+000  0.000000000000000E+000
  0.000000000000000E+000  0.000000000000000E+000  0.000000000000000E+000
  0.000000000000000E+000  0.000000000000000E+000  0.000000000000000E+000
  0.000000000000000E+000  0.000000000000000E+000  0.000000000000000E+000
  0.000000000000000E+000  0.000000000000000E+000  0.000000000000000E+000
  0.000000000000000E+000  0.000000000000000E+000  0.000000000000000E+000
  0.000000000000000E+000  0.000000000000000E+000  0.000000000000000E+000
  0.000000000000000E+000  0.000000000000000E+000  0.000000000000000E+000
  0.000000000000000E+000  0.000000000000000E+000  0.000000000000000E+000
  0.000000000000000E+000  0.000000000000000E+000  0.000000000000000E+000
  0.000000000000000E+000  0.000000000000000E+000  0.000000000000000E+000
  0.000000000000000E+000  0.000000000000000E+000  0.000000000000000E+000
  0.000000000000000E+000  0.000000000000000E+000  0.000000000000000E+000
  0.000000000000000E+000  0.000000000000000E+000  0.000000000000000E+000
  0.000000000000000E+000  0.000000000000000E+000  0.000000000000000E+000
  0.000000000000000E+000  0.000000000000000E+000  0.000000000000000E+000
  0.000000000000000E+000  0.000000000000000E+000  0.000000000000000E+000
  0.000000000000000E+000  0.000000000000000E+000  0.000000000000000E+000
  0.000000000000000E+000  0.000000000000000E+000  0.000000000000000E+000
  0.000000000000000E+000  0.000000000000000E+000  0.000000000000000E+000
  0.000000000000000E+000  0.000000000000000E+000  0.000000000000000E+000
  0.000000000000000E+000  0.000000000000000E+000  0.000000000000000E+000
  0.000000000000000E+000  0.000000000000000E+000  0.000000000000000E+000
  0.000000000000000E+000  0.000000000000000E+000  0.000000000000000E+000
  0.000000000000000E+000  0.000000000000000E+000  0.000000000000000E+000
  0.000000000000000E+000  0.000000000000000E+000  0.000000000000000E+000
  0.000000000000000E+000  0.000000000000000E+000  0.000000000000000E+000
  0.000000000000000E+000  0.000000000000000E+000  0.000000000000000E+000
  0.000000000000000E+000  0.000000000000000E+000  0.000000000000000E+000
  0.000000000000000E+000  0.000000000000000E+000  0.000000000000000E+000
  0.000000000000000E+000  0.000000000000000E+000  0.000000000000000E+000
  0.000000000000000E+000  0.000000000000000E+000  0.000000000000000E+000
  0.000000000000000E+000  0.000000000000000E+000  0.000000000000000E+000
  0.000000000000000E+000  0.000000000000000E+000  0.000000000000000E+000
  0.000000000000000E+000  0.000000000000000E+000  0.000000000000000E+000
  0.000000000000000E+000  0.000000000000000E+000  0.000000000000000E+000
  0.000000000000000E+000  0.000000000000000E+000  0.000000000000000E+000
  0.000000000000000E+000  0.000000000000000E+000  0.000000000000000E+000
  0.000000000000000E+000  0.000000000000000E+000  0.000000000000000E+000
  0.000000000000000E+000  0.000000000000000E+000  0.000000000000000E+000
  0.000000000000000E+000  0.000000000000000E+000  0.000000000000000E+000
  0.000000000000000E+000  0.000000000000000E+000  0.000000000000000E+000
  0.000000000000000E+000  0.000000000000000E+000  0.000000000000000E+000
  0.000000000000000E+000  0.000000000000000E+000  0.000000000000000E+000
  0.000000000000000E+000  0.000000000000000E+000  0.000000000000000E+000
  0.000000000000000E+000  0.000000000000000E+000  0.000000000000000E+000
  0.000000000000000E+000  0.000000000000000E+000  0.000000000000000E+000
  0.000000000000000E+000  0.000000000000000E+000  0.000000000000000E+000
  0.000000000000000E+000  0.000000000000000E+000  0.000000000000000E+000
  0.000000000000000E+000  0.000000000000000E+000  0.000000000000000E+000
  0.000000000000000E+000  0.000000000000000E+000  0.997917868548190     
 -4.549003734753058E-006  7.835426807057009E-006  9.648773187334595E-006
 -6.048262820098276E-006 -4.549003734753058E-006  0.995933427480476     
  4.622842005064643E-006 -7.879105583775389E-006 -4.622842004861911E-006
  7.835426807057009E-006  4.622842005064643E-006  0.995944284208391     
  1.150771811676700E-005  3.035566775337311E-005  9.648773187334595E-006
 -7.879105583775389E-006  1.150771811676700E-005  0.997929009991782     
 -1.253953772885083E-005 -6.048262820098276E-006 -4.622842004861911E-006
  3.035566775337311E-005 -1.253953772885083E-005  0.995944284208391     
  0.997917869237426      -4.549411215437407E-006  7.835156225372549E-006
  9.648458454393497E-006 -6.047515719412216E-006 -4.549411215437407E-006
  0.995933428334689       4.623490411376194E-006 -7.879811361023784E-006
 -4.623490411173462E-006  7.835156225372549E-006  4.623490411376194E-006
  0.995944283826718       1.150669921879422E-005  3.035730764422185E-005
  9.648458454393497E-006 -7.879811361023784E-006  1.150669921879422E-005
  0.997929010317596      -1.253879394925190E-005 -6.047515719412216E-006
 -4.623490411173462E-006  3.035730764422185E-005 -1.253879394925190E-005
  0.995944283826718       0.997934041016174       1.654408821417719E-005
  3.495268198142746E-006 -5.190961393300380E-007 -5.708125742792327E-006
  1.654408821417719E-005  0.995965646473024      -1.715153264384291E-005
  1.704067230143560E-005 -3.487406456603572E-006  3.495268198142746E-006
 -1.715153264384291E-005  0.995939693765390       2.254272956371886E-005
 -4.783482384629394E-005 -5.190961393300380E-007  1.704067230143560E-005
  2.254272956371886E-005  0.997926390724108       8.940425559714469E-006
 -5.708125742792327E-006 -3.487406456603572E-006 -4.783482384629394E-005
  8.940425559714469E-006  0.995929745245050       0.997934042288215     
  1.654393916405768E-005  3.495266711908196E-006 -5.192099289397173E-007
 -5.706972201697180E-006  1.654393916405768E-005  0.995965648931400     
 -1.715197274944362E-005  1.704103031820534E-005 -3.488027725381031E-006
  3.495266711908196E-006 -1.715197274944362E-005  0.995939695875331     
  2.254306363730578E-005 -4.783568048977748E-005 -5.192099289397173E-007
  1.704103031820534E-005  2.254306363730578E-005  0.997926392253730     
  8.940590892630990E-006 -5.706972201697180E-006 -3.488027725381031E-006
 -4.783568048977748E-005  8.940590892630990E-006  0.995929746832906     
  0.997923169948783      -4.196286332216333E-005 -5.656863866051371E-006
  2.569951864674764E-005 -7.728178117113182E-005 -4.196286332216333E-005
  0.995935625072123      -1.097645068338736E-004 -7.268181129641922E-005
  1.097645068340767E-004 -5.656863866051371E-006 -1.097645068338736E-004
  0.995967408010123       8.597132245524917E-005  7.438361408692393E-006
  2.569951864674764E-005 -7.268181129641922E-005  8.597132245524917E-005
  0.997952845196798      -3.808667341993605E-005 -7.728178117113182E-005
  1.097645068340767E-004  7.438361408692393E-006 -3.808667341993605E-005
  0.995967408010123       0.997923167180084      -4.196290987167325E-005
 -5.656693651922681E-006  2.569937068389039E-005 -7.728158812020796E-005
 -4.196290987167325E-005  0.995935619776458      -1.097654115755934E-004
 -7.268189192253548E-005  1.097654115757965E-004 -5.656693651922681E-006
 -1.097654115755934E-004  0.995967403413790       8.597119781241648E-005
  7.437549651771201E-006  2.569937068389039E-005 -7.268189192253548E-005
  8.597119781241648E-005  0.997952842257246      -3.808675850827923E-005
 -7.728158812020796E-005  1.097654115757965E-004  7.437549651771201E-006
 -3.808675850827923E-005  0.995967403413790       0.997928752847570     
  6.485610996040090E-006 -1.059669853454509E-005 -3.572221706396606E-006
 -1.777494236866740E-005  6.485610996040090E-006  0.995965646473024     
  3.487406456806279E-006  2.284793683096474E-005  1.715153264404557E-005
 -1.059669853454509E-005  3.487406456806279E-006  0.995929745245051     
  4.731691227687508E-007 -4.783482384629388E-005 -3.572221706396606E-006
  2.284793683096474E-005  4.731691227687508E-007  0.997931678892712     
 -1.429835584055334E-005 -1.777494236866740E-005  1.715153264404557E-005
 -4.783482384629388E-005 -1.429835584055334E-005  0.995939693765390     
  0.997928754411341       6.485995572717416E-006 -1.059626494650330E-005
 -3.572167065493692E-006 -1.777523242799768E-005  6.485995572717416E-006
  0.995965648931400       3.488027725583738E-006  2.284798675815967E-005
  1.715197274964628E-005 -1.059626494650330E-005  3.488027725583738E-006
  0.995929746832906       4.720874604177852E-007 -4.783568048977743E-005
 -3.572167065493692E-006  2.284798675815967E-005  4.720874604177852E-007
  0.997931680130604      -1.429852159022993E-005 -1.777523242799768E-005
  1.715197274964628E-005 -4.783568048977743E-005 -1.429852159022993E-005
  0.995939695875331       0.000000000000000E+000  0.000000000000000E+000
  0.000000000000000E+000  0.000000000000000E+000  0.000000000000000E+000
  0.000000000000000E+000  0.000000000000000E+000  0.000000000000000E+000
  0.000000000000000E+000  0.000000000000000E+000  0.000000000000000E+000
  0.000000000000000E+000  0.000000000000000E+000  0.000000000000000E+000
  0.000000000000000E+000  0.000000000000000E+000  0.000000000000000E+000
  0.000000000000000E+000  0.000000000000000E+000  0.000000000000000E+000
  0.000000000000000E+000  0.000000000000000E+000  0.000000000000000E+000
  0.000000000000000E+000  0.000000000000000E+000  0.000000000000000E+000
  0.000000000000000E+000  0.000000000000000E+000  0.000000000000000E+000
  0.000000000000000E+000  0.000000000000000E+000  0.000000000000000E+000
  0.000000000000000E+000  0.000000000000000E+000  0.000000000000000E+000
  0.000000000000000E+000  0.000000000000000E+000  0.000000000000000E+000
  0.000000000000000E+000  0.000000000000000E+000  0.000000000000000E+000
  0.000000000000000E+000  0.000000000000000E+000  0.000000000000000E+000
  0.000000000000000E+000  0.000000000000000E+000  0.000000000000000E+000
  0.000000000000000E+000  0.000000000000000E+000  0.000000000000000E+000
  0.000000000000000E+000  0.000000000000000E+000  0.000000000000000E+000
  0.000000000000000E+000  0.000000000000000E+000  0.000000000000000E+000
  0.000000000000000E+000  0.000000000000000E+000  0.000000000000000E+000
  0.000000000000000E+000  0.000000000000000E+000  0.000000000000000E+000
  0.000000000000000E+000  0.000000000000000E+000  0.000000000000000E+000
  0.000000000000000E+000  0.000000000000000E+000  0.000000000000000E+000
  0.000000000000000E+000  0.000000000000000E+000  0.000000000000000E+000
  0.000000000000000E+000  0.000000000000000E+000  0.000000000000000E+000
  0.000000000000000E+000  0.000000000000000E+000  0.000000000000000E+000
  0.000000000000000E+000  0.000000000000000E+000  0.000000000000000E+000
  0.000000000000000E+000  0.000000000000000E+000  0.000000000000000E+000
  0.000000000000000E+000  0.000000000000000E+000  0.000000000000000E+000
  0.000000000000000E+000  0.000000000000000E+000  0.000000000000000E+000
  0.000000000000000E+000  0.000000000000000E+000  0.000000000000000E+000
  0.000000000000000E+000  0.000000000000000E+000  0.000000000000000E+000
  0.000000000000000E+000  0.000000000000000E+000  0.000000000000000E+000
  0.000000000000000E+000  0.000000000000000E+000  0.000000000000000E+000
  0.000000000000000E+000  0.000000000000000E+000  0.000000000000000E+000
  0.000000000000000E+000  0.000000000000000E+000  0.000000000000000E+000
  0.000000000000000E+000  0.000000000000000E+000  0.000000000000000E+000
  0.000000000000000E+000  0.000000000000000E+000  0.000000000000000E+000
  0.000000000000000E+000  0.000000000000000E+000  0.000000000000000E+000
  0.000000000000000E+000  0.000000000000000E+000  0.000000000000000E+000
  0.000000000000000E+000  0.000000000000000E+000  0.000000000000000E+000
  0.000000000000000E+000  0.000000000000000E+000  0.000000000000000E+000
  0.000000000000000E+000  0.000000000000000E+000  0.000000000000000E+000
  0.000000000000000E+000  0.000000000000000E+000  0.000000000000000E+000
  0.000000000000000E+000  0.000000000000000E+000  0.000000000000000E+000
  0.000000000000000E+000  0.000000000000000E+000  0.000000000000000E+000
  0.000000000000000E+000  0.000000000000000E+000  0.000000000000000E+000
  0.000000000000000E+000  0.000000000000000E+000  0.000000000000000E+000
  0.000000000000000E+000  0.000000000000000E+000  0.000000000000000E+000
  0.000000000000000E+000  0.000000000000000E+000  0.000000000000000E+000
  0.000000000000000E+000  0.000000000000000E+000  0.000000000000000E+000
  0.000000000000000E+000  0.000000000000000E+000  0.000000000000000E+000
  0.000000000000000E+000  0.000000000000000E+000  0.000000000000000E+000
  0.000000000000000E+000  0.000000000000000E+000  0.000000000000000E+000
  0.000000000000000E+000  0.000000000000000E+000  0.000000000000000E+000
  0.000000000000000E+000  0.000000000000000E+000  0.000000000000000E+000
  0.000000000000000E+000  0.000000000000000E+000  0.000000000000000E+000
  0.000000000000000E+000  0.000000000000000E+000  0.000000000000000E+000
  0.000000000000000E+000  0.000000000000000E+000  0.000000000000000E+000
  0.000000000000000E+000  0.000000000000000E+000  0.000000000000000E+000
  0.000000000000000E+000  0.000000000000000E+000  0.000000000000000E+000
  0.000000000000000E+000  0.000000000000000E+000  0.000000000000000E+000
  0.000000000000000E+000  0.000000000000000E+000  0.000000000000000E+000
  0.000000000000000E+000  0.000000000000000E+000  0.000000000000000E+000
  0.000000000000000E+000  0.000000000000000E+000  0.000000000000000E+000
  0.000000000000000E+000  0.000000000000000E+000  0.000000000000000E+000
  0.000000000000000E+000  0.000000000000000E+000  0.000000000000000E+000
  0.997948192669741      -8.576491939072373E-006  4.597140038486422E-006
 -2.220473178841943E-005 -7.266475402548290E-006 -8.576491939072373E-006
  0.995962677984930      -1.386617956313891E-005 -3.438963130329776E-006
 -1.648460555814739E-005  4.597140038486422E-006 -1.386617956313891E-005
  0.996008023408451      -7.962480117909269E-006  1.386617956402350E-005
 -2.220473178841943E-005 -3.438963130329776E-006 -7.962480117909269E-006
  0.997973832485490      -5.707978330297184E-006 -7.266475402548290E-006
 -1.648460555814739E-005  1.386617956402350E-005 -5.707978330297184E-006
  0.995962677984926       0.997948190832553      -8.576699801218393E-006
  4.598740408014910E-006 -2.220513387079377E-005 -7.266185646836079E-006
 -8.576699801218393E-006  0.995962676031868      -1.386574595850499E-005
 -3.438508539986928E-006 -1.648617801806980E-005  4.598740408014910E-006
 -1.386574595850499E-005  0.996008021334360      -7.965252039243496E-006
  1.386574595938957E-005 -2.220513387079377E-005 -3.438508539986928E-006
 -7.965252039243496E-006  0.997973831112587      -5.708385639367546E-006
 -7.266185646836079E-006 -1.648617801806980E-005  1.386574595938957E-005
 -5.708385639367546E-006  0.995962676031864       0.997932569182947     
  2.152718502447459E-005  1.168871490895568E-005 -5.096966305739839E-006
  1.951675249576474E-005  2.152718502447459E-005  0.995963397660504     
  3.097228716972853E-005  1.010727854488506E-005 -1.900162872202534E-005
  1.168871490895568E-005  3.097228716972853E-005  0.995995184481546     
 -2.024544809924071E-005 -3.097228716884377E-005 -5.096966305739839E-006
  1.010727854488506E-005 -2.024544809924071E-005  0.997938454652683     
  1.358944982984749E-005  1.951675249576474E-005 -1.900162872202534E-005
 -3.097228716884377E-005  1.358944982984749E-005  0.995963397660500     
  0.997932568857814       2.152649049071905E-005  1.168801644786428E-005
 -5.097607586504441E-006  1.951592980199101E-005  2.152649049071905E-005
  0.995963397757400       3.097168732203887E-005  1.010672956919233E-005
 -1.900196688931337E-005  1.168801644786428E-005  3.097168732203887E-005
  0.995995184905192      -2.024423832914330E-005 -3.097168732115411E-005
 -5.097607586504441E-006  1.010672956919233E-005 -2.024423832914330E-005
  0.997938455068037       1.358912283381776E-005  1.951592980199101E-005
 -1.900196688931337E-005 -3.097168732115411E-005  1.358912283381776E-005
  0.995963397757396       0.997922259486383       4.076147821146013E-005
 -3.094278047972993E-007  2.988062224811709E-005  9.692841140522120E-005
  4.076147821146013E-005  0.995937363035007       1.310093880394214E-004
  7.912182063577096E-005  1.300303475599398E-004 -3.094278047972993E-007
  1.310093880394214E-004  0.996002285173893       1.107398193317395E-004
  2.655300054182315E-005  2.988062224811709E-005  7.912182063577096E-005
  1.107398193317395E-004  0.997961032907884       5.845500556416035E-005
  9.692841140522120E-005  1.300303475599398E-004  2.655300054182315E-005
  5.845500556416035E-005  0.995984898400563       0.997922257666276     
  4.076097376405486E-005 -3.091230343781570E-007  2.988097556010093E-005
  9.692801211338726E-005  4.076097376405486E-005  0.995937360490645     
  1.310097616247943E-004  7.912117192468006E-005  1.300315587536847E-004
 -3.091230343781570E-007  1.310097616247943E-004  0.996002281943446     
  1.107396796546146E-004  2.655395470722754E-005  2.988097556010093E-005
  7.912117192468006E-005  1.107396796546146E-004  0.997961030813600     
  5.845555594334879E-005  9.692801211338726E-005  1.300315587536847E-004
  2.655395470722754E-005  5.845555594334879E-005  0.995984896049053     
  0.997977216930457       9.908772550002451E-005 -9.574878285089521E-005
 -1.849072882066568E-006  8.890224577051507E-005  9.908772550002451E-005
  0.995984898400567      -2.655300054093852E-005  5.471496384241405E-005
  1.300303475599399E-004 -9.574878285089521E-005 -2.655300054093852E-005
  0.996002285173893       5.563788200459070E-005 -1.310093880385366E-004
 -1.849072882066568E-006  5.471496384241405E-005  5.563788200459070E-005
  0.997906075463809      -4.260434691827903E-006  8.890224577051507E-005
  1.300303475599399E-004 -1.310093880385366E-004 -4.260434691827903E-006
  0.995937363035003       0.997977215210695       9.908800249646645E-005
 -9.574881427216630E-005 -1.848777504143058E-006  8.890143174652798E-005
  9.908800249646645E-005  0.995984896049057      -2.655395470634291E-005
  5.471434285594811E-005  1.300315587536847E-004 -9.574881427216630E-005
 -2.655395470634291E-005  0.996002281943446       5.563754822710295E-005
 -1.310097616239095E-004 -1.848777504143058E-006  5.471434285594811E-005
  5.563754822710295E-005  0.997906073269181      -4.260547200550292E-006
  8.890143174652798E-005  1.300315587536847E-004 -1.310097616239095E-004
 -4.260547200550292E-006  0.995937360490641       0.000000000000000E+000
  0.000000000000000E+000  0.000000000000000E+000  0.000000000000000E+000
  0.000000000000000E+000  0.000000000000000E+000  0.000000000000000E+000
  0.000000000000000E+000  0.000000000000000E+000  0.000000000000000E+000
  0.000000000000000E+000  0.000000000000000E+000  0.000000000000000E+000
  0.000000000000000E+000  0.000000000000000E+000  0.000000000000000E+000
  0.000000000000000E+000  0.000000000000000E+000  0.000000000000000E+000
  0.000000000000000E+000  0.000000000000000E+000  0.000000000000000E+000
  0.000000000000000E+000  0.000000000000000E+000  0.000000000000000E+000
  0.000000000000000E+000  0.000000000000000E+000  0.000000000000000E+000
  0.000000000000000E+000  0.000000000000000E+000  0.000000000000000E+000
  0.000000000000000E+000  0.000000000000000E+000  0.000000000000000E+000
  0.000000000000000E+000  0.000000000000000E+000  0.000000000000000E+000
  0.000000000000000E+000  0.000000000000000E+000  0.000000000000000E+000
  0.000000000000000E+000  0.000000000000000E+000  0.000000000000000E+000
  0.000000000000000E+000  0.000000000000000E+000  0.000000000000000E+000
  0.000000000000000E+000  0.000000000000000E+000  0.000000000000000E+000
  0.000000000000000E+000  0.000000000000000E+000  0.000000000000000E+000
  0.000000000000000E+000  0.000000000000000E+000  0.000000000000000E+000
  0.000000000000000E+000  0.000000000000000E+000  0.000000000000000E+000
  0.000000000000000E+000  0.000000000000000E+000  0.000000000000000E+000
  0.000000000000000E+000  0.000000000000000E+000  0.000000000000000E+000
  0.000000000000000E+000  0.000000000000000E+000  0.000000000000000E+000
  0.000000000000000E+000  0.000000000000000E+000  0.000000000000000E+000
  0.000000000000000E+000  0.000000000000000E+000  0.000000000000000E+000
  0.000000000000000E+000  0.000000000000000E+000  0.000000000000000E+000
  0.000000000000000E+000  0.000000000000000E+000  0.000000000000000E+000
  0.000000000000000E+000  0.000000000000000E+000  0.000000000000000E+000
  0.000000000000000E+000  0.000000000000000E+000  0.000000000000000E+000
  0.000000000000000E+000  0.000000000000000E+000  0.000000000000000E+000
  0.000000000000000E+000  0.000000000000000E+000  0.000000000000000E+000
  0.000000000000000E+000  0.000000000000000E+000  0.000000000000000E+000
  0.000000000000000E+000  0.000000000000000E+000  0.000000000000000E+000
  0.000000000000000E+000  0.000000000000000E+000  0.000000000000000E+000
  0.000000000000000E+000  0.000000000000000E+000  0.000000000000000E+000
  0.000000000000000E+000  0.000000000000000E+000  0.000000000000000E+000
  0.000000000000000E+000  0.000000000000000E+000  0.000000000000000E+000
  0.000000000000000E+000  0.000000000000000E+000  0.000000000000000E+000
  0.000000000000000E+000  0.000000000000000E+000  0.000000000000000E+000
  0.000000000000000E+000  0.000000000000000E+000  0.000000000000000E+000
  0.000000000000000E+000  0.000000000000000E+000  0.000000000000000E+000
  0.000000000000000E+000  0.000000000000000E+000  0.000000000000000E+000
  0.000000000000000E+000  0.000000000000000E+000  0.000000000000000E+000
  0.000000000000000E+000  0.000000000000000E+000  0.000000000000000E+000
  0.000000000000000E+000  0.000000000000000E+000  0.000000000000000E+000
  0.000000000000000E+000  0.000000000000000E+000  0.000000000000000E+000
  0.000000000000000E+000  0.000000000000000E+000  0.000000000000000E+000
  0.000000000000000E+000  0.000000000000000E+000  0.000000000000000E+000
  0.000000000000000E+000  0.000000000000000E+000  0.000000000000000E+000
  0.000000000000000E+000  0.000000000000000E+000  0.000000000000000E+000
  0.000000000000000E+000  0.000000000000000E+000  0.000000000000000E+000
  0.000000000000000E+000  0.000000000000000E+000  0.000000000000000E+000
  0.000000000000000E+000  0.000000000000000E+000  0.000000000000000E+000
  0.000000000000000E+000  0.000000000000000E+000  0.000000000000000E+000
  0.000000000000000E+000  0.000000000000000E+000  0.000000000000000E+000
  0.000000000000000E+000  0.000000000000000E+000  0.000000000000000E+000
  0.000000000000000E+000  0.000000000000000E+000  0.000000000000000E+000
  0.000000000000000E+000  0.000000000000000E+000  0.000000000000000E+000
  0.000000000000000E+000  0.000000000000000E+000  0.000000000000000E+000
  0.000000000000000E+000  0.000000000000000E+000  0.000000000000000E+000
  0.000000000000000E+000  0.000000000000000E+000  0.000000000000000E+000
  0.000000000000000E+000  0.000000000000000E+000  0.000000000000000E+000
  0.000000000000000E+000  0.000000000000000E+000  0.000000000000000E+000
  0.000000000000000E+000  0.000000000000000E+000  0.000000000000000E+000
  0.000000000000000E+000  0.000000000000000E+000  0.000000000000000E+000
  0.000000000000000E+000  0.000000000000000E+000  0.000000000000000E+000
  0.000000000000000E+000  0.000000000000000E+000  0.000000000000000E+000
  0.000000000000000E+000  0.997917868548191       7.835426806347260E-006
 -4.549003734043366E-006 -9.648773186474157E-006 -6.048262820098233E-006
  7.835426806347260E-006  0.995944284208395       4.622842005064676E-006
 -1.150771811110059E-005  3.035566775269135E-005 -4.549003734043366E-006
  4.622842005064676E-006  0.995933427480472       7.879105589442077E-006
 -4.622842004180078E-006 -9.648773186474157E-006 -1.150771811110059E-005
  7.879105589442077E-006  0.997929009991782       1.253953771846767E-005
 -6.048262820098233E-006  3.035566775269135E-005 -4.622842004180078E-006
  1.253953771846767E-005  0.995944284208391       0.997917869237426     
  7.835156224662798E-006 -4.549411214727715E-006 -9.648458453533059E-006
 -6.047515719412174E-006  7.835156224662798E-006  0.995944283826722     
  4.623490411376227E-006 -1.150669921312781E-005  3.035730764354009E-005
 -4.549411214727715E-006  4.623490411376227E-006  0.995933428334685     
  7.879811366690472E-006 -4.623490410491629E-006 -9.648458453533059E-006
 -1.150669921312781E-005  7.879811366690472E-006  0.997929010317596     
  1.253879393886874E-005 -6.047515719412174E-006  3.035730764354009E-005
 -4.623490410491629E-006  1.253879393886874E-005  0.995944283826718     
  0.997923169948783      -5.656863866761269E-006 -4.196286332145352E-005
 -2.569951864583858E-005 -7.728178117113155E-005 -5.656863866761269E-006
  0.995967408010127      -1.097645068338739E-004 -8.597132244958318E-005
  7.438361408011144E-006 -4.196286332145352E-005 -1.097645068338739E-004
  0.995935625072119       7.268181130208450E-005  1.097645068347581E-004
 -2.569951864583858E-005 -8.597132244958318E-005  7.268181130208450E-005
  0.997952845196798       3.808667340955295E-005 -7.728178117113155E-005
  7.438361408011144E-006  1.097645068347581E-004  3.808667340955295E-005
  0.995967408010123       0.997923167180084      -5.656693652632580E-006
 -4.196290987096343E-005 -2.569937068301603E-005 -7.728158812020768E-005
 -5.656693652632580E-006  0.995967403413794      -1.097654115755938E-004
 -8.597119780675048E-005  7.437549651089953E-006 -4.196290987096343E-005
 -1.097654115755938E-004  0.995935619776454       7.268189192820076E-005
  1.097654115764779E-004 -2.569937068301603E-005 -8.597119780675048E-005
  7.268189192820076E-005  0.997952842257246       3.808675849789613E-005
 -7.728158812020768E-005  7.437549651089953E-006  1.097654115764779E-004
  3.808675849789613E-005  0.995967403413790       0.997934041016174     
  3.495268197433043E-006  1.654408821488689E-005  5.190961401835459E-007
 -5.708125742792296E-006  3.495268197433043E-006  0.995939693765394     
 -1.715153264384295E-005 -2.254272955805199E-005 -4.783482384697579E-005
  1.654408821488689E-005 -1.715153264384295E-005  0.995965646473020     
 -1.704067229576884E-005 -3.487406455921629E-006  5.190961401835459E-007
 -2.254272955805199E-005 -1.704067229576884E-005  0.997926390724108     
 -8.940425570097944E-006 -5.708125742792296E-006 -4.783482384697579E-005
 -3.487406455921629E-006 -8.940425570097944E-006  0.995929745245050     
  0.997934042288215       3.495266711198494E-006  1.654393916476738E-005
  5.192099298071029E-007 -5.706972201697151E-006  3.495266711198494E-006
  0.995939695875335      -1.715197274944366E-005 -2.254306363163892E-005
 -4.783568049045933E-005  1.654393916476738E-005 -1.715197274944366E-005
  0.995965648931397      -1.704103031253857E-005 -3.488027724699089E-006
  5.192099298071029E-007 -2.254306363163892E-005 -1.704103031253857E-005
  0.997926392253730      -8.940590903014466E-006 -5.706972201697151E-006
 -4.783568049045933E-005 -3.488027724699089E-006 -8.940590903014466E-006
  0.995929746832906       0.997928752847570      -1.059669853525477E-005
  6.485610996749784E-006  3.572221707277830E-006 -1.777494236866734E-005
 -1.059669853525477E-005  0.995929745245054       3.487406456806219E-006
 -4.731691171018545E-007 -4.783482384697584E-005  6.485610996749784E-006
  3.487406456806219E-006  0.995965646473020      -2.284793682529799E-005
  1.715153264472754E-005  3.572221707277830E-006 -4.731691171018545E-007
 -2.284793682529799E-005  0.997931678892712       1.429835583016993E-005
 -1.777494236866734E-005 -4.783482384697584E-005  1.715153264472754E-005
  1.429835583016993E-005  0.995939693765390       0.997928754411342     
 -1.059626494721298E-005  6.485995573427107E-006  3.572167066381855E-006
 -1.777523242799762E-005 -1.059626494721298E-005  0.995929746832910     
  3.488027725583679E-006 -4.720874547508890E-007 -4.783568049045938E-005
  6.485995573427107E-006  3.488027725583679E-006  0.995965648931397     
 -2.284798675249293E-005  1.715197275032825E-005  3.572167066381855E-006
 -4.720874547508890E-007 -2.284798675249293E-005  0.997931680130604     
  1.429852157984651E-005 -1.777523242799762E-005 -4.783568049045938E-005
  1.715197275032825E-005  1.429852157984651E-005  0.995939695875331     
  0.000000000000000E+000  0.000000000000000E+000  0.000000000000000E+000
  0.000000000000000E+000  0.000000000000000E+000  0.000000000000000E+000
  0.000000000000000E+000  0.000000000000000E+000  0.000000000000000E+000
  0.000000000000000E+000  0.000000000000000E+000  0.000000000000000E+000
  0.000000000000000E+000  0.000000000000000E+000  0.000000000000000E+000
  0.000000000000000E+000  0.000000000000000E+000  0.000000000000000E+000
  0.000000000000000E+000  0.000000000000000E+000  0.000000000000000E+000
  0.000000000000000E+000  0.000000000000000E+000  0.000000000000000E+000
  0.000000000000000E+000  0.000000000000000E+000  0.000000000000000E+000
  0.000000000000000E+000  0.000000000000000E+000  0.000000000000000E+000
  0.000000000000000E+000  0.000000000000000E+000  0.000000000000000E+000
  0.000000000000000E+000  0.000000000000000E+000  0.000000000000000E+000
  0.000000000000000E+000  0.000000000000000E+000  0.000000000000000E+000
  0.000000000000000E+000  0.000000000000000E+000  0.000000000000000E+000
  0.000000000000000E+000  0.000000000000000E+000  0.000000000000000E+000
  0.000000000000000E+000  0.000000000000000E+000  0.000000000000000E+000
  0.000000000000000E+000  0.000000000000000E+000  0.000000000000000E+000
  0.000000000000000E+000  0.000000000000000E+000  0.000000000000000E+000
  0.000000000000000E+000  0.000000000000000E+000  0.000000000000000E+000
  0.000000000000000E+000  0.000000000000000E+000  0.000000000000000E+000
  0.000000000000000E+000  0.000000000000000E+000  0.000000000000000E+000
  0.000000000000000E+000  0.000000000000000E+000  0.000000000000000E+000
  0.000000000000000E+000  0.000000000000000E+000  0.000000000000000E+000
  0.000000000000000E+000  0.000000000000000E+000  0.000000000000000E+000
  0.000000000000000E+000  0.000000000000000E+000  0.000000000000000E+000
  0.000000000000000E+000  0.000000000000000E+000  0.000000000000000E+000
  0.000000000000000E+000  0.000000000000000E+000  0.000000000000000E+000
  0.000000000000000E+000  0.000000000000000E+000  0.000000000000000E+000
  0.000000000000000E+000  0.000000000000000E+000  0.000000000000000E+000
  0.000000000000000E+000  0.000000000000000E+000  0.000000000000000E+000
  0.000000000000000E+000  0.000000000000000E+000  0.000000000000000E+000
  0.000000000000000E+000  0.000000000000000E+000  0.000000000000000E+000
  0.000000000000000E+000  0.000000000000000E+000  0.000000000000000E+000
  0.000000000000000E+000  0.000000000000000E+000  0.000000000000000E+000
  0.000000000000000E+000  0.000000000000000E+000  0.000000000000000E+000
  0.000000000000000E+000  0.000000000000000E+000  0.000000000000000E+000
  0.000000000000000E+000  0.000000000000000E+000  0.000000000000000E+000
  0.000000000000000E+000  0.000000000000000E+000  0.000000000000000E+000
  0.000000000000000E+000  0.000000000000000E+000  0.000000000000000E+000
  0.000000000000000E+000  0.000000000000000E+000  0.000000000000000E+000
  0.000000000000000E+000  0.000000000000000E+000  0.000000000000000E+000
  0.000000000000000E+000  0.000000000000000E+000  0.000000000000000E+000
  0.000000000000000E+000  0.000000000000000E+000  0.000000000000000E+000
  0.000000000000000E+000  0.000000000000000E+000  0.000000000000000E+000
  0.000000000000000E+000  0.000000000000000E+000  0.000000000000000E+000
  0.000000000000000E+000  0.000000000000000E+000  0.000000000000000E+000
  0.000000000000000E+000  0.000000000000000E+000  0.000000000000000E+000
  0.000000000000000E+000  0.000000000000000E+000  0.000000000000000E+000
  0.000000000000000E+000  0.000000000000000E+000  0.000000000000000E+000
  0.000000000000000E+000  0.000000000000000E+000  0.000000000000000E+000
  0.000000000000000E+000  0.000000000000000E+000  0.000000000000000E+000
  0.000000000000000E+000  0.000000000000000E+000  0.000000000000000E+000
  0.000000000000000E+000  0.000000000000000E+000  0.000000000000000E+000
  0.000000000000000E+000  0.000000000000000E+000  0.000000000000000E+000
  0.000000000000000E+000  0.000000000000000E+000  0.000000000000000E+000
  0.000000000000000E+000  0.000000000000000E+000  0.000000000000000E+000
  0.000000000000000E+000  0.000000000000000E+000  0.000000000000000E+000
  0.000000000000000E+000  0.000000000000000E+000  0.000000000000000E+000
  0.000000000000000E+000  0.000000000000000E+000  0.000000000000000E+000
  0.000000000000000E+000  0.000000000000000E+000  0.000000000000000E+000
  0.000000000000000E+000  0.000000000000000E+000  0.000000000000000E+000
  0.000000000000000E+000  0.000000000000000E+000  0.000000000000000E+000
  0.000000000000000E+000  0.000000000000000E+000  0.000000000000000E+000
  0.000000000000000E+000  0.000000000000000E+000  0.000000000000000E+000
  0.000000000000000E+000  0.000000000000000E+000  0.000000000000000E+000
  0.000000000000000E+000  0.000000000000000E+000  0.000000000000000E+000
  0.000000000000000E+000  0.000000000000000E+000  0.997948192669741     
  4.597140037776632E-006 -8.576491938362617E-006  2.220473178930760E-005
 -7.266475402548363E-006  4.597140037776632E-006  0.996008023408455     
 -1.386617956313894E-005  7.962480123576121E-006  1.386617956334167E-005
 -8.576491938362617E-006 -1.386617956313894E-005  0.995962677984926     
  3.438963135996573E-006 -1.648460555746554E-005  2.220473178930760E-005
  7.962480123576121E-006  3.438963135996573E-006  0.997973832485490     
  5.707978319913595E-006 -7.266475402548363E-006  1.386617956334167E-005
 -1.648460555746554E-005  5.707978319913595E-006  0.995962677984926     
  0.997948190832553       4.598740407305120E-006 -8.576699800508637E-006
  2.220513387166112E-005 -7.266185646836152E-006  4.598740407305120E-006
  0.996008021334363      -1.386574595850502E-005  7.965252044910346E-006
  1.386574595870775E-005 -8.576699800508637E-006 -1.386574595850502E-005
  0.995962676031864       3.438508545653725E-006 -1.648617801738795E-005
  2.220513387166112E-005  7.965252044910346E-006  3.438508545653725E-006
  0.997973831112587       5.708385628983958E-006 -7.266185646836152E-006
  1.386574595870775E-005 -1.648617801738795E-005  5.708385628983958E-006
  0.995962676031864       0.997922259486383      -3.094278055071768E-007
  4.076147821216979E-005 -2.988062224724966E-005  9.692841140522127E-005
 -3.094278055071768E-007  0.996002285173897       1.310093880394210E-004
 -1.107398193260723E-004  2.655300054114174E-005  4.076147821216979E-005
  1.310093880394210E-004  0.995937363035003      -7.912182063010437E-005
  1.300303475606218E-004 -2.988062224724966E-005 -1.107398193260723E-004
 -7.912182063010437E-005  0.997961032907884      -5.845500557454321E-005
  9.692841140522127E-005  2.655300054114174E-005  1.300303475606218E-004
 -5.845500557454321E-005  0.995984898400563       0.997922257666276     
 -3.091230350880370E-007  4.076097376476451E-005 -2.988097555925431E-005
  9.692801211338731E-005 -3.091230350880370E-007  0.996002281943450     
  1.310097616247939E-004 -1.107396796489474E-004  2.655395470654613E-005
  4.076097376476451E-005  1.310097616247939E-004  0.995937360490641     
 -7.912117191901347E-005  1.300315587543667E-004 -2.988097555925431E-005
 -1.107396796489474E-004 -7.912117191901347E-005  0.997961030813600     
 -5.845555595373166E-005  9.692801211338731E-005  2.655395470654613E-005
  1.300315587543667E-004 -5.845555595373166E-005  0.995984896049053     
  0.997932569182947       1.168871490824597E-005  2.152718502518428E-005
  5.096966306614157E-006  1.951675249576472E-005  1.168871490824597E-005
  0.995995184481550       3.097228716972844E-005  2.024544810490813E-005
 -3.097228716952582E-005  2.152718502518428E-005  3.097228716972844E-005
  0.995963397660500      -1.010727853921802E-005 -1.900162872134329E-005
  5.096966306614157E-006  2.024544810490813E-005 -1.010727853921802E-005
  0.997938454652683      -1.358944984023120E-005  1.951675249576472E-005
 -3.097228716952582E-005 -1.900162872134329E-005 -1.358944984023120E-005
  0.995963397660500       0.997932568857814       1.168801644715457E-005
  2.152649049142873E-005  5.097607587378759E-006  1.951592980199098E-005
  1.168801644715457E-005  0.995995184905196       3.097168732203877E-005
  2.024423833481072E-005 -3.097168732183615E-005  2.152649049142873E-005
  3.097168732203877E-005  0.995963397757396      -1.010672956352529E-005
 -1.900196688863133E-005  5.097607587378759E-006  2.024423833481072E-005
 -1.010672956352529E-005  0.997938455068037      -1.358912284420147E-005
  1.951592980199098E-005 -3.097168732183615E-005 -1.900196688863133E-005
 -1.358912284420147E-005  0.995963397757396       0.997977216930457     
 -9.574878285160530E-005  9.908772550073443E-005  1.849072882920059E-006
  8.890224577051507E-005 -9.574878285160530E-005  0.996002285173897     
 -2.655300054093906E-005 -5.563788199892309E-005 -1.310093880392182E-004
  9.908772550073443E-005 -2.655300054093906E-005  0.995984898400563     
 -5.471496383674809E-005  1.300303475606217E-004  1.849072882920059E-006
 -5.563788199892309E-005 -5.471496383674809E-005  0.997906075463810     
  4.260434681444709E-006  8.890224577051507E-005 -1.310093880392182E-004
  1.300303475606217E-004  4.260434681444709E-006  0.995937363035003     
  0.997977215210695      -9.574881427287639E-005  9.908800249717640E-005
  1.848777504982672E-006  8.890143174652804E-005 -9.574881427287639E-005
  0.996002281943450      -2.655395470634345E-005 -5.563754822143533E-005
 -1.310097616245911E-004  9.908800249717640E-005 -2.655395470634345E-005
  0.995984896049053      -5.471434285028213E-005  1.300315587543666E-004
  1.848777504982672E-006 -5.563754822143533E-005 -5.471434285028213E-005
  0.997906073269181       4.260547190167099E-006  8.890143174652804E-005
 -1.310097616245911E-004  1.300315587543666E-004  4.260547190167099E-006
  0.995937360490641       0.000000000000000E+000  0.000000000000000E+000
  0.000000000000000E+000  0.000000000000000E+000  0.000000000000000E+000
  0.000000000000000E+000  0.000000000000000E+000  0.000000000000000E+000
  0.000000000000000E+000  0.000000000000000E+000  0.000000000000000E+000
  0.000000000000000E+000  0.000000000000000E+000  0.000000000000000E+000
  0.000000000000000E+000  0.000000000000000E+000  0.000000000000000E+000
  0.000000000000000E+000  0.000000000000000E+000  0.000000000000000E+000
  0.000000000000000E+000  0.000000000000000E+000  0.000000000000000E+000
  0.000000000000000E+000  0.000000000000000E+000  0.000000000000000E+000
  0.000000000000000E+000  0.000000000000000E+000  0.000000000000000E+000
  0.000000000000000E+000  0.000000000000000E+000  0.000000000000000E+000
  0.000000000000000E+000  0.000000000000000E+000  0.000000000000000E+000
  0.000000000000000E+000  0.000000000000000E+000  0.000000000000000E+000
  0.000000000000000E+000  0.000000000000000E+000  0.000000000000000E+000
  0.000000000000000E+000  0.000000000000000E+000  0.000000000000000E+000
  0.000000000000000E+000  0.000000000000000E+000  0.000000000000000E+000
  0.000000000000000E+000  0.000000000000000E+000  0.000000000000000E+000
  0.000000000000000E+000  0.000000000000000E+000  0.000000000000000E+000
  0.000000000000000E+000  0.000000000000000E+000  0.000000000000000E+000
  0.000000000000000E+000  0.000000000000000E+000  0.000000000000000E+000
  0.000000000000000E+000  0.000000000000000E+000  0.000000000000000E+000
  0.000000000000000E+000  0.000000000000000E+000  0.000000000000000E+000
  0.000000000000000E+000  0.000000000000000E+000  0.000000000000000E+000
  0.000000000000000E+000  0.000000000000000E+000  0.000000000000000E+000
  0.000000000000000E+000  0.000000000000000E+000  0.000000000000000E+000
  0.000000000000000E+000  0.000000000000000E+000  0.000000000000000E+000
  0.000000000000000E+000  0.000000000000000E+000  0.000000000000000E+000
  0.000000000000000E+000  0.000000000000000E+000  0.000000000000000E+000
  0.000000000000000E+000  0.000000000000000E+000  0.000000000000000E+000
  0.000000000000000E+000  0.000000000000000E+000  0.000000000000000E+000
  0.000000000000000E+000  0.000000000000000E+000  0.000000000000000E+000
  0.000000000000000E+000  0.000000000000000E+000  0.000000000000000E+000
  0.000000000000000E+000  0.000000000000000E+000  0.000000000000000E+000
  0.000000000000000E+000  0.000000000000000E+000  0.000000000000000E+000
  0.000000000000000E+000  0.000000000000000E+000  0.000000000000000E+000
  0.000000000000000E+000  0.000000000000000E+000  0.000000000000000E+000
  0.000000000000000E+000  0.000000000000000E+000  0.000000000000000E+000
  0.000000000000000E+000  0.000000000000000E+000  0.000000000000000E+000
  0.000000000000000E+000  0.000000000000000E+000  0.000000000000000E+000
  0.000000000000000E+000  0.000000000000000E+000  0.000000000000000E+000
  0.000000000000000E+000  0.000000000000000E+000  0.000000000000000E+000
  0.000000000000000E+000  0.000000000000000E+000  0.000000000000000E+000
  0.000000000000000E+000  0.000000000000000E+000  0.000000000000000E+000
  0.000000000000000E+000  0.000000000000000E+000  0.000000000000000E+000
  0.000000000000000E+000  0.000000000000000E+000  0.000000000000000E+000
  0.000000000000000E+000  0.000000000000000E+000  0.000000000000000E+000
  0.000000000000000E+000  0.000000000000000E+000  0.000000000000000E+000
  0.000000000000000E+000  0.000000000000000E+000  0.000000000000000E+000
  0.000000000000000E+000  0.000000000000000E+000  0.000000000000000E+000
  0.000000000000000E+000  0.000000000000000E+000  0.000000000000000E+000
  0.000000000000000E+000  0.000000000000000E+000  0.000000000000000E+000
  0.000000000000000E+000  0.000000000000000E+000  0.000000000000000E+000
  0.000000000000000E+000  0.000000000000000E+000  0.000000000000000E+000
  0.000000000000000E+000  0.000000000000000E+000  0.000000000000000E+000
  0.000000000000000E+000  0.000000000000000E+000  0.000000000000000E+000
  0.000000000000000E+000  0.000000000000000E+000  0.000000000000000E+000
  0.000000000000000E+000  0.000000000000000E+000  0.000000000000000E+000
  0.000000000000000E+000  0.000000000000000E+000  0.000000000000000E+000
  0.000000000000000E+000  0.000000000000000E+000  0.000000000000000E+000
  0.000000000000000E+000  0.000000000000000E+000  0.000000000000000E+000
  0.000000000000000E+000  0.000000000000000E+000  0.000000000000000E+000
  0.000000000000000E+000  0.000000000000000E+000  0.000000000000000E+000
  0.000000000000000E+000  0.000000000000000E+000  0.000000000000000E+000
  0.000000000000000E+000  0.000000000000000E+000  0.000000000000000E+000
  0.000000000000000E+000  0.000000000000000E+000  0.000000000000000E+000
  0.000000000000000E+000  0.000000000000000E+000  0.000000000000000E+000
  0.000000000000000E+000  0.000000000000000E+000  0.000000000000000E+000
  0.997986652393368       1.310016528512048E-006  1.310016529221779E-006
  4.371602328625353E-016  9.194280083565400E-006  1.310016528512048E-006
  0.995962677984930       1.648460555835015E-005 -9.146941455435202E-006
  1.386617956334163E-005  1.310016529221779E-006  1.648460555835015E-005
  0.995962677984926       9.146941461101947E-006  1.386617956402355E-005
  4.371602328625353E-016 -9.146941455435202E-006  9.146941461101947E-006
  0.997935372761863      -5.191843456813933E-015  9.194280083565400E-006
  1.386617956334163E-005  1.386617956402355E-005 -5.191843456813933E-015
  0.996008023408451       0.997986651252607       1.310514146370280E-006
  1.310514147080011E-006  4.371602331749362E-016  9.197480822622376E-006
  1.310514146370280E-006  0.995962676031868       1.648617801827256E-005
 -9.146894174162716E-006  1.386574595870771E-005  1.310514147080011E-006
  1.648617801827256E-005  0.995962676031864       9.146894179829461E-006
  1.386574595938963E-005  4.371602331749362E-016 -9.146894174162716E-006
  9.146894179829461E-006  0.997935370692533      -5.191843404023384E-015
  9.197480822622376E-006  1.386574595870771E-005  1.386574595938963E-005
 -5.191843404023384E-015  0.996008021334359       0.997925462174563     
 -2.159314102814260E-006  4.814076755175295E-005 -3.172969512975364E-005
 -9.605821064909929E-005 -2.159314102814260E-006  0.995984898400567     
 -1.300303475597372E-004  1.131699694117658E-004  2.655300054114129E-005
  4.814076755175295E-005 -1.300303475597372E-004  0.995937363035003     
 -7.486138594346784E-005 -1.310093880385362E-004 -3.172969512975364E-005
  1.131699694117658E-004 -7.486138594346784E-005  0.997957830219704     
  5.510193732195689E-005 -9.605821064909929E-005  2.655300054114129E-005
 -1.310093880385362E-004  5.510193732195689E-005  0.996002285173893     
  0.997925459842846      -2.159990391090155E-006  4.814045797517116E-005
 -3.172975306384866E-005 -9.605793729995124E-005 -2.159990391090155E-006
  0.995984896049057      -1.300315587534821E-004  1.131698988044884E-004
  2.655395470654568E-005  4.814045797517116E-005 -1.300315587534821E-004
  0.995937360490641      -7.486062472365456E-005 -1.310097616239091E-004
 -3.172975306384866E-005  1.131698988044884E-004 -7.486062472365456E-005
  0.997957828637030       5.510213142231973E-005 -9.605793729995124E-005
  2.655395470654568E-005 -1.310097616239091E-004  5.510213142231973E-005
  0.996002281943446       0.997925462174563       4.814076755104344E-005
 -2.159314102104740E-006  3.172969513061397E-005 -9.605821064909919E-005
  4.814076755104344E-005  0.995937363035007      -1.300303475597374E-004
  7.486138594913478E-005 -1.310093880392185E-004 -2.159314102104740E-006
 -1.300303475597374E-004  0.995984898400563      -1.131699694061000E-004
  2.655300054182358E-005  3.172969513061397E-005  7.486138594913478E-005
 -1.131699694061000E-004  0.997957830219704      -5.510193733234103E-005
 -9.605821064909919E-005 -1.310093880392185E-004  2.655300054182358E-005
 -5.510193733234103E-005  0.996002285173893       0.997925459842846     
  4.814045797446165E-005 -2.159990390380631E-006  3.172975306471593E-005
 -9.605793729995113E-005  4.814045797446165E-005  0.995937360490645     
 -1.300315587534823E-004  7.486062472932150E-005 -1.310097616245913E-004
 -2.159990390380631E-006 -1.300315587534823E-004  0.995984896049053     
 -1.131698987988225E-004  2.655395470722798E-005  3.172975306471593E-005
  7.486062472932150E-005 -1.131698987988225E-004  0.997957828637030     
 -5.510213143270389E-005 -9.605793729995113E-005 -1.310097616245913E-004
  2.655395470722798E-005 -5.510213143270389E-005  0.996002281943446     
  0.997941397387553      -2.010432536722121E-006 -2.010432536012357E-006
  4.440680660681228E-016  2.337742982450447E-005 -2.010432536722121E-006
  0.995963397660504       1.900162872222799E-005  2.369672837992445E-005
 -3.097228716952587E-005 -2.010432536012357E-006  1.900162872222799E-005
  0.995963397660500      -2.369672837425734E-005 -3.097228716884372E-005
  4.440680660681228E-016  2.369672837992445E-005 -2.369672837425734E-005
  0.997929626448076      -5.191991820544409E-015  2.337742982450447E-005
 -3.097228716952587E-005 -3.097228716884372E-005 -5.191991820544409E-015
  0.995995184481546       0.997941398173152      -2.010560696740312E-006
 -2.010560696030549E-006  4.371291726600046E-016  2.337603290232167E-005
 -2.010560696740312E-006  0.995963397757400       1.900196688951603E-005
  2.369585240820200E-005 -3.097168732183620E-005 -2.010560696030549E-006
  1.900196688951603E-005  0.995963397757396      -2.369585240253488E-005
 -3.097168732115405E-005  4.371291726600046E-016  2.369585240820200E-005
 -2.369585240253488E-005  0.997929625752699      -5.191991819956545E-015
  2.337603290232167E-005 -3.097168732183620E-005 -3.097168732115405E-005
 -5.191991819956545E-015  0.995995184905192       0.000000000000000E+000
  0.000000000000000E+000  0.000000000000000E+000  0.000000000000000E+000
  0.000000000000000E+000  0.000000000000000E+000  0.000000000000000E+000
  0.000000000000000E+000  0.000000000000000E+000  0.000000000000000E+000
  0.000000000000000E+000  0.000000000000000E+000  0.000000000000000E+000
  0.000000000000000E+000  0.000000000000000E+000  0.000000000000000E+000
  0.000000000000000E+000  0.000000000000000E+000  0.000000000000000E+000
  0.000000000000000E+000  0.000000000000000E+000  0.000000000000000E+000
  0.000000000000000E+000  0.000000000000000E+000  0.000000000000000E+000
  0.000000000000000E+000  0.000000000000000E+000  0.000000000000000E+000
  0.000000000000000E+000  0.000000000000000E+000  0.000000000000000E+000
  0.000000000000000E+000  0.000000000000000E+000  0.000000000000000E+000
  0.000000000000000E+000  0.000000000000000E+000  0.000000000000000E+000
  0.000000000000000E+000  0.000000000000000E+000  0.000000000000000E+000
  0.000000000000000E+000  0.000000000000000E+000  0.000000000000000E+000
  0.000000000000000E+000  0.000000000000000E+000  0.000000000000000E+000
  0.000000000000000E+000  0.000000000000000E+000  0.000000000000000E+000
  0.000000000000000E+000  0.000000000000000E+000  0.000000000000000E+000
  0.000000000000000E+000  0.000000000000000E+000  0.000000000000000E+000
  0.000000000000000E+000  0.000000000000000E+000  0.000000000000000E+000
  0.000000000000000E+000  0.000000000000000E+000  0.000000000000000E+000
  0.000000000000000E+000  0.000000000000000E+000  0.000000000000000E+000
  0.000000000000000E+000  0.000000000000000E+000  0.000000000000000E+000
  0.000000000000000E+000  0.000000000000000E+000  0.000000000000000E+000
  0.000000000000000E+000  0.000000000000000E+000  0.000000000000000E+000
  0.000000000000000E+000  0.000000000000000E+000  0.000000000000000E+000
  0.000000000000000E+000  0.000000000000000E+000  0.000000000000000E+000
  0.000000000000000E+000  0.000000000000000E+000  0.000000000000000E+000
  0.000000000000000E+000  0.000000000000000E+000  0.000000000000000E+000
  0.000000000000000E+000  0.000000000000000E+000  0.000000000000000E+000
  0.000000000000000E+000  0.000000000000000E+000  0.000000000000000E+000
  0.000000000000000E+000  0.000000000000000E+000  0.000000000000000E+000
  0.000000000000000E+000  0.000000000000000E+000  0.000000000000000E+000
  0.000000000000000E+000  0.000000000000000E+000  0.000000000000000E+000
  0.000000000000000E+000  0.000000000000000E+000  0.000000000000000E+000
  0.000000000000000E+000  0.000000000000000E+000  0.000000000000000E+000
  0.000000000000000E+000  0.000000000000000E+000  0.000000000000000E+000
  0.000000000000000E+000  0.000000000000000E+000  0.000000000000000E+000
  0.000000000000000E+000  0.000000000000000E+000  0.000000000000000E+000
  0.000000000000000E+000  0.000000000000000E+000  0.000000000000000E+000
  0.000000000000000E+000  0.000000000000000E+000  0.000000000000000E+000
  0.000000000000000E+000  0.000000000000000E+000  0.000000000000000E+000
  0.000000000000000E+000  0.000000000000000E+000  0.000000000000000E+000
  0.000000000000000E+000  0.000000000000000E+000  0.000000000000000E+000
  0.000000000000000E+000  0.000000000000000E+000  0.000000000000000E+000
  0.000000000000000E+000  0.000000000000000E+000  0.000000000000000E+000
  0.000000000000000E+000  0.000000000000000E+000  0.000000000000000E+000
  0.000000000000000E+000  0.000000000000000E+000  0.000000000000000E+000
  0.000000000000000E+000  0.000000000000000E+000  0.000000000000000E+000
  0.000000000000000E+000  0.000000000000000E+000  0.000000000000000E+000
  0.000000000000000E+000  0.000000000000000E+000  0.000000000000000E+000
  0.000000000000000E+000  0.000000000000000E+000  0.000000000000000E+000
  0.000000000000000E+000  0.000000000000000E+000  0.000000000000000E+000
  0.000000000000000E+000  0.000000000000000E+000  0.000000000000000E+000
  0.000000000000000E+000  0.000000000000000E+000  0.000000000000000E+000
  0.000000000000000E+000  0.000000000000000E+000  0.000000000000000E+000
  0.000000000000000E+000  0.000000000000000E+000  0.000000000000000E+000
  0.000000000000000E+000  0.000000000000000E+000  0.000000000000000E+000
  0.000000000000000E+000  0.000000000000000E+000  0.000000000000000E+000
  0.000000000000000E+000  0.000000000000000E+000  0.000000000000000E+000
  0.000000000000000E+000  0.000000000000000E+000  0.000000000000000E+000
  0.000000000000000E+000  0.000000000000000E+000  0.000000000000000E+000
  0.000000000000000E+000  0.000000000000000E+000  0.000000000000000E+000
  0.000000000000000E+000  0.000000000000000E+000  0.000000000000000E+000
  0.000000000000000E+000  0.000000000000000E+000  0.000000000000000E+000
  0.000000000000000E+000  0.000000000000000E+000  0.000000000000000E+000
  0.000000000000000E+000  0.000000000000000E+000  0.000000000000000E+000
  0.000000000000000E+000  0.993521980252790      -2.385573978948336E-004
 -2.385573978941312E-004  4.441209225017058E-016 -4.771147957816880E-004
 -2.385573978948336E-004  0.988911564141553       1.766924845864828E-003
 -4.131935336666758E-004 -1.766924845864629E-003 -2.385573978941312E-004
  1.766924845864828E-003  0.988911564141548       4.131935336723261E-004
 -1.766924845863944E-003  4.441209225017058E-016 -4.131935336666758E-004
  4.131935336723261E-004  0.993521980252788      -5.169074883323156E-015
 -4.771147957816880E-004 -1.766924845864629E-003 -1.766924845863944E-003
 -5.169074883323156E-015  0.988911564141548       0.993521968329656     
 -2.385583115155353E-004 -2.385583115148329E-004  4.510598119600168E-016
 -4.771166230230914E-004 -2.385583115155353E-004  0.988911533393258     
  1.766933658393012E-003 -4.131951161041500E-004 -1.766933658392813E-003
 -2.385583115148329E-004  1.766933658393012E-003  0.988911533393254     
  4.131951161098003E-004 -1.766933658392128E-003  4.510598119600168E-016
 -4.131951161041500E-004  4.131951161098003E-004  0.993521968329654     
 -5.169071506348111E-015 -4.771166230230914E-004 -1.766933658392813E-003
 -1.766933658392128E-003 -5.169071506348111E-015  0.988911533393254     
  0.998226192337531       8.800769932662684E-005 -1.252454046640683E-004
 -9.879037168085448E-006  2.056313123387057E-004  8.800769932662684E-005
  0.996589486858833      -5.183461671931694E-004  1.866313181675342E-004
 -5.981841193196877E-004 -1.252454046640683E-004 -5.183461671931694E-004
  0.996636915574582       2.169314042909485E-004  5.183461671940517E-004
 -9.879037168085448E-006  1.866313181675342E-004  2.169314042909485E-004
  0.998237599667066      -1.709875573915846E-005  2.056313123387057E-004
 -5.981841193196877E-004  5.183461671940517E-004 -1.709875573915846E-005
  0.996589486858829       0.998226191976454       8.800815204457261E-005
 -1.252455000815157E-004 -9.878918775296819E-006  2.056315069200985E-004
  8.800815204457261E-005  0.996589484860175      -5.183474909391015E-004
  1.866312814739454E-004 -5.981842852558880E-004 -1.252455000815157E-004
 -5.183474909391015E-004  0.996636913396300       2.169315695588153E-004
  5.183474909399839E-004 -9.878918775296819E-006  1.866312814739454E-004
  2.169315695588153E-004  0.998237599169281      -1.709834532712224E-005
  2.056315069200985E-004 -5.981842852558880E-004  5.183474909399839E-004
 -1.709834532712224E-005  0.996589484860171       0.998226192337531     
 -1.252454046647798E-004  8.800769932733805E-005  9.879037168952789E-006
  2.056313123387043E-004 -1.252454046647798E-004  0.996636915574586     
 -5.183461671931670E-004 -2.169314042852857E-004  5.183461671933710E-004
  8.800769932733805E-005 -5.183461671931670E-004  0.996589486858829     
 -1.866313181618614E-004 -5.981841193190057E-004  9.879037168952789E-006
 -2.169314042852857E-004 -1.866313181618614E-004  0.998237599667066     
  1.709875572876886E-005  2.056313123387043E-004  5.183461671933710E-004
 -5.981841193190057E-004  1.709875572876886E-005  0.996589486858829     
  0.998226191976454      -1.252455000822272E-004  8.800815204528382E-005
  9.878918776191916E-006  2.056315069200971E-004 -1.252455000822272E-004
  0.996636913396304      -5.183474909390991E-004 -2.169315695531524E-004
  5.183474909393030E-004  8.800815204528382E-005 -5.183474909390991E-004
  0.996589484860171      -1.866312814682726E-004 -5.981842852552062E-004
  9.878918776191916E-006 -2.169315695531524E-004 -1.866312814682726E-004
  0.998237599169281       1.709834531673264E-005  2.056315069200971E-004
  5.183474909393030E-004 -5.981842852552062E-004  1.709834531673264E-005
  0.996589484860171       0.998243303331837       1.176236130040613E-004
  1.176236130047699E-004  4.232856769433196E-016 -2.504908093215481E-004
  1.176236130040613E-004  0.996589486858833       5.981841193198912E-004
  1.695325624335689E-004  5.183461671933707E-004  1.176236130047699E-004
  5.981841193198912E-004  0.996589486858829      -1.695325624278991E-004
  5.183461671940523E-004  4.232856769433196E-016  1.695325624335689E-004
 -1.695325624278991E-004  0.998220488672760      -5.191564756957025E-015
 -2.504908093215481E-004  5.183461671933707E-004  5.183461671940523E-004
 -5.191564756957025E-015  0.996636915574582       0.998243302765697     
  1.176233548675084E-004  1.176233548682169E-004  4.371634641456978E-016
 -2.504910001564428E-004  1.176233548675084E-004  0.996589484860175     
  5.981842852560915E-004  1.695329361520162E-004  5.183474909393028E-004
  1.176233548682169E-004  5.981842852560915E-004  0.996589484860171     
 -1.695329361463465E-004  5.183474909399846E-004  4.371634641456978E-016
  1.695329361520162E-004 -1.695329361463465E-004  0.998220488380038     
 -5.191566449119405E-015 -2.504910001564428E-004  5.183474909393028E-004
  5.183474909399846E-004 -5.191566449119405E-015  0.996636913396300     
  0.000000000000000E+000  0.000000000000000E+000  0.000000000000000E+000
  0.000000000000000E+000  0.000000000000000E+000  0.000000000000000E+000
  0.000000000000000E+000  0.000000000000000E+000  0.000000000000000E+000
  0.000000000000000E+000  0.000000000000000E+000  0.000000000000000E+000
  0.000000000000000E+000  0.000000000000000E+000  0.000000000000000E+000
  0.000000000000000E+000  0.000000000000000E+000  0.000000000000000E+000
  0.000000000000000E+000  0.000000000000000E+000  0.000000000000000E+000
  0.000000000000000E+000  0.000000000000000E+000  0.000000000000000E+000
  0.000000000000000E+000  0.000000000000000E+000  0.000000000000000E+000
  0.000000000000000E+000  0.000000000000000E+000  0.000000000000000E+000
  0.000000000000000E+000  0.000000000000000E+000  0.000000000000000E+000
  0.000000000000000E+000  0.000000000000000E+000  0.000000000000000E+000
  0.000000000000000E+000  0.000000000000000E+000  0.000000000000000E+000
  0.000000000000000E+000  0.000000000000000E+000  0.000000000000000E+000
  0.000000000000000E+000  0.000000000000000E+000  0.000000000000000E+000
  0.000000000000000E+000  0.000000000000000E+000  0.000000000000000E+000
  0.000000000000000E+000  0.000000000000000E+000  0.000000000000000E+000
  0.000000000000000E+000  0.000000000000000E+000  0.000000000000000E+000
  0.000000000000000E+000  0.000000000000000E+000  0.000000000000000E+000
  0.000000000000000E+000  0.000000000000000E+000  0.000000000000000E+000
  0.000000000000000E+000  0.000000000000000E+000  0.000000000000000E+000
  0.000000000000000E+000  0.000000000000000E+000  0.000000000000000E+000
  0.000000000000000E+000  0.000000000000000E+000  0.000000000000000E+000
  0.000000000000000E+000  0.000000000000000E+000  0.000000000000000E+000
  0.000000000000000E+000  0.000000000000000E+000  0.000000000000000E+000
  0.000000000000000E+000  0.000000000000000E+000  0.000000000000000E+000
  0.000000000000000E+000  0.000000000000000E+000  0.000000000000000E+000
  0.000000000000000E+000  0.000000000000000E+000  0.000000000000000E+000
  0.000000000000000E+000  0.000000000000000E+000  0.000000000000000E+000
  0.000000000000000E+000  0.000000000000000E+000  0.000000000000000E+000
  0.000000000000000E+000  0.000000000000000E+000  0.000000000000000E+000
  0.000000000000000E+000  0.000000000000000E+000  0.000000000000000E+000
  0.000000000000000E+000  0.000000000000000E+000  0.000000000000000E+000
  0.000000000000000E+000  0.000000000000000E+000  0.000000000000000E+000
  0.000000000000000E+000  0.000000000000000E+000  0.000000000000000E+000
  0.000000000000000E+000  0.000000000000000E+000  0.000000000000000E+000
  0.000000000000000E+000  0.000000000000000E+000  0.000000000000000E+000
  0.000000000000000E+000  0.000000000000000E+000  0.000000000000000E+000
  0.000000000000000E+000  0.000000000000000E+000  0.000000000000000E+000
  0.000000000000000E+000  0.000000000000000E+000  0.000000000000000E+000
  0.000000000000000E+000  0.000000000000000E+000  0.000000000000000E+000
  0.000000000000000E+000  0.000000000000000E+000  0.000000000000000E+000
  0.000000000000000E+000  0.000000000000000E+000  0.000000000000000E+000
  0.000000000000000E+000  0.000000000000000E+000  0.000000000000000E+000
  0.000000000000000E+000  0.000000000000000E+000  0.000000000000000E+000
  0.000000000000000E+000  0.000000000000000E+000  0.000000000000000E+000
  0.000000000000000E+000  0.000000000000000E+000  0.000000000000000E+000
  0.000000000000000E+000  0.000000000000000E+000  0.000000000000000E+000
  0.000000000000000E+000  0.000000000000000E+000  0.000000000000000E+000
  0.000000000000000E+000  0.000000000000000E+000  0.000000000000000E+000
