  0.997928976725884      -5.576257402521773E-006 -5.576257401812027E-006
  4.579679398548912E-016 -1.115251479703171E-005 -5.576257402521773E-006
  0.995952911936529      -5.397858313788059E-006 -9.658361128612225E-006
  5.397858313990809E-006 -5.576257401812027E-006 -5.397858313788059E-006
  0.995952911936525       9.658361134278855E-006  5.397858314672635E-006
  4.579679398548912E-016 -9.658361128612225E-006  9.658361134278855E-006
  0.997928976725882      -5.191671805653476E-015 -1.115251479703171E-005
  5.397858313990809E-006  5.397858314672635E-006 -5.191671805653476E-015
  0.995952911936525       0.997929713273459      -4.994911535593459E-006
 -4.994911534883724E-006  4.302121392310556E-016 -9.989823063175165E-006
 -4.994911535593459E-006  0.995942202958055      -5.115924617629424E-006
 -8.651440550322304E-006  5.115924617832170E-006 -4.994911534883724E-006
 -5.115924617629424E-006  0.995942202958051       8.651440555988875E-006
  5.115924618513989E-006  4.302121392310556E-016 -8.651440550322304E-006
  8.651440555988875E-006  0.997929713273457      -5.191633847802997E-015
 -9.989823063175165E-006  5.115924617832170E-006  5.115924618513989E-006
 -5.191633847802997E-015  0.995942202958051       0.997931064109647     
 -8.025773838445817E-006 -2.186041586641842E-006  3.128431622624597E-006
 -5.167805610005753E-006 -8.025773838445817E-006  0.995945759719389     
 -1.279284944626504E-005 -1.333585234644910E-006  4.721565768544426E-006
 -2.186041586641842E-006 -1.279284944626504E-005  0.995963581581251     
  3.786335093780556E-006  1.279284944714960E-005  3.128431622624597E-006
 -1.333585234644910E-006  3.786335093780556E-006  0.997927451707967     
 -6.283731412673046E-006 -5.167805610005753E-006  4.721565768544426E-006
  1.279284944714960E-005 -6.283731412673046E-006  0.995945759719385     
  0.997931691691755      -8.355546223535011E-006 -1.389874847678870E-006
  3.107605874914923E-006 -5.902186791379185E-006 -8.355546223535011E-006
  0.995934491942641      -1.313439534693172E-005 -1.991181404849854E-006
  1.446358356955627E-006 -1.389874847678870E-006 -1.313439534693172E-005
  0.995955428929680       2.407333850600271E-006  1.313439534781628E-005
  3.107605874914923E-006 -1.991181404849854E-006  2.407333850600271E-006
  0.997928103337577      -6.240524590524425E-006 -5.902186791379185E-006
  1.446358356955627E-006  1.313439534781628E-005 -6.240524590524425E-006
  0.995934491942637       0.997931064109648      -2.186041587351616E-006
 -8.025773837736062E-006 -3.128431621764183E-006 -5.167805610005739E-006
 -2.186041587351616E-006  0.995963581581255      -1.279284944626506E-005
 -3.786335088113980E-006  1.279284944646781E-005 -8.025773837736062E-006
 -1.279284944626506E-005  0.995945759719385       1.333585240311487E-006
  4.721565769226243E-006 -3.128431621764183E-006 -3.786335088113980E-006
  1.333585240311487E-006  0.997927451707967       6.283731402289820E-006
 -5.167805610005739E-006  1.279284944646781E-005  4.721565769226243E-006
  6.283731402289820E-006  0.995945759719384       0.997931691691755     
 -1.389874848388625E-006 -8.355546222825279E-006 -3.107605874040631E-006
 -5.902186791379175E-006 -1.389874848388625E-006  0.995955428929684     
 -1.313439534693174E-005 -2.407333844933747E-006  1.313439534713449E-005
 -8.355546222825279E-006 -1.313439534693174E-005  0.995934491942637     
  1.991181410516377E-006  1.446358357637441E-006 -3.107605874040631E-006
 -2.407333844933747E-006  1.991181410516377E-006  0.997928103337577     
  6.240524580141256E-006 -5.902186791379175E-006  1.313439534713449E-005
  1.446358357637441E-006  6.240524580141256E-006  0.995934491942637     
  0.997925645507130       2.857968220428348E-006  2.857968221138069E-006
  4.371589402038504E-016 -4.372083166691399E-006  2.857968220428348E-006
  0.995945759719389      -4.721565768341676E-006 -7.617316642126366E-006
  1.279284944646779E-005  2.857968221138069E-006 -4.721565768341676E-006
  0.995945759719385       7.617316647792905E-006  1.279284944714962E-005
  4.371589402038504E-016 -7.617316642126366E-006  7.617316647792905E-006
  0.997932870310485      -5.191672044147625E-015 -4.372083166691399E-006
  1.279284944646779E-005  1.279284944714962E-005 -5.191672044147625E-015
  0.995963581581251       0.997926309160491       2.453359424144189E-006
  2.453359424853895E-006  4.371590761613622E-016 -2.779749688765503E-006
  2.453359424144189E-006  0.995934491942641      -1.446358356752877E-006
 -8.231705990182716E-006  1.313439534713447E-005  2.453359424853895E-006
 -1.446358356752877E-006  0.995934491942637       8.231705995849201E-006
  1.313439534781631E-005  4.371590761613622E-016 -8.231705990182716E-006
  8.231705995849201E-006  0.997933485868841      -5.191644696057302E-015
 -2.779749688765503E-006  1.313439534713447E-005  1.313439534781631E-005
 -5.191644696057302E-015  0.995955428929680       0.000000000000000E+000
  0.000000000000000E+000  0.000000000000000E+000  0.000000000000000E+000
  0.000000000000000E+000  0.000000000000000E+000  0.000000000000000E+000
  0.000000000000000E+000  0.000000000000000E+000  0.000000000000000E+000
  0.000000000000000E+000  0.000000000000000E+000  0.000000000000000E+000
  0.000000000000000E+000  0.000000000000000E+000  0.000000000000000E+000
  0.000000000000000E+000  0.000000000000000E+000  0.000000000000000E+000
  0.000000000000000E+000  0.000000000000000E+000  0.000000000000000E+000
  0.000000000000000E+000  0.000000000000000E+000  0.000000000000000E+000
  0.000000000000000E+000  0.000000000000000E+000  0.000000000000000E+000
  0.000000000000000E+000  0.000000000000000E+000  0.000000000000000E+000
  0.000000000000000E+000  0.000000000000000E+000  0.000000000000000E+000
  0.000000000000000E+000  0.000000000000000E+000  0.000000000000000E+000
  0.000000000000000E+000  0.000000000000000E+000  0.000000000000000E+000
  0.000000000000000E+000  0.000000000000000E+000  0.000000000000000E+000
  0.000000000000000E+000  0.000000000000000E+000  0.000000000000000E+000
  0.000000000000000E+000  0.000000000000000E+000  0.000000000000000E+000
  0.000000000000000E+000  0.000000000000000E+000  0.000000000000000E+000
  0.000000000000000E+000  0.000000000000000E+000  0.000000000000000E+000
  0.000000000000000E+000  0.000000000000000E+000  0.000000000000000E+000
  0.000000000000000E+000  0.000000000000000E+000  0.000000000000000E+000
  0.000000000000000E+000  0.000000000000000E+000  0.000000000000000E+000
  0.000000000000000E+000  0.000000000000000E+000  0.000000000000000E+000
  0.000000000000000E+000  0.000000000000000E+000  0.000000000000000E+000
  0.000000000000000E+000  0.000000000000000E+000  0.000000000000000E+000
  0.000000000000000E+000  0.000000000000000E+000  0.000000000000000E+000
  0.000000000000000E+000  0.000000000000000E+000  0.000000000000000E+000
  0.000000000000000E+000  0.000000000000000E+000  0.000000000000000E+000
  0.000000000000000E+000  0.000000000000000E+000  0.000000000000000E+000
  0.000000000000000E+000  0.000000000000000E+000  0.000000000000000E+000
  0.000000000000000E+000  0.000000000000000E+000  0.000000000000000E+000
  0.000000000000000E+000  0.000000000000000E+000  0.000000000000000E+000
  0.000000000000000E+000  0.000000000000000E+000  0.000000000000000E+000
  0.000000000000000E+000  0.000000000000000E+000  0.000000000000000E+000
  0.000000000000000E+000  0.000000000000000E+000  0.000000000000000E+000
  0.000000000000000E+000  0.000000000000000E+000  0.000000000000000E+000
  0.000000000000000E+000  0.000000000000000E+000  0.000000000000000E+000
  0.000000000000000E+000  0.000000000000000E+000  0.000000000000000E+000
  0.000000000000000E+000  0.000000000000000E+000  0.000000000000000E+000
  0.000000000000000E+000  0.000000000000000E+000  0.000000000000000E+000
  0.000000000000000E+000  0.000000000000000E+000  0.000000000000000E+000
  0.000000000000000E+000  0.000000000000000E+000  0.000000000000000E+000
  0.000000000000000E+000  0.000000000000000E+000  0.000000000000000E+000
  0.000000000000000E+000  0.000000000000000E+000  0.000000000000000E+000
  0.000000000000000E+000  0.000000000000000E+000  0.000000000000000E+000
  0.000000000000000E+000  0.000000000000000E+000  0.000000000000000E+000
  0.000000000000000E+000  0.000000000000000E+000  0.000000000000000E+000
  0.000000000000000E+000  0.000000000000000E+000  0.000000000000000E+000
  0.000000000000000E+000  0.000000000000000E+000  0.000000000000000E+000
  0.000000000000000E+000  0.000000000000000E+000  0.000000000000000E+000
  0.000000000000000E+000  0.000000000000000E+000  0.000000000000000E+000
  0.000000000000000E+000  0.000000000000000E+000  0.000000000000000E+000
  0.000000000000000E+000  0.000000000000000E+000  0.000000000000000E+000
  0.000000000000000E+000  0.000000000000000E+000  0.000000000000000E+000
  0.000000000000000E+000  0.000000000000000E+000  0.000000000000000E+000
  0.000000000000000E+000  0.000000000000000E+000  0.000000000000000E+000
  0.000000000000000E+000  0.000000000000000E+000  0.000000000000000E+000
  0.000000000000000E+000  0.000000000000000E+000  0.000000000000000E+000
  0.000000000000000E+000  0.000000000000000E+000  0.000000000000000E+000
  0.000000000000000E+000  0.000000000000000E+000  0.000000000000000E+000
  0.000000000000000E+000  0.000000000000000E+000  0.000000000000000E+000
  0.000000000000000E+000  0.000000000000000E+000  0.000000000000000E+000
  0.000000000000000E+000  0.000000000000000E+000  0.000000000000000E+000
  0.000000000000000E+000  0.000000000000000E+000  0.000000000000000E+000
  0.000000000000000E+000  0.000000000000000E+000  0.000000000000000E+000
  0.000000000000000E+000  0.000000000000000E+000  0.000000000000000E+000
  0.000000000000000E+000  0.000000000000000E+000  0.000000000000000E+000
  0.000000000000000E+000  0.997932919370348      -3.643361607191119E-005
 -3.643361607120124E-005  4.371285759957471E-016  3.260285321142202E-005
 -3.643361607191119E-005  0.995936040359307      -1.439405843101780E-005
 -1.340334937174441E-005  2.372597013475048E-005 -3.643361607120124E-005
 -1.439405843101780E-005  0.995936040359303       1.340334937741080E-005
  2.372597013543225E-005  4.371285759957471E-016 -1.340334937174441E-005
  1.340334937741080E-005  0.997926373829855      -5.191605945279877E-015
  3.260285321142202E-005  2.372597013475048E-005  2.372597013543225E-005
 -5.191605945279877E-015  0.995960683246466       0.997906497363270     
 -9.525396767053660E-005 -9.525396766982642E-005  4.092728290530346E-016
  3.211238572952670E-005 -9.525396767053660E-005  0.995812184710519     
 -1.432252519383396E-004 -6.727560539503561E-006  3.476792670039128E-005
 -9.525396766982642E-005 -1.432252519383396E-004  0.995812184710515     
  6.727560545168382E-006  3.476792670107302E-005  4.092728290530346E-016
 -6.727560539503561E-006  6.727560545168382E-006  0.997925382424821     
 -5.191534231383616E-015  3.211238572952670E-005  3.476792670039128E-005
  3.476792670107302E-005 -5.191534231383616E-015  0.995962124480557     
  0.997921579758161       2.522841750776721E-005 -4.308540075383505E-005
  3.520374882784466E-006 -1.300960018544341E-005  2.522841750776721E-005
  0.995912041736414       4.234617132208032E-005  1.250589839305714E-006
  2.319982054277464E-005 -4.308540075383505E-005  4.234617132208032E-005
  0.995927243307903       1.997059606620340E-005 -4.562395110692121E-006
  3.520374882784466E-006  1.250589839305714E-006  1.997059606620340E-005
  0.997947767576961       6.871281457351301E-006 -1.300960018544341E-005
  2.319982054277464E-005 -4.562395110692121E-006  6.871281457351301E-006
  0.995995289398171       0.997899189006123       7.060144680622082E-005
 -8.658351270402243E-005  1.871222523187984E-006 -1.501183938408628E-005
  7.060144680622082E-005  0.995802813101375       1.452776079072155E-004
 -2.429560608811995E-006  3.519616319820188E-005 -8.658351270402243E-005
  1.452776079072155E-004  0.995825109687838       1.022557510011706E-005
 -1.602136059930741E-005  1.871222523187984E-006 -2.429560608811995E-006
  1.022557510011706E-005  0.997946516614221       6.762550670297294E-006
 -1.501183938408628E-005  3.519616319820188E-005 -1.602136059930741E-005
  6.762550670297294E-006  0.995995861105411       0.997921579758161     
 -4.308540075454473E-005  2.522841750847689E-005 -3.520374881930991E-006
 -1.300960018544348E-005 -4.308540075454473E-005  0.995927243307907     
  4.234617132208027E-005 -1.997059606053658E-005 -4.562395111374097E-006
  2.522841750847689E-005  4.234617132208027E-005  0.995912041736410     
 -1.250589833639133E-006  2.319982054345668E-005 -3.520374881930991E-006
 -1.997059606053658E-005 -1.250589833639133E-006  0.997947767576961     
 -6.871281467734986E-006 -1.300960018544348E-005 -4.562395111374097E-006
  2.319982054345668E-005 -6.871281467734986E-006  0.995995289398171     
  0.997899189006123      -8.658351270473189E-005  7.060144680693026E-005
 -1.871222522334511E-006 -1.501183938408644E-005 -8.658351270473189E-005
  0.995825109687842       1.452776079072154E-004 -1.022557509445015E-005
 -1.602136059998970E-005  7.060144680693026E-005  1.452776079072154E-004
  0.995802813101371       2.429560614478388E-006  3.519616319888421E-005
 -1.871222522334511E-006 -1.022557509445015E-005  2.429560614478388E-006
  0.997946516614221      -6.762550680680964E-006 -1.501183938408644E-005
 -1.602136059998970E-005  3.519616319888421E-005 -6.762550680680964E-006
  0.995995861105411       0.997965772362812      -6.698892994246162E-005
 -6.698892994175170E-005  4.370942484021539E-016 -5.776903630742414E-005
 -6.698892994246162E-005  0.995956480595098       5.809261385202579E-006
 -4.610655538603433E-005  9.765440930384919E-005 -6.698892994175170E-005
  5.809261385202579E-006  0.995956480595094       4.610655539170041E-005
  9.765440930453064E-005  4.370942484021539E-016 -4.610655538603433E-005
  4.610655539170041E-005  0.997915861593408      -5.191198860158687E-015
 -5.776903630742414E-005  9.765440930384919E-005  9.765440930453064E-005
 -5.191198860158687E-015  0.995954488941489       0.997957537161492     
 -5.113668357902901E-005 -5.113668357831918E-005  4.301950928394927E-016
 -6.157334779772483E-005 -5.113668357902901E-005  0.995886772458995     
 -5.602194815412119E-005 -5.120314085799089E-005  9.850720723845072E-005
 -5.113668357831918E-005 -5.602194815412119E-005  0.995886772458991     
  5.120314086365615E-005  9.850720723913213E-005  4.301950928394927E-016
 -5.120314085799089E-005  5.120314086365615E-005  0.997914073766841     
 -5.191190177446738E-015 -6.157334779772483E-005  9.850720723845072E-005
  9.850720723913213E-005 -5.191190177446738E-015  0.995952813827124     
  0.000000000000000E+000  0.000000000000000E+000  0.000000000000000E+000
  0.000000000000000E+000  0.000000000000000E+000  0.000000000000000E+000
  0.000000000000000E+000  0.000000000000000E+000  0.000000000000000E+000
  0.000000000000000E+000  0.000000000000000E+000  0.000000000000000E+000
  0.000000000000000E+000  0.000000000000000E+000  0.000000000000000E+000
  0.000000000000000E+000  0.000000000000000E+000  0.000000000000000E+000
  0.000000000000000E+000  0.000000000000000E+000  0.000000000000000E+000
  0.000000000000000E+000  0.000000000000000E+000  0.000000000000000E+000
  0.000000000000000E+000  0.000000000000000E+000  0.000000000000000E+000
  0.000000000000000E+000  0.000000000000000E+000  0.000000000000000E+000
  0.000000000000000E+000  0.000000000000000E+000  0.000000000000000E+000
  0.000000000000000E+000  0.000000000000000E+000  0.000000000000000E+000
  0.000000000000000E+000  0.000000000000000E+000  0.000000000000000E+000
  0.000000000000000E+000  0.000000000000000E+000  0.000000000000000E+000
  0.000000000000000E+000  0.000000000000000E+000  0.000000000000000E+000
  0.000000000000000E+000  0.000000000000000E+000  0.000000000000000E+000
  0.000000000000000E+000  0.000000000000000E+000  0.000000000000000E+000
  0.000000000000000E+000  0.000000000000000E+000  0.000000000000000E+000
  0.000000000000000E+000  0.000000000000000E+000  0.000000000000000E+000
  0.000000000000000E+000  0.000000000000000E+000  0.000000000000000E+000
  0.000000000000000E+000  0.000000000000000E+000  0.000000000000000E+000
  0.000000000000000E+000  0.000000000000000E+000  0.000000000000000E+000
  0.000000000000000E+000  0.000000000000000E+000  0.000000000000000E+000
  0.000000000000000E+000  0.000000000000000E+000  0.000000000000000E+000
  0.000000000000000E+000  0.000000000000000E+000  0.000000000000000E+000
  0.000000000000000E+000  0.000000000000000E+000  0.000000000000000E+000
  0.000000000000000E+000  0.000000000000000E+000  0.000000000000000E+000
  0.000000000000000E+000  0.000000000000000E+000  0.000000000000000E+000
  0.000000000000000E+000  0.000000000000000E+000  0.000000000000000E+000
  0.000000000000000E+000  0.000000000000000E+000  0.000000000000000E+000
  0.000000000000000E+000  0.000000000000000E+000  0.000000000000000E+000
  0.000000000000000E+000  0.000000000000000E+000  0.000000000000000E+000
  0.000000000000000E+000  0.000000000000000E+000  0.000000000000000E+000
  0.000000000000000E+000  0.000000000000000E+000  0.000000000000000E+000
  0.000000000000000E+000  0.000000000000000E+000  0.000000000000000E+000
  0.000000000000000E+000  0.000000000000000E+000  0.000000000000000E+000
  0.000000000000000E+000  0.000000000000000E+000  0.000000000000000E+000
  0.000000000000000E+000  0.000000000000000E+000  0.000000000000000E+000
  0.000000000000000E+000  0.000000000000000E+000  0.000000000000000E+000
  0.000000000000000E+000  0.000000000000000E+000  0.000000000000000E+000
  0.000000000000000E+000  0.000000000000000E+000  0.000000000000000E+000
  0.000000000000000E+000  0.000000000000000E+000  0.000000000000000E+000
  0.000000000000000E+000  0.000000000000000E+000  0.000000000000000E+000
  0.000000000000000E+000  0.000000000000000E+000  0.000000000000000E+000
  0.000000000000000E+000  0.000000000000000E+000  0.000000000000000E+000
  0.000000000000000E+000  0.000000000000000E+000  0.000000000000000E+000
  0.000000000000000E+000  0.000000000000000E+000  0.000000000000000E+000
  0.000000000000000E+000  0.000000000000000E+000  0.000000000000000E+000
  0.000000000000000E+000  0.000000000000000E+000  0.000000000000000E+000
  0.000000000000000E+000  0.000000000000000E+000  0.000000000000000E+000
  0.000000000000000E+000  0.000000000000000E+000  0.000000000000000E+000
  0.000000000000000E+000  0.000000000000000E+000  0.000000000000000E+000
  0.000000000000000E+000  0.000000000000000E+000  0.000000000000000E+000
  0.000000000000000E+000  0.000000000000000E+000  0.000000000000000E+000
  0.000000000000000E+000  0.000000000000000E+000  0.000000000000000E+000
  0.000000000000000E+000  0.000000000000000E+000  0.000000000000000E+000
  0.000000000000000E+000  0.000000000000000E+000  0.000000000000000E+000
  0.000000000000000E+000  0.000000000000000E+000  0.000000000000000E+000
  0.000000000000000E+000  0.000000000000000E+000  0.000000000000000E+000
  0.000000000000000E+000  0.000000000000000E+000  0.000000000000000E+000
  0.000000000000000E+000  0.000000000000000E+000  0.000000000000000E+000
  0.000000000000000E+000  0.000000000000000E+000  0.000000000000000E+000
  0.000000000000000E+000  0.000000000000000E+000  0.000000000000000E+000
  0.000000000000000E+000  0.000000000000000E+000  0.000000000000000E+000
  0.000000000000000E+000  0.000000000000000E+000  0.000000000000000E+000
  0.000000000000000E+000  0.000000000000000E+000  0.000000000000000E+000
  0.000000000000000E+000  0.000000000000000E+000  0.997928010214980     
  1.630142660170527E-005  6.609166977456329E-006  2.834302173959636E-006
 -2.982444908715295E-005  1.630142660170527E-005  0.995960683246470     
 -2.372597013454773E-005  2.823489911864569E-005  2.372597013475045E-005
  6.609166977456329E-006 -2.372597013454773E-005  0.995936040359303     
  3.825411175722381E-005  1.439405843190226E-005  2.834302173959636E-006
  2.823489911864569E-005  3.825411175722381E-005  0.997931282985223     
 -2.485076238500459E-005 -2.982444908715295E-005  2.372597013475045E-005
  1.439405843190226E-005 -2.485076238500459E-005  0.995936040359303     
  0.997920661159435       1.605619286075775E-005  4.180074549579150E-005
 -8.177471527932858E-006 -5.345322216744470E-005  1.605619286075775E-005
  0.995962124480562      -3.476792670018882E-005  2.781014181959426E-005
  3.476792670039157E-005  4.180074549579150E-005 -3.476792670018882E-005
  0.995812184710515       8.585613608504472E-005  1.432252519392236E-004
 -8.177471527932858E-006  2.781014181959426E-005  8.585613608504472E-005
  0.997911218628656      -7.912857554506723E-005 -5.345322216744470E-005
  3.476792670039157E-005  1.432252519392236E-004 -7.912857554506723E-005
  0.995812184710515       0.997944269356341      -5.540957936123384E-007
  4.247656853359534E-006 -9.579470734599739E-006  1.369725132496855E-005
 -5.540957936123384E-007  0.995995289398175       4.562395111576794E-006
 -1.470228498324518E-005  2.319982054277476E-005  4.247656853359534E-006
  4.562395111576794E-006  0.995927243307903       4.729834961728526E-005
 -4.234617132119575E-005 -9.579470734599739E-006 -1.470228498324518E-005
  4.729834961728526E-005  0.997925077978780       2.122315553848072E-005
  1.369725132496855E-005  2.319982054277476E-005 -4.234617132119575E-005
  2.122315553848072E-005  0.995912041736410       0.997936305238439     
 -1.649379016696050E-006  3.443614854549605E-005 -1.955784419556404E-005
  3.319666219637678E-005 -1.649379016696050E-006  0.995995861105415     
  1.602136060019223E-005 -1.638190960019594E-005  3.519616319820214E-005
  3.443614854549605E-005  1.602136060019223E-005  0.995825109687838     
  8.009630909976378E-005 -1.452776079063308E-004 -1.955784419556404E-005
 -1.638190960019594E-005  8.009630909976378E-005  0.997909400381905     
  6.235742678165589E-005  3.319666219637678E-005  3.519616319820214E-005
 -1.452776079063308E-004  6.235742678165589E-005  0.995802813101371     
  0.997928339285760      -2.888451815771741E-005 -6.434983280839276E-006
  2.161199711277901E-005 -7.342391321599931E-005 -2.888451815771741E-005
  0.995954488941493      -9.765440930364616E-005 -5.002945299267587E-005
  9.765440930384915E-005 -6.434983280839276E-006 -9.765440930364616E-005
  0.995956480595094       8.106739279687229E-005 -5.809261384318181E-006
  2.161199711277901E-005 -5.002945299267587E-005  8.106739279687229E-005
  0.997953294670459      -3.496083741036342E-005 -7.342391321599931E-005
  9.765440930384915E-005 -5.809261384318181E-006 -3.496083741036342E-005
  0.995956480595094       0.997924939615506      -3.078667390286777E-005
 -1.877487895382787E-005  1.882020195066725E-005 -6.991156252555617E-005
 -3.078667390286777E-005  0.995952813827128      -9.850720723824781E-005
 -5.332408338718536E-005  9.850720723845078E-005 -1.877487895382787E-005
 -9.850720723824781E-005  0.995886772458991       6.988723747506822E-005
  5.602194815500544E-005  1.882020195066725E-005 -5.332408338718536E-005
  6.988723747506822E-005  0.997946671312828      -1.868409661660319E-005
 -6.991156252555617E-005  9.850720723845078E-005  5.602194815500544E-005
 -1.868409661660319E-005  0.995886772458990       0.997938171888183     
 -1.245550439984322E-005 -1.153116619010066E-005 -1.309984561692624E-005
 -3.883774389388292E-005 -1.245550439984322E-005  0.995995289398174     
 -2.319982054257205E-005 -7.831003520702030E-006 -4.562395111374037E-006
 -1.153116619010066E-005 -2.319982054257205E-005  0.995912041736410     
 -2.247374537731142E-005 -4.234617132119559E-005 -1.309984561692624E-005
 -7.831003520702030E-006 -2.247374537731142E-005  0.997931175446938     
 -2.732775355627344E-005 -3.883774389388292E-005 -4.562395111374037E-006
 -4.234617132119559E-005 -2.732775355627344E-005  0.995927243307903     
  0.997933064185957      -1.336246037540243E-005 -3.740478461714576E-005
 -2.142906671830787E-005 -5.214736415193357E-005 -1.336246037540243E-005
  0.995995861105415      -3.519616319799949E-005 -9.619358924706800E-006
 -1.602136059998950E-005 -3.740478461714576E-005 -3.519616319799949E-005
  0.995802813101371      -5.992786617236884E-005 -1.452776079063306E-004
 -2.142906671830787E-005 -9.619358924706800E-006 -5.992786617236884E-005
  0.997912641434387      -6.987073400483812E-005 -5.214736415193357E-005
 -1.602136059998950E-005 -1.452776079063306E-004 -6.987073400483812E-005
  0.995825109687838       0.000000000000000E+000  0.000000000000000E+000
  0.000000000000000E+000  0.000000000000000E+000  0.000000000000000E+000
  0.000000000000000E+000  0.000000000000000E+000  0.000000000000000E+000
  0.000000000000000E+000  0.000000000000000E+000  0.000000000000000E+000
  0.000000000000000E+000  0.000000000000000E+000  0.000000000000000E+000
  0.000000000000000E+000  0.000000000000000E+000  0.000000000000000E+000
  0.000000000000000E+000  0.000000000000000E+000  0.000000000000000E+000
  0.000000000000000E+000  0.000000000000000E+000  0.000000000000000E+000
  0.000000000000000E+000  0.000000000000000E+000  0.000000000000000E+000
  0.000000000000000E+000  0.000000000000000E+000  0.000000000000000E+000
  0.000000000000000E+000  0.000000000000000E+000  0.000000000000000E+000
  0.000000000000000E+000  0.000000000000000E+000  0.000000000000000E+000
  0.000000000000000E+000  0.000000000000000E+000  0.000000000000000E+000
  0.000000000000000E+000  0.000000000000000E+000  0.000000000000000E+000
  0.000000000000000E+000  0.000000000000000E+000  0.000000000000000E+000
  0.000000000000000E+000  0.000000000000000E+000  0.000000000000000E+000
  0.000000000000000E+000  0.000000000000000E+000  0.000000000000000E+000
  0.000000000000000E+000  0.000000000000000E+000  0.000000000000000E+000
  0.000000000000000E+000  0.000000000000000E+000  0.000000000000000E+000
  0.000000000000000E+000  0.000000000000000E+000  0.000000000000000E+000
  0.000000000000000E+000  0.000000000000000E+000  0.000000000000000E+000
  0.000000000000000E+000  0.000000000000000E+000  0.000000000000000E+000
  0.000000000000000E+000  0.000000000000000E+000  0.000000000000000E+000
  0.000000000000000E+000  0.000000000000000E+000  0.000000000000000E+000
  0.000000000000000E+000  0.000000000000000E+000  0.000000000000000E+000
  0.000000000000000E+000  0.000000000000000E+000  0.000000000000000E+000
  0.000000000000000E+000  0.000000000000000E+000  0.000000000000000E+000
  0.000000000000000E+000  0.000000000000000E+000  0.000000000000000E+000
  0.000000000000000E+000  0.000000000000000E+000  0.000000000000000E+000
  0.000000000000000E+000  0.000000000000000E+000  0.000000000000000E+000
  0.000000000000000E+000  0.000000000000000E+000  0.000000000000000E+000
  0.000000000000000E+000  0.000000000000000E+000  0.000000000000000E+000
  0.000000000000000E+000  0.000000000000000E+000  0.000000000000000E+000
  0.000000000000000E+000  0.000000000000000E+000  0.000000000000000E+000
  0.000000000000000E+000  0.000000000000000E+000  0.000000000000000E+000
  0.000000000000000E+000  0.000000000000000E+000  0.000000000000000E+000
  0.000000000000000E+000  0.000000000000000E+000  0.000000000000000E+000
  0.000000000000000E+000  0.000000000000000E+000  0.000000000000000E+000
  0.000000000000000E+000  0.000000000000000E+000  0.000000000000000E+000
  0.000000000000000E+000  0.000000000000000E+000  0.000000000000000E+000
  0.000000000000000E+000  0.000000000000000E+000  0.000000000000000E+000
  0.000000000000000E+000  0.000000000000000E+000  0.000000000000000E+000
  0.000000000000000E+000  0.000000000000000E+000  0.000000000000000E+000
  0.000000000000000E+000  0.000000000000000E+000  0.000000000000000E+000
  0.000000000000000E+000  0.000000000000000E+000  0.000000000000000E+000
  0.000000000000000E+000  0.000000000000000E+000  0.000000000000000E+000
  0.000000000000000E+000  0.000000000000000E+000  0.000000000000000E+000
  0.000000000000000E+000  0.000000000000000E+000  0.000000000000000E+000
  0.000000000000000E+000  0.000000000000000E+000  0.000000000000000E+000
  0.000000000000000E+000  0.000000000000000E+000  0.000000000000000E+000
  0.000000000000000E+000  0.000000000000000E+000  0.000000000000000E+000
  0.000000000000000E+000  0.000000000000000E+000  0.000000000000000E+000
  0.000000000000000E+000  0.000000000000000E+000  0.000000000000000E+000
  0.000000000000000E+000  0.000000000000000E+000  0.000000000000000E+000
  0.000000000000000E+000  0.000000000000000E+000  0.000000000000000E+000
  0.000000000000000E+000  0.000000000000000E+000  0.000000000000000E+000
  0.000000000000000E+000  0.000000000000000E+000  0.000000000000000E+000
  0.000000000000000E+000  0.000000000000000E+000  0.000000000000000E+000
  0.000000000000000E+000  0.000000000000000E+000  0.000000000000000E+000
  0.000000000000000E+000  0.000000000000000E+000  0.000000000000000E+000
  0.000000000000000E+000  0.000000000000000E+000  0.000000000000000E+000
  0.000000000000000E+000  0.000000000000000E+000  0.000000000000000E+000
  0.000000000000000E+000  0.000000000000000E+000  0.000000000000000E+000
  0.000000000000000E+000  0.000000000000000E+000  0.000000000000000E+000
  0.000000000000000E+000  0.000000000000000E+000  0.000000000000000E+000
  0.000000000000000E+000  0.000000000000000E+000  0.000000000000000E+000
  0.000000000000000E+000  0.000000000000000E+000  0.000000000000000E+000
  0.997936210939640      -4.589968125729236E-006 -1.950050408585969E-005
 -2.302175376928117E-005 -1.135446628634064E-005 -4.589968125729236E-006
  0.995960019695439       1.716322377731724E-005 -1.046098900149879E-005
  3.331739289428936E-005 -1.950050408585969E-005  1.716322377731724E-005
  0.995987474223454       3.377586384817182E-005 -1.716322377643258E-005
 -2.302175376928117E-005 -1.046098900149879E-005  3.377586384817182E-005
  0.997962794171110       1.255465500434106E-006 -1.135446628634064E-005
  3.331739289428936E-005 -1.716322377643258E-005  1.255465500434106E-006
  0.995960019695435       0.997932048561789       1.281519248969678E-006
 -2.749267191786488E-005 -1.187518469299152E-005 -1.398564823958689E-005
  1.281519248969678E-006  0.995954853862221       2.422855777069006E-005
 -1.688912103581190E-005  3.924347194391961E-005 -2.749267191786488E-005
  2.422855777069006E-005  0.995974241065750       4.761870459582241E-005
 -2.422855776980541E-005 -1.187518469299152E-005 -1.688912103581190E-005
  4.761870459582241E-005  0.997945760843946       9.554388742079522E-006
 -1.398564823958689E-005  3.924347194391961E-005 -2.422855776980541E-005
  9.554388742079522E-006  0.995954853862217       0.997921140302089     
  2.033561040410803E-005 -1.444833457828394E-005 -6.792930954124798E-006
  2.661558787820950E-005  2.033561040410803E-005  0.995964904817398     
  4.120808943540446E-006  1.899226351068794E-005  3.413088909871562E-005
 -1.444833457828394E-005  4.120808943540446E-006  0.995976389381884     
  2.502524957260043E-005 -4.120808942655858E-006 -6.792930954124798E-006
  1.899226351068794E-005  2.502524957260043E-005  0.997928984103117     
  8.115023455203828E-006  2.661558787820950E-005  3.413088909871562E-005
 -4.120808942655858E-006  8.115023455203828E-006  0.995964904817394     
  0.997916229547214       1.217734561154327E-005 -2.668647784009945E-005
  6.592053376427976E-006  3.051752006192814E-005  1.217734561154327E-005
  0.995957542920805      -7.345792877764524E-006  2.820800307805480E-005
  4.212270914849494E-005 -2.668647784009945E-005 -7.345792877764524E-006
  0.995952628442407       4.622233549237165E-005  7.345792878649035E-006
  6.592053376427976E-006  2.820800307805480E-005  4.622233549237165E-005
  0.997908617699630      -3.558110889640796E-006  3.051752006192814E-005
  4.212270914849494E-005  7.345792878649035E-006 -3.558110889640796E-006
  0.995957542920801       0.997907569975284       5.120042851014844E-005
  2.264917482608449E-005  3.115544960893141E-005  1.124464068898282E-004
  5.120042851014844E-005  0.995936427461035       1.195425671951718E-004
  8.386907553214700E-005  9.663903487388078E-005  2.264917482608449E-005
  1.195425671951718E-004  0.995981232985649       8.333341571389935E-005
 -3.617958484471679E-006  3.115544960893141E-005  8.386907553214700E-005
  8.333341571389935E-005  0.997955129778249       5.409050920274491E-005
  1.124464068898282E-004  9.663903487388078E-005 -3.617958484471679E-006
  5.409050920274491E-005  0.995985776556934       0.997899539421108     
  5.501999236106082E-005  3.302797572023506E-005  4.029966996717955E-005
  1.179973569777128E-004  5.501999236106082E-005  0.995932614403557     
  1.142423454829047E-004  7.973093998970150E-005  9.319635977860210E-005
  3.302797572023506E-005  1.142423454829047E-004  0.995964544544796     
  7.152045436591208E-005 -1.159609938299490E-005  4.029966996717955E-005
  7.973093998970150E-005  7.152045436591208E-005  0.997945358393766     
  4.710835750712961E-005  1.179973569777128E-004  9.319635977860210E-005
 -1.159609938299490E-005  4.710835750712961E-005  0.995979924311374     
  0.997970221238337       1.030669585186175E-004 -8.349344240691676E-005
 -5.016273979530009E-006  9.823296425836097E-005  1.030669585186175E-004
  0.995985776556939       3.617958485356353E-006  7.033619032860371E-005
  9.663903487388080E-005 -8.349344240691676E-005  3.617958485356353E-006
  0.995981232985649       2.205194708193475E-005 -1.195425671942870E-004
 -5.016273979530009E-006  7.033619032860371E-005  2.205194708193475E-005
  0.997892478515197       2.406334007491304E-006  9.823296425836097E-005
  9.663903487388080E-005 -1.195425671942870E-004  2.406334007491304E-006
  0.995936427461031       0.997968804188558       9.979571282108032E-005
 -7.845251823271141E-005  3.096378343864826E-007  9.655901567975605E-005
  9.979571282108032E-005  0.995979924311378       1.159609938387959E-005
  7.863452996765879E-005  9.319635977860213E-005 -7.845251823271141E-005
  1.159609938387959E-005  0.995964544544796       7.157161172786066E-006
 -1.142423454820199E-004  3.096378343864826E-007  7.863452996765879E-005
  7.157161172786066E-006  0.997876093626316       7.783241104980927E-006
  9.655901567975605E-005  9.319635977860213E-005 -1.142423454820199E-004
  7.783241104980927E-006  0.995932614403553       0.000000000000000E+000
  0.000000000000000E+000  0.000000000000000E+000  0.000000000000000E+000
  0.000000000000000E+000  0.000000000000000E+000  0.000000000000000E+000
  0.000000000000000E+000  0.000000000000000E+000  0.000000000000000E+000
  0.000000000000000E+000  0.000000000000000E+000  0.000000000000000E+000
  0.000000000000000E+000  0.000000000000000E+000  0.000000000000000E+000
  0.000000000000000E+000  0.000000000000000E+000  0.000000000000000E+000
  0.000000000000000E+000  0.000000000000000E+000  0.000000000000000E+000
  0.000000000000000E+000  0.000000000000000E+000  0.000000000000000E+000
  0.000000000000000E+000  0.000000000000000E+000  0.000000000000000E+000
  0.000000000000000E+000  0.000000000000000E+000  0.000000000000000E+000
  0.000000000000000E+000  0.000000000000000E+000  0.000000000000000E+000
  0.000000000000000E+000  0.000000000000000E+000  0.000000000000000E+000
  0.000000000000000E+000  0.000000000000000E+000  0.000000000000000E+000
  0.000000000000000E+000  0.000000000000000E+000  0.000000000000000E+000
  0.000000000000000E+000  0.000000000000000E+000  0.000000000000000E+000
  0.000000000000000E+000  0.000000000000000E+000  0.000000000000000E+000
  0.000000000000000E+000  0.000000000000000E+000  0.000000000000000E+000
  0.000000000000000E+000  0.000000000000000E+000  0.000000000000000E+000
  0.000000000000000E+000  0.000000000000000E+000  0.000000000000000E+000
  0.000000000000000E+000  0.000000000000000E+000  0.000000000000000E+000
  0.000000000000000E+000  0.000000000000000E+000  0.000000000000000E+000
  0.000000000000000E+000  0.000000000000000E+000  0.000000000000000E+000
  0.000000000000000E+000  0.000000000000000E+000  0.000000000000000E+000
  0.000000000000000E+000  0.000000000000000E+000  0.000000000000000E+000
  0.000000000000000E+000  0.000000000000000E+000  0.000000000000000E+000
  0.000000000000000E+000  0.000000000000000E+000  0.000000000000000E+000
  0.000000000000000E+000  0.000000000000000E+000  0.000000000000000E+000
  0.000000000000000E+000  0.000000000000000E+000  0.000000000000000E+000
  0.000000000000000E+000  0.000000000000000E+000  0.000000000000000E+000
  0.000000000000000E+000  0.000000000000000E+000  0.000000000000000E+000
  0.000000000000000E+000  0.000000000000000E+000  0.000000000000000E+000
  0.000000000000000E+000  0.000000000000000E+000  0.000000000000000E+000
  0.000000000000000E+000  0.000000000000000E+000  0.000000000000000E+000
  0.000000000000000E+000  0.000000000000000E+000  0.000000000000000E+000
  0.000000000000000E+000  0.000000000000000E+000  0.000000000000000E+000
  0.000000000000000E+000  0.000000000000000E+000  0.000000000000000E+000
  0.000000000000000E+000  0.000000000000000E+000  0.000000000000000E+000
  0.000000000000000E+000  0.000000000000000E+000  0.000000000000000E+000
  0.000000000000000E+000  0.000000000000000E+000  0.000000000000000E+000
  0.000000000000000E+000  0.000000000000000E+000  0.000000000000000E+000
  0.000000000000000E+000  0.000000000000000E+000  0.000000000000000E+000
  0.000000000000000E+000  0.000000000000000E+000  0.000000000000000E+000
  0.000000000000000E+000  0.000000000000000E+000  0.000000000000000E+000
  0.000000000000000E+000  0.000000000000000E+000  0.000000000000000E+000
  0.000000000000000E+000  0.000000000000000E+000  0.000000000000000E+000
  0.000000000000000E+000  0.000000000000000E+000  0.000000000000000E+000
  0.000000000000000E+000  0.000000000000000E+000  0.000000000000000E+000
  0.000000000000000E+000  0.000000000000000E+000  0.000000000000000E+000
  0.000000000000000E+000  0.000000000000000E+000  0.000000000000000E+000
  0.000000000000000E+000  0.000000000000000E+000  0.000000000000000E+000
  0.000000000000000E+000  0.000000000000000E+000  0.000000000000000E+000
  0.000000000000000E+000  0.000000000000000E+000  0.000000000000000E+000
  0.000000000000000E+000  0.000000000000000E+000  0.000000000000000E+000
  0.000000000000000E+000  0.000000000000000E+000  0.000000000000000E+000
  0.000000000000000E+000  0.000000000000000E+000  0.000000000000000E+000
  0.000000000000000E+000  0.000000000000000E+000  0.000000000000000E+000
  0.000000000000000E+000  0.000000000000000E+000  0.000000000000000E+000
  0.000000000000000E+000  0.000000000000000E+000  0.000000000000000E+000
  0.000000000000000E+000  0.000000000000000E+000  0.000000000000000E+000
  0.000000000000000E+000  0.000000000000000E+000  0.000000000000000E+000
  0.000000000000000E+000  0.000000000000000E+000  0.000000000000000E+000
  0.000000000000000E+000  0.000000000000000E+000  0.000000000000000E+000
  0.000000000000000E+000  0.000000000000000E+000  0.000000000000000E+000
  0.000000000000000E+000  0.000000000000000E+000  0.000000000000000E+000
  0.000000000000000E+000  0.000000000000000E+000  0.000000000000000E+000
  0.000000000000000E+000  0.000000000000000E+000  0.000000000000000E+000
  0.000000000000000E+000  0.997928010214980       6.609166976746628E-006
  1.630142660241490E-005 -2.834302173071428E-006 -2.982444908715288E-005
  6.609166976746628E-006  0.995936040359307      -2.372597013454772E-005
 -3.825411175155765E-005  1.439405843122064E-005  1.630142660241490E-005
 -2.372597013454772E-005  0.995960683246466      -2.823489911297906E-005
  2.372597013543227E-005 -2.834302173071428E-006 -3.825411175155765E-005
 -2.823489911297906E-005  0.997931282985223       2.485076237462158E-005
 -2.982444908715288E-005  1.439405843122064E-005  2.372597013543227E-005
  2.485076237462158E-005  0.995936040359303       0.997920661159434     
  4.180074549508201E-005  1.605619286146726E-005  8.177471528786462E-006
 -5.345322216744472E-005  4.180074549508201E-005  0.995812184710518     
 -3.476792670018829E-005 -8.585613607938054E-005  1.432252519385425E-004
  1.605619286146726E-005 -3.476792670018829E-005  0.995962124480558     
 -2.781014181392757E-005  3.476792670107283E-005  8.177471528786462E-006
 -8.585613607938054E-005 -2.781014181392757E-005  0.997911218628656     
  7.912857553468589E-005 -5.345322216744472E-005  1.432252519385425E-004
  3.476792670107283E-005  7.912857553468589E-005  0.995812184710515     
  0.997928339285760      -6.434983281549133E-006 -2.888451815700762E-005
 -2.161199711190465E-005 -7.342391321599908E-005 -6.434983281549133E-006
  0.995956480595098      -9.765440930364642E-005 -8.106739279120623E-005
 -5.809261384999501E-006 -2.888451815700762E-005 -9.765440930364642E-005
  0.995954488941489       5.002945299834145E-005  9.765440930453060E-005
 -2.161199711190465E-005 -8.106739279120623E-005  5.002945299834145E-005
  0.997953294670459       3.496083739998029E-005 -7.342391321599908E-005
 -5.809261384999501E-006  9.765440930453060E-005  3.496083739998029E-005
  0.995956480595094       0.997924939615506      -1.877487895453764E-005
 -3.078667390215793E-005 -1.882020194981374E-005 -6.991156252555603E-005
 -1.877487895453764E-005  0.995886772458995      -9.850720723824779E-005
 -6.988723746940300E-005  5.602194815432423E-005 -3.078667390215793E-005
 -9.850720723824779E-005  0.995952813827124       5.332408339285083E-005
  9.850720723913198E-005 -1.882020194981374E-005 -6.988723746940300E-005
  5.332408339285083E-005  0.997946671312828       1.868409660622095E-005
 -6.991156252555603E-005  5.602194815432423E-005  9.850720723913198E-005
  1.868409660622095E-005  0.995886772458991       0.997944269356341     
  4.247656852649777E-006 -5.540957929025321E-007  9.579470735460209E-006
  1.369725132496858E-005  4.247656852649777E-006  0.995927243307907     
  4.562395111576787E-006 -4.729834961161831E-005 -4.234617132187747E-005
 -5.540957929025321E-007  4.562395111576787E-006  0.995995289398171     
  1.470228498891199E-005  2.319982054345650E-005  9.579470735460209E-006
 -4.729834961161831E-005  1.470228498891199E-005  0.997925077978780     
 -2.122315554886395E-005  1.369725132496858E-005 -4.234617132187747E-005
  2.319982054345650E-005 -2.122315554886395E-005  0.995912041736410     
  0.997936305238439       3.443614854478642E-005 -1.649379015986275E-006
  1.955784419642459E-005  3.319666219637691E-005  3.443614854478642E-005
  0.995825109687842       1.602136060019219E-005 -8.009630909409663E-005
 -1.452776079070125E-004 -1.649379015986275E-006  1.602136060019219E-005
  0.995995861105411       1.638190960586270E-005  3.519616319888384E-005
  1.955784419642459E-005 -8.009630909409663E-005  1.638190960586270E-005
  0.997909400381905      -6.235742679203884E-005  3.319666219637691E-005
 -1.452776079070125E-004  3.519616319888384E-005 -6.235742679203884E-005
  0.995802813101371       0.997938171888183      -1.153116619081032E-005
 -1.245550439913345E-005  1.309984561778663E-005 -3.883774389388288E-005
 -1.153116619081032E-005  0.995912041736414      -2.319982054257196E-005
  2.247374538297811E-005 -4.234617132187760E-005 -1.245550439913345E-005
 -2.319982054257196E-005  0.995995289398171       7.831003526368874E-006
 -4.562395110692209E-006  1.309984561778663E-005  2.247374538297811E-005
  7.831003526368874E-006  0.997931175446938       2.732775354589002E-005
 -3.883774389388288E-005 -4.234617132187760E-005 -4.562395110692209E-006
  2.732775354589002E-005  0.995927243307903       0.997933064185957     
 -3.740478461785532E-005 -1.336246037469262E-005  2.142906671916818E-005
 -5.214736415193348E-005 -3.740478461785532E-005  0.995802813101375     
 -3.519616319799936E-005  5.992786617803561E-005 -1.452776079070128E-004
 -1.336246037469262E-005 -3.519616319799936E-005  0.995995861105411     
  9.619358930373674E-006 -1.602136059930769E-005  2.142906671916818E-005
  5.992786617803561E-005  9.619358930373674E-006  0.997912641434387     
  6.987073399445492E-005 -5.214736415193348E-005 -1.452776079070128E-004
 -1.602136059930769E-005  6.987073399445492E-005  0.995825109687838     
  0.000000000000000E+000  0.000000000000000E+000  0.000000000000000E+000
  0.000000000000000E+000  0.000000000000000E+000  0.000000000000000E+000
  0.000000000000000E+000  0.000000000000000E+000  0.000000000000000E+000
  0.000000000000000E+000  0.000000000000000E+000  0.000000000000000E+000
  0.000000000000000E+000  0.000000000000000E+000  0.000000000000000E+000
  0.000000000000000E+000  0.000000000000000E+000  0.000000000000000E+000
  0.000000000000000E+000  0.000000000000000E+000  0.000000000000000E+000
  0.000000000000000E+000  0.000000000000000E+000  0.000000000000000E+000
  0.000000000000000E+000  0.000000000000000E+000  0.000000000000000E+000
  0.000000000000000E+000  0.000000000000000E+000  0.000000000000000E+000
  0.000000000000000E+000  0.000000000000000E+000  0.000000000000000E+000
  0.000000000000000E+000  0.000000000000000E+000  0.000000000000000E+000
  0.000000000000000E+000  0.000000000000000E+000  0.000000000000000E+000
  0.000000000000000E+000  0.000000000000000E+000  0.000000000000000E+000
  0.000000000000000E+000  0.000000000000000E+000  0.000000000000000E+000
  0.000000000000000E+000  0.000000000000000E+000  0.000000000000000E+000
  0.000000000000000E+000  0.000000000000000E+000  0.000000000000000E+000
  0.000000000000000E+000  0.000000000000000E+000  0.000000000000000E+000
  0.000000000000000E+000  0.000000000000000E+000  0.000000000000000E+000
  0.000000000000000E+000  0.000000000000000E+000  0.000000000000000E+000
  0.000000000000000E+000  0.000000000000000E+000  0.000000000000000E+000
  0.000000000000000E+000  0.000000000000000E+000  0.000000000000000E+000
  0.000000000000000E+000  0.000000000000000E+000  0.000000000000000E+000
  0.000000000000000E+000  0.000000000000000E+000  0.000000000000000E+000
  0.000000000000000E+000  0.000000000000000E+000  0.000000000000000E+000
  0.000000000000000E+000  0.000000000000000E+000  0.000000000000000E+000
  0.000000000000000E+000  0.000000000000000E+000  0.000000000000000E+000
  0.000000000000000E+000  0.000000000000000E+000  0.000000000000000E+000
  0.000000000000000E+000  0.000000000000000E+000  0.000000000000000E+000
  0.000000000000000E+000  0.000000000000000E+000  0.000000000000000E+000
  0.000000000000000E+000  0.000000000000000E+000  0.000000000000000E+000
  0.000000000000000E+000  0.000000000000000E+000  0.000000000000000E+000
  0.000000000000000E+000  0.000000000000000E+000  0.000000000000000E+000
  0.000000000000000E+000  0.000000000000000E+000  0.000000000000000E+000
  0.000000000000000E+000  0.000000000000000E+000  0.000000000000000E+000
  0.000000000000000E+000  0.000000000000000E+000  0.000000000000000E+000
  0.000000000000000E+000  0.000000000000000E+000  0.000000000000000E+000
  0.000000000000000E+000  0.000000000000000E+000  0.000000000000000E+000
  0.000000000000000E+000  0.000000000000000E+000  0.000000000000000E+000
  0.000000000000000E+000  0.000000000000000E+000  0.000000000000000E+000
  0.000000000000000E+000  0.000000000000000E+000  0.000000000000000E+000
  0.000000000000000E+000  0.000000000000000E+000  0.000000000000000E+000
  0.000000000000000E+000  0.000000000000000E+000  0.000000000000000E+000
  0.000000000000000E+000  0.000000000000000E+000  0.000000000000000E+000
  0.000000000000000E+000  0.000000000000000E+000  0.000000000000000E+000
  0.000000000000000E+000  0.000000000000000E+000  0.000000000000000E+000
  0.000000000000000E+000  0.000000000000000E+000  0.000000000000000E+000
  0.000000000000000E+000  0.000000000000000E+000  0.000000000000000E+000
  0.000000000000000E+000  0.000000000000000E+000  0.000000000000000E+000
  0.000000000000000E+000  0.000000000000000E+000  0.000000000000000E+000
  0.000000000000000E+000  0.000000000000000E+000  0.000000000000000E+000
  0.000000000000000E+000  0.000000000000000E+000  0.000000000000000E+000
  0.000000000000000E+000  0.000000000000000E+000  0.000000000000000E+000
  0.000000000000000E+000  0.000000000000000E+000  0.000000000000000E+000
  0.000000000000000E+000  0.000000000000000E+000  0.000000000000000E+000
  0.000000000000000E+000  0.000000000000000E+000  0.000000000000000E+000
  0.000000000000000E+000  0.000000000000000E+000  0.000000000000000E+000
  0.000000000000000E+000  0.000000000000000E+000  0.000000000000000E+000
  0.000000000000000E+000  0.000000000000000E+000  0.000000000000000E+000
  0.000000000000000E+000  0.000000000000000E+000  0.000000000000000E+000
  0.000000000000000E+000  0.000000000000000E+000  0.000000000000000E+000
  0.000000000000000E+000  0.000000000000000E+000  0.000000000000000E+000
  0.000000000000000E+000  0.000000000000000E+000  0.000000000000000E+000
  0.000000000000000E+000  0.000000000000000E+000  0.000000000000000E+000
  0.000000000000000E+000  0.000000000000000E+000  0.000000000000000E+000
  0.000000000000000E+000  0.000000000000000E+000  0.000000000000000E+000
  0.000000000000000E+000  0.000000000000000E+000  0.997936210939640     
 -1.950050408656950E-005 -4.589968125019475E-006  2.302175377015547E-005
 -1.135446628634068E-005 -1.950050408656950E-005  0.995987474223458     
  1.716322377731708E-005 -3.377586384250472E-005 -1.716322377711433E-005
 -4.589968125019475E-006  1.716322377731708E-005  0.995960019695435     
  1.046098900716542E-005  3.331739289497122E-005  2.302175377015547E-005
 -3.377586384250472E-005  1.046098900716542E-005  0.997962794171110     
 -1.255465510817607E-006 -1.135446628634068E-005 -1.716322377711433E-005
  3.331739289497122E-005 -1.255465510817607E-006  0.995960019695435     
  0.997932048561790      -2.749267191857468E-005  1.281519249679430E-006
  1.187518469385196E-005 -1.398564823958691E-005 -2.749267191857468E-005
  0.995974241065753       2.422855777068988E-005 -4.761870459015529E-005
 -2.422855777048713E-005  1.281519249679430E-006  2.422855777068988E-005
  0.995954853862217       1.688912104147849E-005  3.924347194460146E-005
  1.187518469385196E-005 -4.761870459015529E-005  1.688912104147849E-005
  0.997945760843946      -9.554388752462967E-006 -1.398564823958691E-005
 -2.422855777048713E-005  3.924347194460146E-005 -9.554388752462967E-006
  0.995954853862217       0.997907569975285       2.264917482537468E-005
  5.120042851085807E-005 -3.115544960809864E-005  1.124464068898283E-004
  2.264917482537468E-005  0.995981232985653       1.195425671951715E-004
 -8.333341570823202E-005 -3.617958485153302E-006  5.120042851085807E-005
  1.195425671951715E-004  0.995936427461031      -8.386907552648029E-005
  9.663903487456289E-005 -3.115544960809864E-005 -8.333341570823202E-005
 -8.386907552648029E-005  0.997955129778249      -5.409050921312806E-005
  1.124464068898283E-004 -3.617958485153302E-006  9.663903487456289E-005
 -5.409050921312806E-005  0.995985776556934       0.997899539421108     
  3.302797571952530E-005  5.501999236177043E-005 -4.029966996631902E-005
  1.179973569777129E-004  3.302797571952530E-005  0.995964544544800     
  1.142423454829045E-004 -7.152045436024480E-005 -1.159609938367658E-005
  5.501999236177043E-005  1.142423454829045E-004  0.995932614403553     
 -7.973093998403478E-005  9.319635977928421E-005 -4.029966996631902E-005
 -7.152045436024480E-005 -7.973093998403478E-005  0.997945358393766     
 -4.710835751751274E-005  1.179973569777129E-004 -1.159609938367658E-005
  9.319635977928421E-005 -4.710835751751274E-005  0.995979924311374     
  0.997921140302089      -1.444833457899377E-005  2.033561040481780E-005
  6.792930954992172E-006  2.661558787820947E-005 -1.444833457899377E-005
  0.995976389381888       4.120808943540352E-006 -2.502524956693362E-005
 -4.120808943337592E-006  2.033561040481780E-005  4.120808943540352E-006
  0.995964904817394      -1.899226350502135E-005  3.413088909939748E-005
  6.792930954992172E-006 -2.502524956693362E-005 -1.899226350502135E-005
  0.997928984103117      -8.115023465587132E-006  2.661558787820947E-005
 -4.120808943337592E-006  3.413088909939748E-005 -8.115023465587132E-006
  0.995964904817394       0.997916229547214      -2.668647784080934E-005
  1.217734561225309E-005 -6.592053375553684E-006  3.051752006192815E-005
 -2.668647784080934E-005  0.995952628442411      -7.345792877764575E-006
 -4.622233548670519E-005  7.345792877967392E-006  1.217734561225309E-005
 -7.345792877764575E-006  0.995957542920802      -2.820800307238827E-005
  4.212270914917679E-005 -6.592053375553684E-006 -4.622233548670519E-005
 -2.820800307238827E-005  0.997908617699630       3.558110879257690E-006
  3.051752006192815E-005  7.345792877967392E-006  4.212270914917679E-005
  3.558110879257690E-006  0.995957542920801       0.997970221238337     
 -8.349344240762672E-005  1.030669585193273E-004  5.016273980348788E-006
  9.823296425836093E-005 -8.349344240762672E-005  0.995981232985653     
  3.617958485355961E-006 -2.205194707626710E-005 -1.195425671949687E-004
  1.030669585193273E-004  3.617958485355961E-006  0.995985776556934     
 -7.033619032293731E-005  9.663903487456283E-005  5.016273980348788E-006
 -2.205194707626710E-005 -7.033619032293731E-005  0.997892478515197     
 -2.406334017874519E-006  9.823296425836093E-005 -1.195425671949687E-004
  9.663903487456283E-005 -2.406334017874519E-006  0.995936427461031     
  0.997968804188558      -7.845251823342128E-005  9.979571282179014E-005
 -3.096378335399683E-007  9.655901567975602E-005 -7.845251823342128E-005
  0.995964544544800       1.159609938387923E-005 -7.157161167118507E-006
 -1.142423454827018E-004  9.979571282179014E-005  1.159609938387923E-005
  0.995979924311374      -7.863452996199244E-005  9.319635977928416E-005
 -3.096378335399683E-007 -7.157161167118507E-006 -7.863452996199244E-005
  0.997876093626316      -7.783241115364026E-006  9.655901567975602E-005
 -1.142423454827018E-004  9.319635977928416E-005 -7.783241115364026E-006
  0.995932614403553       0.000000000000000E+000  0.000000000000000E+000
  0.000000000000000E+000  0.000000000000000E+000  0.000000000000000E+000
  0.000000000000000E+000  0.000000000000000E+000  0.000000000000000E+000
  0.000000000000000E+000  0.000000000000000E+000  0.000000000000000E+000
  0.000000000000000E+000  0.000000000000000E+000  0.000000000000000E+000
  0.000000000000000E+000  0.000000000000000E+000  0.000000000000000E+000
  0.000000000000000E+000  0.000000000000000E+000  0.000000000000000E+000
  0.000000000000000E+000  0.000000000000000E+000  0.000000000000000E+000
  0.000000000000000E+000  0.000000000000000E+000  0.000000000000000E+000
  0.000000000000000E+000  0.000000000000000E+000  0.000000000000000E+000
  0.000000000000000E+000  0.000000000000000E+000  0.000000000000000E+000
  0.000000000000000E+000  0.000000000000000E+000  0.000000000000000E+000
  0.000000000000000E+000  0.000000000000000E+000  0.000000000000000E+000
  0.000000000000000E+000  0.000000000000000E+000  0.000000000000000E+000
  0.000000000000000E+000  0.000000000000000E+000  0.000000000000000E+000
  0.000000000000000E+000  0.000000000000000E+000  0.000000000000000E+000
  0.000000000000000E+000  0.000000000000000E+000  0.000000000000000E+000
  0.000000000000000E+000  0.000000000000000E+000  0.000000000000000E+000
  0.000000000000000E+000  0.000000000000000E+000  0.000000000000000E+000
  0.000000000000000E+000  0.000000000000000E+000  0.000000000000000E+000
  0.000000000000000E+000  0.000000000000000E+000  0.000000000000000E+000
  0.000000000000000E+000  0.000000000000000E+000  0.000000000000000E+000
  0.000000000000000E+000  0.000000000000000E+000  0.000000000000000E+000
  0.000000000000000E+000  0.000000000000000E+000  0.000000000000000E+000
  0.000000000000000E+000  0.000000000000000E+000  0.000000000000000E+000
  0.000000000000000E+000  0.000000000000000E+000  0.000000000000000E+000
  0.000000000000000E+000  0.000000000000000E+000  0.000000000000000E+000
  0.000000000000000E+000  0.000000000000000E+000  0.000000000000000E+000
  0.000000000000000E+000  0.000000000000000E+000  0.000000000000000E+000
  0.000000000000000E+000  0.000000000000000E+000  0.000000000000000E+000
  0.000000000000000E+000  0.000000000000000E+000  0.000000000000000E+000
  0.000000000000000E+000  0.000000000000000E+000  0.000000000000000E+000
  0.000000000000000E+000  0.000000000000000E+000  0.000000000000000E+000
  0.000000000000000E+000  0.000000000000000E+000  0.000000000000000E+000
  0.000000000000000E+000  0.000000000000000E+000  0.000000000000000E+000
  0.000000000000000E+000  0.000000000000000E+000  0.000000000000000E+000
  0.000000000000000E+000  0.000000000000000E+000  0.000000000000000E+000
  0.000000000000000E+000  0.000000000000000E+000  0.000000000000000E+000
  0.000000000000000E+000  0.000000000000000E+000  0.000000000000000E+000
  0.000000000000000E+000  0.000000000000000E+000  0.000000000000000E+000
  0.000000000000000E+000  0.000000000000000E+000  0.000000000000000E+000
  0.000000000000000E+000  0.000000000000000E+000  0.000000000000000E+000
  0.000000000000000E+000  0.000000000000000E+000  0.000000000000000E+000
  0.000000000000000E+000  0.000000000000000E+000  0.000000000000000E+000
  0.000000000000000E+000  0.000000000000000E+000  0.000000000000000E+000
  0.000000000000000E+000  0.000000000000000E+000  0.000000000000000E+000
  0.000000000000000E+000  0.000000000000000E+000  0.000000000000000E+000
  0.000000000000000E+000  0.000000000000000E+000  0.000000000000000E+000
  0.000000000000000E+000  0.000000000000000E+000  0.000000000000000E+000
  0.000000000000000E+000  0.000000000000000E+000  0.000000000000000E+000
  0.000000000000000E+000  0.000000000000000E+000  0.000000000000000E+000
  0.000000000000000E+000  0.000000000000000E+000  0.000000000000000E+000
  0.000000000000000E+000  0.000000000000000E+000  0.000000000000000E+000
  0.000000000000000E+000  0.000000000000000E+000  0.000000000000000E+000
  0.000000000000000E+000  0.000000000000000E+000  0.000000000000000E+000
  0.000000000000000E+000  0.000000000000000E+000  0.000000000000000E+000
  0.000000000000000E+000  0.000000000000000E+000  0.000000000000000E+000
  0.000000000000000E+000  0.000000000000000E+000  0.000000000000000E+000
  0.000000000000000E+000  0.000000000000000E+000  0.000000000000000E+000
  0.000000000000000E+000  0.000000000000000E+000  0.000000000000000E+000
  0.000000000000000E+000  0.000000000000000E+000  0.000000000000000E+000
  0.000000000000000E+000  0.000000000000000E+000  0.000000000000000E+000
  0.000000000000000E+000  0.000000000000000E+000  0.000000000000000E+000
  0.000000000000000E+000  0.000000000000000E+000  0.000000000000000E+000
  0.000000000000000E+000  0.000000000000000E+000  0.000000000000000E+000
  0.000000000000000E+000  0.000000000000000E+000  0.000000000000000E+000
  0.000000000000000E+000  0.000000000000000E+000  0.000000000000000E+000
  0.997976085786848      -6.764498168623287E-006 -6.764498167913569E-006
  4.440895987838489E-016 -3.900100816512652E-005 -6.764498168623287E-006
  0.995960019695439      -3.331739289408666E-005 -9.205523495872916E-006
 -1.716322377711443E-005 -6.764498167913569E-006 -3.331739289408666E-005
  0.995960019695435       9.205523501539604E-006 -1.716322377643248E-005
  4.440895987838489E-016 -9.205523495872916E-006  9.205523501539604E-006
  0.997922919323901      -5.191921921290187E-015 -3.900100816512652E-005
 -1.716322377711443E-005 -1.716322377643248E-005 -5.191921921290187E-015
  0.995987474223454       0.997952616985028      -1.526716749656840E-005
 -1.526716749585869E-005  4.440771475821881E-016 -5.498534382913687E-005
 -1.526716749656840E-005  0.995954853862221      -3.924347194371691E-005
 -7.334732288540615E-006 -2.422855777048724E-005 -1.526716749585869E-005
 -3.924347194371691E-005  0.995954853862217       7.334732294207298E-006
 -2.422855776980528E-005  4.440771475821881E-016 -7.334732288540615E-006
  7.334732294207298E-006  0.997925192420708      -5.191913601584690E-015
 -5.498534382913687E-005 -2.422855777048724E-005 -2.422855776980528E-005
 -5.191913601584690E-015  0.995974241065749       0.997916258416682     
  9.379448363199466E-006  4.703253574091039E-005 -3.617172358803136E-005
 -6.084426757423897E-005  9.379448363199466E-006  0.995985776556938     
 -9.663903487367823E-005  1.244266995365402E-004 -3.617958485153671E-006
  4.703253574091039E-005 -9.663903487367823E-005  0.995936427461031     
 -8.627540953916294E-005 -1.195425671942867E-004 -3.617172358803136E-005
  1.244266995365402E-004 -8.627540953916294E-005  0.997946441336852     
  6.128146862677267E-005 -6.084426757423897E-005 -3.617958485153671E-006
 -1.195425671942867E-004  6.128146862677267E-005  0.995981232985649     
  0.997899003112648       1.820164414862119E-005  4.153902331139314E-005
 -3.999003213233523E-005 -4.542454250588305E-005  1.820164414862119E-005
  0.995979924311378      -9.319635977839954E-005  1.257428874799800E-004
 -1.159609938367692E-005  4.153902331139314E-005 -9.319635977839954E-005
  0.995932614403553      -8.751418109420706E-005 -1.142423454820197E-004
 -3.999003213233523E-005  1.257428874799800E-004 -8.751418109420706E-005
  0.997945894702226       6.436329318793409E-005 -4.542454250588305E-005
 -1.159609938367692E-005 -1.142423454820197E-004  6.436329318793409E-005
  0.995964544544795       0.997916258416682       4.703253574020089E-005
  9.379448363909002E-006  3.617172358889170E-005 -6.084426757423891E-005
  4.703253574020089E-005  0.995936427461035      -9.663903487367843E-005
  8.627540954483004E-005 -1.195425671949690E-004  9.379448363909002E-006
 -9.663903487367843E-005  0.995985776556935      -1.244266995308739E-004
 -3.617958484471323E-006  3.617172358889170E-005  8.627540954483004E-005
 -1.244266995308739E-004  0.997946441336851      -6.128146863715669E-005
 -6.084426757423891E-005 -1.195425671949690E-004 -3.617958484471323E-006
 -6.128146863715669E-005  0.995981232985649       0.997899003112648     
  4.153902331068361E-005  1.820164414933075E-005  3.999003213323719E-005
 -4.542454250588309E-005  4.153902331068361E-005  0.995932614403557     
 -9.319635977839971E-005  8.751418109987407E-005 -1.142423454827020E-004
  1.820164414933075E-005 -9.319635977839971E-005  0.995979924311374     
 -1.257428874743137E-004 -1.159609938299458E-005  3.999003213323719E-005
  8.751418109987407E-005 -1.257428874743137E-004  0.997945894702226     
 -6.436329319831803E-005 -4.542454250588309E-005 -1.142423454827020E-004
 -1.159609938299458E-005 -6.436329319831803E-005  0.995964544544795     
  0.997932906003634       6.279977466089728E-006  6.279977466799405E-006
  4.232586769066693E-016 -2.889666914997533E-005  6.279977466089728E-006
  0.995964904817398      -3.413088909851293E-005  2.710728697108342E-005
 -4.120808943337695E-006  6.279977466799405E-006 -3.413088909851293E-005
  0.995964904817394      -2.710728696541680E-005 -4.120808942655740E-006
  4.232586769066693E-016  2.710728697108342E-005 -2.710728696541680E-005
  0.997917218401571      -5.191746648487451E-015 -2.889666914997533E-005
 -4.120808943337695E-006 -4.120808942655740E-006 -5.191746648487451E-015
  0.995976389381884       0.997904811775841       1.834017444237338E-005
  1.834017444308296E-005  4.232758222680958E-016 -5.337295567360669E-005
  1.834017444237338E-005  0.995957542920805      -4.212270914829225E-005
  2.464989219360549E-005  7.345792877967295E-006  1.834017444308296E-005
 -4.212270914829225E-005  0.995957542920802      -2.464989218793905E-005
  7.345792878649155E-006  4.232758222680958E-016  2.464989219360549E-005
 -2.464989218793905E-005  0.997920035471003      -5.191598522577002E-015
 -5.337295567360669E-005  7.345792877967295E-006  7.345792878649155E-006
 -5.191598522577002E-015  0.995952628442407       0.000000000000000E+000
  0.000000000000000E+000  0.000000000000000E+000  0.000000000000000E+000
  0.000000000000000E+000  0.000000000000000E+000  0.000000000000000E+000
  0.000000000000000E+000  0.000000000000000E+000  0.000000000000000E+000
  0.000000000000000E+000  0.000000000000000E+000  0.000000000000000E+000
  0.000000000000000E+000  0.000000000000000E+000  0.000000000000000E+000
  0.000000000000000E+000  0.000000000000000E+000  0.000000000000000E+000
  0.000000000000000E+000  0.000000000000000E+000  0.000000000000000E+000
  0.000000000000000E+000  0.000000000000000E+000  0.000000000000000E+000
  0.000000000000000E+000  0.000000000000000E+000  0.000000000000000E+000
  0.000000000000000E+000  0.000000000000000E+000  0.000000000000000E+000
  0.000000000000000E+000  0.000000000000000E+000  0.000000000000000E+000
  0.000000000000000E+000  0.000000000000000E+000  0.000000000000000E+000
  0.000000000000000E+000  0.000000000000000E+000  0.000000000000000E+000
  0.000000000000000E+000  0.000000000000000E+000  0.000000000000000E+000
  0.000000000000000E+000  0.000000000000000E+000  0.000000000000000E+000
  0.000000000000000E+000  0.000000000000000E+000  0.000000000000000E+000
  0.000000000000000E+000  0.000000000000000E+000  0.000000000000000E+000
  0.000000000000000E+000  0.000000000000000E+000  0.000000000000000E+000
  0.000000000000000E+000  0.000000000000000E+000  0.000000000000000E+000
  0.000000000000000E+000  0.000000000000000E+000  0.000000000000000E+000
  0.000000000000000E+000  0.000000000000000E+000  0.000000000000000E+000
  0.000000000000000E+000  0.000000000000000E+000  0.000000000000000E+000
  0.000000000000000E+000  0.000000000000000E+000  0.000000000000000E+000
  0.000000000000000E+000  0.000000000000000E+000  0.000000000000000E+000
  0.000000000000000E+000  0.000000000000000E+000  0.000000000000000E+000
  0.000000000000000E+000  0.000000000000000E+000  0.000000000000000E+000
  0.000000000000000E+000  0.000000000000000E+000  0.000000000000000E+000
  0.000000000000000E+000  0.000000000000000E+000  0.000000000000000E+000
  0.000000000000000E+000  0.000000000000000E+000  0.000000000000000E+000
  0.000000000000000E+000  0.000000000000000E+000  0.000000000000000E+000
  0.000000000000000E+000  0.000000000000000E+000  0.000000000000000E+000
  0.000000000000000E+000  0.000000000000000E+000  0.000000000000000E+000
  0.000000000000000E+000  0.000000000000000E+000  0.000000000000000E+000
  0.000000000000000E+000  0.000000000000000E+000  0.000000000000000E+000
  0.000000000000000E+000  0.000000000000000E+000  0.000000000000000E+000
  0.000000000000000E+000  0.000000000000000E+000  0.000000000000000E+000
  0.000000000000000E+000  0.000000000000000E+000  0.000000000000000E+000
  0.000000000000000E+000  0.000000000000000E+000  0.000000000000000E+000
  0.000000000000000E+000  0.000000000000000E+000  0.000000000000000E+000
  0.000000000000000E+000  0.000000000000000E+000  0.000000000000000E+000
  0.000000000000000E+000  0.000000000000000E+000  0.000000000000000E+000
  0.000000000000000E+000  0.000000000000000E+000  0.000000000000000E+000
  0.000000000000000E+000  0.000000000000000E+000  0.000000000000000E+000
  0.000000000000000E+000  0.000000000000000E+000  0.000000000000000E+000
  0.000000000000000E+000  0.000000000000000E+000  0.000000000000000E+000
  0.000000000000000E+000  0.000000000000000E+000  0.000000000000000E+000
  0.000000000000000E+000  0.000000000000000E+000  0.000000000000000E+000
  0.000000000000000E+000  0.000000000000000E+000  0.000000000000000E+000
  0.000000000000000E+000  0.000000000000000E+000  0.000000000000000E+000
  0.000000000000000E+000  0.000000000000000E+000  0.000000000000000E+000
  0.000000000000000E+000  0.000000000000000E+000  0.000000000000000E+000
  0.000000000000000E+000  0.000000000000000E+000  0.000000000000000E+000
  0.000000000000000E+000  0.000000000000000E+000  0.000000000000000E+000
  0.000000000000000E+000  0.000000000000000E+000  0.000000000000000E+000
  0.000000000000000E+000  0.000000000000000E+000  0.000000000000000E+000
  0.000000000000000E+000  0.000000000000000E+000  0.000000000000000E+000
  0.000000000000000E+000  0.000000000000000E+000  0.000000000000000E+000
  0.000000000000000E+000  0.000000000000000E+000  0.000000000000000E+000
  0.000000000000000E+000  0.000000000000000E+000  0.000000000000000E+000
  0.000000000000000E+000  0.000000000000000E+000  0.000000000000000E+000
  0.000000000000000E+000  0.000000000000000E+000  0.000000000000000E+000
  0.000000000000000E+000  0.000000000000000E+000  0.000000000000000E+000
  0.000000000000000E+000  0.000000000000000E+000  0.000000000000000E+000
  0.000000000000000E+000  0.000000000000000E+000  0.000000000000000E+000
  0.000000000000000E+000  0.000000000000000E+000  0.000000000000000E+000
  0.000000000000000E+000  0.000000000000000E+000  0.000000000000000E+000
  0.000000000000000E+000  0.994333132480503      -3.631670278959334E-005
 -3.631670278889047E-005  4.302217311800096E-016 -7.263340557120319E-005
 -3.631670278959334E-005  0.989756012005371       1.645197082004502E-003
 -6.290237438634835E-005 -1.645197082004305E-003 -3.631670278889047E-005
  1.645197082004502E-003  0.989756012005367       6.290237439200198E-005
 -1.645197082003618E-003  4.302217311800096E-016 -6.290237438634835E-005
  6.290237439200198E-005  0.994333132480501      -5.172239363588068E-015
 -7.263340557120319E-005 -1.645197082004305E-003 -1.645197082003618E-003
 -5.172239363588068E-015  0.989756012005367       0.994474178334856     
 -1.527335476526395E-004 -1.527335476519361E-004  4.510113832315465E-016
 -3.054670952973241E-004 -1.527335476526395E-004  0.988633235095299     
  6.273413088730737E-005 -2.645422645460380E-004 -6.273413088710579E-005
 -1.527335476519361E-004  6.273413088730737E-005  0.988633235095296     
  2.645422645516640E-004 -6.273413088642920E-005  4.510113832315465E-016
 -2.645422645460380E-004  2.645422645516640E-004  0.994474178334854     
 -5.159598914084123E-015 -3.054670952973241E-004 -6.273413088710579E-005
 -6.273413088642920E-005 -5.159598914084123E-015  0.988633235095295     
  0.998328713772809       2.511854988314260E-006 -4.349981331016632E-005
 -8.893539046941938E-006  4.760802002606414E-005  2.511854988314260E-006
  0.996575922474779      -5.164274774392808E-004  5.352278620098402E-005
 -6.564823900982586E-004 -4.349981331016632E-005 -5.164274774392808E-004
  0.996637876752978       7.534388677122702E-005  5.164274774401635E-004
 -8.893539046941938E-006  5.352278620098402E-005  7.534388677122702E-005
  0.998338983147133      -2.458606287086231E-005  4.760802002606414E-005
 -6.564823900982586E-004  5.164274774401635E-004 -2.458606287086231E-005
  0.996575922474775       0.998421466492368       8.117622266679642E-005
 -1.033041425490656E-004 -6.545093715358539E-006  1.428803832830468E-004
  8.117622266679642E-005  0.996564721299178      -3.579799005134236E-004
  1.181169414916822E-004 -3.754557965444725E-004 -1.033041425490656E-004
 -3.579799005134236E-004  0.996738970327507       1.789280235255771E-004
  3.579799005143069E-004 -6.545093715358539E-006  1.181169414916822E-004
  1.789280235255771E-004  0.998429024115604       1.124220026599358E-005
  1.428803832830468E-004 -3.754557965444725E-004  3.579799005143069E-004
  1.124220026599358E-005  0.996564721299174       0.998328713772809     
 -4.349981331087743E-005  2.511854989025207E-006  8.893539047788451E-006
  4.760802002606286E-005 -4.349981331087743E-005  0.996637876752982     
 -5.164274774392784E-004 -7.534388676556366E-005  5.164274774394820E-004
  2.511854989025207E-006 -5.164274774392784E-004  0.996575922474776     
 -5.352278619531133E-005 -6.564823900975768E-004  8.893539047788451E-006
 -7.534388676556366E-005 -5.352278619531133E-005  0.998338983147133     
  2.458606286047221E-005  4.760802002606286E-005  5.164274774394820E-004
 -6.564823900975768E-004  2.458606286047221E-005  0.996575922474775     
  0.998421466492369      -1.033041425497768E-004  8.117622266750729E-005
  6.545093716239800E-006  1.428803832830457E-004 -1.033041425497768E-004
  0.996738970327511      -3.579799005134222E-004 -1.789280235199113E-004
  3.579799005136258E-004  8.117622266750729E-005 -3.579799005134222E-004
  0.996564721299174      -1.181169414860106E-004 -3.754557965437902E-004
  6.545093716239800E-006 -1.789280235199113E-004 -1.181169414860106E-004
  0.998429024115604      -1.124220027638320E-005  1.428803832830457E-004
  3.579799005136258E-004 -3.754557965437902E-004 -1.124220027638320E-005
  0.996564721299174       0.998344117834298       4.509616502973168E-005
  4.509616503044086E-005  4.233044729217551E-016 -8.699962661374368E-005
  4.509616502973168E-005  0.996575922474779       6.564823900984622E-004
  2.893672333531536E-005  5.164274774394821E-004  4.509616503044086E-005
  6.564823900984622E-004  0.996575922474775      -2.893672332964537E-005
  5.164274774401635E-004  4.233044729217551E-016  2.893672333531536E-005
 -2.893672332964537E-005  0.998323579085644      -5.191913410957716E-015
 -8.699962661374368E-005  5.164274774394821E-004  5.164274774401635E-004
 -5.191913410957716E-015  0.996637876752978       0.998432802927225     
  6.170416060823330E-005  6.170416060894234E-005  4.232528506123272E-016
 -2.066082850915394E-004  6.170416060823330E-005  0.996564721299178     
  3.754557965446757E-004  1.293591417628695E-004  3.579799005136255E-004
  6.170416060894234E-005  3.754557965446757E-004  0.996564721299174     
 -1.293591417571999E-004  3.579799005143078E-004  4.232528506123272E-016
  1.293591417628695E-004 -1.293591417571999E-004  0.998417687680748     
 -5.193182928114266E-015 -2.066082850915394E-004  3.579799005136255E-004
  3.579799005143078E-004 -5.193182928114266E-015  0.996738970327507     
  0.000000000000000E+000  0.000000000000000E+000  0.000000000000000E+000
  0.000000000000000E+000  0.000000000000000E+000  0.000000000000000E+000
  0.000000000000000E+000  0.000000000000000E+000  0.000000000000000E+000
  0.000000000000000E+000  0.000000000000000E+000  0.000000000000000E+000
  0.000000000000000E+000  0.000000000000000E+000  0.000000000000000E+000
  0.000000000000000E+000  0.000000000000000E+000  0.000000000000000E+000
  0.000000000000000E+000  0.000000000000000E+000  0.000000000000000E+000
  0.000000000000000E+000  0.000000000000000E+000  0.000000000000000E+000
  0.000000000000000E+000  0.000000000000000E+000  0.000000000000000E+000
  0.000000000000000E+000  0.000000000000000E+000  0.000000000000000E+000
  0.000000000000000E+000  0.000000000000000E+000  0.000000000000000E+000
  0.000000000000000E+000  0.000000000000000E+000  0.000000000000000E+000
  0.000000000000000E+000  0.000000000000000E+000  0.000000000000000E+000
  0.000000000000000E+000  0.000000000000000E+000  0.000000000000000E+000
  0.000000000000000E+000  0.000000000000000E+000  0.000000000000000E+000
  0.000000000000000E+000  0.000000000000000E+000  0.000000000000000E+000
  0.000000000000000E+000  0.000000000000000E+000  0.000000000000000E+000
  0.000000000000000E+000  0.000000000000000E+000  0.000000000000000E+000
  0.000000000000000E+000  0.000000000000000E+000  0.000000000000000E+000
  0.000000000000000E+000  0.000000000000000E+000  0.000000000000000E+000
  0.000000000000000E+000  0.000000000000000E+000  0.000000000000000E+000
  0.000000000000000E+000  0.000000000000000E+000  0.000000000000000E+000
  0.000000000000000E+000  0.000000000000000E+000  0.000000000000000E+000
  0.000000000000000E+000  0.000000000000000E+000  0.000000000000000E+000
  0.000000000000000E+000  0.000000000000000E+000  0.000000000000000E+000
  0.000000000000000E+000  0.000000000000000E+000  0.000000000000000E+000
  0.000000000000000E+000  0.000000000000000E+000  0.000000000000000E+000
  0.000000000000000E+000  0.000000000000000E+000  0.000000000000000E+000
  0.000000000000000E+000  0.000000000000000E+000  0.000000000000000E+000
  0.000000000000000E+000  0.000000000000000E+000  0.000000000000000E+000
  0.000000000000000E+000  0.000000000000000E+000  0.000000000000000E+000
  0.000000000000000E+000  0.000000000000000E+000  0.000000000000000E+000
  0.000000000000000E+000  0.000000000000000E+000  0.000000000000000E+000
  0.000000000000000E+000  0.000000000000000E+000  0.000000000000000E+000
  0.000000000000000E+000  0.000000000000000E+000  0.000000000000000E+000
  0.000000000000000E+000  0.000000000000000E+000  0.000000000000000E+000
  0.000000000000000E+000  0.000000000000000E+000  0.000000000000000E+000
  0.000000000000000E+000  0.000000000000000E+000  0.000000000000000E+000
  0.000000000000000E+000  0.000000000000000E+000  0.000000000000000E+000
  0.000000000000000E+000  0.000000000000000E+000  0.000000000000000E+000
  0.000000000000000E+000  0.000000000000000E+000  0.000000000000000E+000
  0.000000000000000E+000  0.000000000000000E+000  0.000000000000000E+000
  0.000000000000000E+000  0.000000000000000E+000  0.000000000000000E+000
  0.000000000000000E+000  0.000000000000000E+000  0.000000000000000E+000
  0.000000000000000E+000  0.000000000000000E+000  0.000000000000000E+000
  0.000000000000000E+000  0.000000000000000E+000  0.000000000000000E+000
  0.000000000000000E+000  0.000000000000000E+000  0.000000000000000E+000
  0.000000000000000E+000  0.000000000000000E+000  0.000000000000000E+000
  0.000000000000000E+000  0.000000000000000E+000  0.000000000000000E+000
  0.000000000000000E+000  0.000000000000000E+000  0.000000000000000E+000
