  0.997938564238798       4.322043141594662E-007  4.322043148692083E-007
  4.440894582990086E-016  8.644086363309412E-007  4.322043141594662E-007
  0.995965220178162       2.078764785849936E-006  7.485998400123840E-007
 -2.078764785647216E-006  4.322043148692083E-007  2.078764785849936E-006
  0.995965220178158      -7.485998343455781E-007 -2.078764784965320E-006
  4.440894582990086E-016  7.485998400123840E-007 -7.485998343455781E-007
  0.997938564238796      -5.191759001880726E-015  8.644086363309412E-007
 -2.078764785647216E-006 -2.078764784965320E-006 -5.191759001880726E-015
  0.995965220178158       0.997938562312666       4.329404937453364E-007
  4.329404944550785E-007  4.024560948280927E-016  8.658809955026817E-007
  4.329404937453364E-007  0.995965216376917       2.081196683118319E-006
  7.498749404586064E-007 -2.081196682915600E-006  4.329404944550785E-007
  2.081196683118319E-006  0.995965216376913      -7.498749347918002E-007
 -2.081196682233703E-006  4.024560948280927E-016  7.498749404586064E-007
 -7.498749347918002E-007  0.997938562312663      -5.191758964610972E-015
  8.658809955026817E-007 -2.081196682915600E-006 -2.081196682233703E-006
 -5.191758964610972E-015  0.995965216376913       0.997940098053979     
 -1.145687238789444E-005  4.023715534702399E-006  2.442038942798701E-006
 -1.396263392711944E-005 -1.145687238789444E-005  0.995959497298103     
 -1.727473803602973E-005 -9.508032556228890E-006 -2.448476439651810E-006
  4.023715534702399E-006 -1.727473803602973E-005  0.995973152292506     
 -6.969279743050338E-006  1.727473803691429E-005  2.442038942798701E-006
 -9.508032556228890E-006 -6.969279743050338E-006  0.997937278230295     
 -5.167926258591529E-006 -1.396263392711944E-005 -2.448476439651810E-006
  1.727473803691429E-005 -5.167926258591529E-006  0.995959497298099     
  0.997940099189643      -1.145629920757739E-005  4.025718195784705E-006
  2.442252463784316E-006 -1.396293631147407E-005 -1.145629920757739E-005
  0.995959500423308      -1.727395241976841E-005 -9.508712645416321E-006
 -2.449588953472607E-006  4.025718195784705E-006 -1.727395241976841E-005
  0.995973155644033      -6.972748453795233E-006  1.727395242065297E-005
  2.442252463784316E-006 -9.508712645416321E-006 -6.972748453795233E-006
  0.997937279119407      -5.167089825282295E-006 -1.396293631147407E-005
 -2.449588953472607E-006  1.727395242065297E-005 -5.167089825282295E-006
  0.995959500423304       0.997940098053979       4.023715533992647E-006
 -1.145687238718469E-005 -2.442038941938285E-006 -1.396263392711943E-005
  4.023715533992647E-006  0.995973152292510      -1.727473803602972E-005
  6.969279748716950E-006  1.727473803623247E-005 -1.145687238718469E-005
 -1.727473803602972E-005  0.995959497298099       9.508032561895538E-006
 -2.448476438970004E-006 -2.442038941938285E-006  6.969279748716950E-006
  9.508032561895538E-006  0.997937278230295       5.167926248208159E-006
 -1.396263392711943E-005  1.727473803623247E-005 -2.448476438970004E-006
  5.167926248208159E-006  0.995959497298099       0.997940099189643     
  4.025718195074954E-006 -1.145629920686764E-005 -2.442252462889205E-006
 -1.396293631147406E-005  4.025718195074954E-006  0.995973155644037     
 -1.727395241976840E-005  6.972748459461848E-006  1.727395241997115E-005
 -1.145629920686764E-005 -1.727395241976840E-005  0.995959500423304     
  9.508712651082968E-006 -2.449588952790801E-006 -2.442252462889205E-006
  6.972748459461848E-006  9.508712651082968E-006  0.997937279119406     
  5.167089814898924E-006 -1.396293631147406E-005  1.727395241997115E-005
 -2.449588952790801E-006  5.167089814898924E-006  0.995959500423304     
  0.997935868318456      -2.505761547236864E-006 -2.505761546527085E-006
  4.510357536098662E-016  8.047431075997109E-006 -2.505761547236864E-006
  0.995959497298103       2.448476439854585E-006 -1.467595880962874E-005
  1.727473803623248E-005 -2.505761546527085E-006  2.448476439854585E-006
  0.995959497298099       1.467595881529537E-005  1.727473803691427E-005
  4.510357536098662E-016 -1.467595880962874E-005  1.467595881529537E-005
  0.997941507965817      -5.191704798901433E-015  8.047431075997109E-006
  1.727473803623248E-005  1.727473803691427E-005 -5.191704798901433E-015
  0.995973152292506       0.997935869084291      -2.506637111908545E-006
 -2.506637111198765E-006  4.440968585169382E-016  8.051436398161724E-006
 -2.506637111908545E-006  0.995959500423308       2.449588953675381E-006
 -1.467580246550694E-005  1.727395241997116E-005 -2.506637111198765E-006
  2.449588953675381E-006  0.995959500423304       1.467580247117356E-005
  1.727395242065296E-005  4.440968585169382E-016 -1.467580246550694E-005
  1.467580247117356E-005  0.997941509224758      -5.191704799639836E-015
  8.051436398161724E-006  1.727395241997116E-005  1.727395242065296E-005
 -5.191704799639836E-015  0.995973155644033       0.000000000000000E+000
  0.000000000000000E+000  0.000000000000000E+000  0.000000000000000E+000
  0.000000000000000E+000  0.000000000000000E+000  0.000000000000000E+000
  0.000000000000000E+000  0.000000000000000E+000  0.000000000000000E+000
  0.000000000000000E+000  0.000000000000000E+000  0.000000000000000E+000
  0.000000000000000E+000  0.000000000000000E+000  0.000000000000000E+000
  0.000000000000000E+000  0.000000000000000E+000  0.000000000000000E+000
  0.000000000000000E+000  0.000000000000000E+000  0.000000000000000E+000
  0.000000000000000E+000  0.000000000000000E+000  0.000000000000000E+000
  0.000000000000000E+000  0.000000000000000E+000  0.000000000000000E+000
  0.000000000000000E+000  0.000000000000000E+000  0.000000000000000E+000
  0.000000000000000E+000  0.000000000000000E+000  0.000000000000000E+000
  0.000000000000000E+000  0.000000000000000E+000  0.000000000000000E+000
  0.000000000000000E+000  0.000000000000000E+000  0.000000000000000E+000
  0.000000000000000E+000  0.000000000000000E+000  0.000000000000000E+000
  0.000000000000000E+000  0.000000000000000E+000  0.000000000000000E+000
  0.000000000000000E+000  0.000000000000000E+000  0.000000000000000E+000
  0.000000000000000E+000  0.000000000000000E+000  0.000000000000000E+000
  0.000000000000000E+000  0.000000000000000E+000  0.000000000000000E+000
  0.000000000000000E+000  0.000000000000000E+000  0.000000000000000E+000
  0.000000000000000E+000  0.000000000000000E+000  0.000000000000000E+000
  0.000000000000000E+000  0.000000000000000E+000  0.000000000000000E+000
  0.000000000000000E+000  0.000000000000000E+000  0.000000000000000E+000
  0.000000000000000E+000  0.000000000000000E+000  0.000000000000000E+000
  0.000000000000000E+000  0.000000000000000E+000  0.000000000000000E+000
  0.000000000000000E+000  0.000000000000000E+000  0.000000000000000E+000
  0.000000000000000E+000  0.000000000000000E+000  0.000000000000000E+000
  0.000000000000000E+000  0.000000000000000E+000  0.000000000000000E+000
  0.000000000000000E+000  0.000000000000000E+000  0.000000000000000E+000
  0.000000000000000E+000  0.000000000000000E+000  0.000000000000000E+000
  0.000000000000000E+000  0.000000000000000E+000  0.000000000000000E+000
  0.000000000000000E+000  0.000000000000000E+000  0.000000000000000E+000
  0.000000000000000E+000  0.000000000000000E+000  0.000000000000000E+000
  0.000000000000000E+000  0.000000000000000E+000  0.000000000000000E+000
  0.000000000000000E+000  0.000000000000000E+000  0.000000000000000E+000
  0.000000000000000E+000  0.000000000000000E+000  0.000000000000000E+000
  0.000000000000000E+000  0.000000000000000E+000  0.000000000000000E+000
  0.000000000000000E+000  0.000000000000000E+000  0.000000000000000E+000
  0.000000000000000E+000  0.000000000000000E+000  0.000000000000000E+000
  0.000000000000000E+000  0.000000000000000E+000  0.000000000000000E+000
  0.000000000000000E+000  0.000000000000000E+000  0.000000000000000E+000
  0.000000000000000E+000  0.000000000000000E+000  0.000000000000000E+000
  0.000000000000000E+000  0.000000000000000E+000  0.000000000000000E+000
  0.000000000000000E+000  0.000000000000000E+000  0.000000000000000E+000
  0.000000000000000E+000  0.000000000000000E+000  0.000000000000000E+000
  0.000000000000000E+000  0.000000000000000E+000  0.000000000000000E+000
  0.000000000000000E+000  0.000000000000000E+000  0.000000000000000E+000
  0.000000000000000E+000  0.000000000000000E+000  0.000000000000000E+000
  0.000000000000000E+000  0.000000000000000E+000  0.000000000000000E+000
  0.000000000000000E+000  0.000000000000000E+000  0.000000000000000E+000
  0.000000000000000E+000  0.000000000000000E+000  0.000000000000000E+000
  0.000000000000000E+000  0.000000000000000E+000  0.000000000000000E+000
  0.000000000000000E+000  0.000000000000000E+000  0.000000000000000E+000
  0.000000000000000E+000  0.000000000000000E+000  0.000000000000000E+000
  0.000000000000000E+000  0.000000000000000E+000  0.000000000000000E+000
  0.000000000000000E+000  0.000000000000000E+000  0.000000000000000E+000
  0.000000000000000E+000  0.000000000000000E+000  0.000000000000000E+000
  0.000000000000000E+000  0.000000000000000E+000  0.000000000000000E+000
  0.000000000000000E+000  0.000000000000000E+000  0.000000000000000E+000
  0.000000000000000E+000  0.000000000000000E+000  0.000000000000000E+000
  0.000000000000000E+000  0.000000000000000E+000  0.000000000000000E+000
  0.000000000000000E+000  0.000000000000000E+000  0.000000000000000E+000
  0.000000000000000E+000  0.000000000000000E+000  0.000000000000000E+000
  0.000000000000000E+000  0.000000000000000E+000  0.000000000000000E+000
  0.000000000000000E+000  0.000000000000000E+000  0.000000000000000E+000
  0.000000000000000E+000  0.000000000000000E+000  0.000000000000000E+000
  0.000000000000000E+000  0.000000000000000E+000  0.000000000000000E+000
  0.000000000000000E+000  0.997934515408395      -1.392825611719235E-005
 -1.392825611648255E-005  4.371434951879283E-016 -8.691962280842969E-006
 -1.392825611719235E-005  0.995943653103458      -3.017116141617905E-005
  9.703679002200599E-007 -4.514544331378922E-006 -1.392825611648255E-005
 -3.017116141617905E-005  0.995943653103454      -9.703678945534931E-007
 -4.514544330697088E-006  4.371434951879283E-016  9.703679002200599E-007
 -9.703678945534931E-007  0.997912301039344      -5.191620928144337E-015
 -8.691962280842969E-006 -4.514544331378922E-006 -4.514544330697088E-006
 -5.191620928144337E-015  0.995933608779710       0.997934516141097     
 -1.392745822028712E-005 -1.392745821957732E-005  4.440823901568798E-016
 -8.692190538604398E-006 -1.392745822028712E-005  0.995943652635938     
 -3.017239531067676E-005  9.704332979161242E-007 -4.515086149727693E-006
 -1.392745821957732E-005 -3.017239531067676E-005  0.995943652635934     
 -9.704332922495576E-007 -4.515086149045861E-006  4.440823901568798E-016
  9.704332979161242E-007 -9.704332922495576E-007  0.997912302240919     
 -5.191620928976438E-015 -8.692190538604398E-006 -4.515086149727693E-006
 -4.515086149045861E-006 -5.191620928976438E-015  0.995933609800357     
  0.997927981408776       4.778453457499074E-006 -2.109295070131275E-005
  3.051933161031529E-006  2.310585019837907E-005  4.778453457499074E-006
  0.995929804351877       4.763570257409299E-005 -9.494408962445427E-006
 -3.619631969974597E-006 -2.109295070131275E-005  4.763570257409299E-005
  0.995939805206057       8.129227410819708E-006  1.737024500933584E-005
  3.051933161031529E-006 -9.494408962445427E-006  8.129227410819708E-006
  0.997932521087926       5.753951813567013E-006  2.310585019837907E-005
 -3.619631969974597E-006  1.737024500933584E-005  5.753951813567013E-006
  0.995965622118270       0.997927982961973       4.779054394297431E-006
 -2.109310528006472E-005  3.051732911117656E-006  2.310602575470646E-005
  4.779054394297431E-006  0.995929806516788       4.763607299623297E-005
 -9.493562480564647E-006 -3.619947389197327E-006 -2.109310528006472E-005
  4.763607299623297E-005  0.995939808098740       8.129719787337954E-006
  1.737066478957570E-005  3.051732911117656E-006 -9.493562480564647E-006
  8.129719787337954E-006  0.997932522874742       5.753934682483469E-006
  2.310602575470646E-005 -3.619947389197327E-006  1.737066478957570E-005
  5.753934682483469E-006  0.995965625019744       0.997927981408776     
 -2.109295070202253E-005  4.778453458208841E-006 -3.051933160143359E-006
  2.310585019837902E-005 -2.109295070202253E-005  0.995939805206061     
  4.763570257409303E-005 -8.129227405152915E-006  1.737024500865390E-005
  4.778453458208841E-006  4.763570257409303E-005  0.995929804351873     
  9.494408968112298E-006 -3.619631969292657E-006 -3.051933160143359E-006
 -8.129227405152915E-006  9.494408968112298E-006  0.997932521087926     
 -5.753951823950449E-006  2.310585019837902E-005  1.737024500865390E-005
 -3.619631969292657E-006 -5.753951823950449E-006  0.995965622118270     
  0.997927982961972      -2.109310528077449E-005  4.779054395007199E-006
 -3.051732910236425E-006  2.310602575470641E-005 -2.109310528077449E-005
  0.995939808098744       4.763607299623301E-005 -8.129719781671163E-006
  1.737066478889377E-005  4.779054395007199E-006  4.763607299623301E-005
  0.995929806516784       9.493562486231516E-006 -3.619947388515386E-006
 -3.051732910236425E-006 -8.129719781671163E-006  9.493562486231516E-006
  0.997932522874742      -5.753934692866904E-006  2.310602575470641E-005
  1.737066478889377E-005 -3.619947388515386E-006 -5.753934692866904E-006
  0.995965625019744       0.997966085774486      -7.058970748443236E-005
 -7.058970748372244E-005  4.162750009022269E-016 -8.237834164943008E-005
 -7.058970748443236E-005  0.995966873262708      -7.355937856042920E-006
 -4.732043924944322E-005  1.089896073318260E-004 -7.058970748372244E-005
 -7.355937856042920E-006  0.995966873262704       4.732043925510916E-005
  1.089896073325073E-004  4.162750009022269E-016 -4.732043924944322E-005
  4.732043925510916E-005  0.997908308913315      -5.191052443978175E-015
 -8.237834164943008E-005  1.089896073318260E-004  1.089896073325073E-004
 -5.191052443978175E-015  0.995935765055135       0.997966083057268     
 -7.058964662981935E-005 -7.058964662910944E-005  4.301527884257043E-016
 -8.237812180181411E-005 -7.058964662981935E-005  0.995966869185479     
 -7.353928024253701E-006 -4.731994618907831E-005  1.089906829125751E-004
 -7.058964662910944E-005 -7.353928024253701E-006  0.995966869185475     
  4.731994619474425E-005  1.089906829132564E-004  4.301527884257043E-016
 -4.731994618907831E-005  4.731994619474425E-005  0.997908306938360     
 -5.191054136407165E-015 -8.237812180181411E-005  1.089906829125751E-004
  1.089906829132564E-004 -5.191054136407165E-015  0.995935759982647     
  0.000000000000000E+000  0.000000000000000E+000  0.000000000000000E+000
  0.000000000000000E+000  0.000000000000000E+000  0.000000000000000E+000
  0.000000000000000E+000  0.000000000000000E+000  0.000000000000000E+000
  0.000000000000000E+000  0.000000000000000E+000  0.000000000000000E+000
  0.000000000000000E+000  0.000000000000000E+000  0.000000000000000E+000
  0.000000000000000E+000  0.000000000000000E+000  0.000000000000000E+000
  0.000000000000000E+000  0.000000000000000E+000  0.000000000000000E+000
  0.000000000000000E+000  0.000000000000000E+000  0.000000000000000E+000
  0.000000000000000E+000  0.000000000000000E+000  0.000000000000000E+000
  0.000000000000000E+000  0.000000000000000E+000  0.000000000000000E+000
  0.000000000000000E+000  0.000000000000000E+000  0.000000000000000E+000
  0.000000000000000E+000  0.000000000000000E+000  0.000000000000000E+000
  0.000000000000000E+000  0.000000000000000E+000  0.000000000000000E+000
  0.000000000000000E+000  0.000000000000000E+000  0.000000000000000E+000
  0.000000000000000E+000  0.000000000000000E+000  0.000000000000000E+000
  0.000000000000000E+000  0.000000000000000E+000  0.000000000000000E+000
  0.000000000000000E+000  0.000000000000000E+000  0.000000000000000E+000
  0.000000000000000E+000  0.000000000000000E+000  0.000000000000000E+000
  0.000000000000000E+000  0.000000000000000E+000  0.000000000000000E+000
  0.000000000000000E+000  0.000000000000000E+000  0.000000000000000E+000
  0.000000000000000E+000  0.000000000000000E+000  0.000000000000000E+000
  0.000000000000000E+000  0.000000000000000E+000  0.000000000000000E+000
  0.000000000000000E+000  0.000000000000000E+000  0.000000000000000E+000
  0.000000000000000E+000  0.000000000000000E+000  0.000000000000000E+000
  0.000000000000000E+000  0.000000000000000E+000  0.000000000000000E+000
  0.000000000000000E+000  0.000000000000000E+000  0.000000000000000E+000
  0.000000000000000E+000  0.000000000000000E+000  0.000000000000000E+000
  0.000000000000000E+000  0.000000000000000E+000  0.000000000000000E+000
  0.000000000000000E+000  0.000000000000000E+000  0.000000000000000E+000
  0.000000000000000E+000  0.000000000000000E+000  0.000000000000000E+000
  0.000000000000000E+000  0.000000000000000E+000  0.000000000000000E+000
  0.000000000000000E+000  0.000000000000000E+000  0.000000000000000E+000
  0.000000000000000E+000  0.000000000000000E+000  0.000000000000000E+000
  0.000000000000000E+000  0.000000000000000E+000  0.000000000000000E+000
  0.000000000000000E+000  0.000000000000000E+000  0.000000000000000E+000
  0.000000000000000E+000  0.000000000000000E+000  0.000000000000000E+000
  0.000000000000000E+000  0.000000000000000E+000  0.000000000000000E+000
  0.000000000000000E+000  0.000000000000000E+000  0.000000000000000E+000
  0.000000000000000E+000  0.000000000000000E+000  0.000000000000000E+000
  0.000000000000000E+000  0.000000000000000E+000  0.000000000000000E+000
  0.000000000000000E+000  0.000000000000000E+000  0.000000000000000E+000
  0.000000000000000E+000  0.000000000000000E+000  0.000000000000000E+000
  0.000000000000000E+000  0.000000000000000E+000  0.000000000000000E+000
  0.000000000000000E+000  0.000000000000000E+000  0.000000000000000E+000
  0.000000000000000E+000  0.000000000000000E+000  0.000000000000000E+000
  0.000000000000000E+000  0.000000000000000E+000  0.000000000000000E+000
  0.000000000000000E+000  0.000000000000000E+000  0.000000000000000E+000
  0.000000000000000E+000  0.000000000000000E+000  0.000000000000000E+000
  0.000000000000000E+000  0.000000000000000E+000  0.000000000000000E+000
  0.000000000000000E+000  0.000000000000000E+000  0.000000000000000E+000
  0.000000000000000E+000  0.000000000000000E+000  0.000000000000000E+000
  0.000000000000000E+000  0.000000000000000E+000  0.000000000000000E+000
  0.000000000000000E+000  0.000000000000000E+000  0.000000000000000E+000
  0.000000000000000E+000  0.000000000000000E+000  0.000000000000000E+000
  0.000000000000000E+000  0.000000000000000E+000  0.000000000000000E+000
  0.000000000000000E+000  0.000000000000000E+000  0.000000000000000E+000
  0.000000000000000E+000  0.000000000000000E+000  0.000000000000000E+000
  0.000000000000000E+000  0.000000000000000E+000  0.000000000000000E+000
  0.000000000000000E+000  0.000000000000000E+000  0.000000000000000E+000
  0.000000000000000E+000  0.000000000000000E+000  0.000000000000000E+000
  0.000000000000000E+000  0.000000000000000E+000  0.000000000000000E+000
  0.000000000000000E+000  0.000000000000000E+000  0.000000000000000E+000
  0.000000000000000E+000  0.000000000000000E+000  0.000000000000000E+000
  0.000000000000000E+000  0.000000000000000E+000  0.000000000000000E+000
  0.000000000000000E+000  0.000000000000000E+000  0.000000000000000E+000
  0.000000000000000E+000  0.000000000000000E+000  0.000000000000000E+000
  0.000000000000000E+000  0.000000000000000E+000  0.997917854631608     
 -4.345981144427371E-006  7.804491304433214E-006  9.619103963402768E-006
 -6.123764805457201E-006 -4.345981144427371E-006  0.995933608779714     
  4.514544331581658E-006 -7.527460142247060E-006 -4.514544331378928E-006
  7.804491304433214E-006  4.514544331581658E-006  0.995943653103454     
  1.157703967914228E-005  3.017116141706354E-005  9.619103963402768E-006
 -7.527460142247060E-006  1.157703967914228E-005  0.997928961816130     
 -1.254740757888742E-005 -6.123764805457201E-006 -4.514544331378928E-006
  3.017116141706354E-005 -1.254740757888742E-005  0.995943653103454     
  0.997917855715965      -4.346095273308086E-006  7.804148992046738E-006
  9.618900935030875E-006 -6.123309220938445E-006 -4.346095273308086E-006
  0.995933609800361       4.515086149930430E-006 -7.527657819267068E-006
 -4.515086149727699E-006  7.804148992046738E-006  4.515086149930430E-006
  0.995943652635934       1.157631598130472E-005  3.017239531156124E-005
  9.618900935030875E-006 -7.527657819267068E-006  1.157631598130472E-005
  0.997928962666051      -1.254674927874592E-005 -6.123309220938445E-006
 -4.515086149727699E-006  3.017239531156124E-005 -1.254674927874592E-005
  0.995943652635934       0.997934029219788       1.653599354238038E-005
  3.506357898237442E-006 -4.397721547963414E-007 -5.833172626115295E-006
  1.653599354238038E-005  0.995965622118274      -1.737024500845122E-005
  1.713327734015374E-005 -3.619631969974611E-006  3.506357898237442E-006
 -1.737024500845122E-005  0.995939805206057       2.233164485264869E-005
 -4.763570257320839E-005 -4.397721547963414E-007  1.713327734015374E-005
  2.233164485264869E-005  0.997926473276914       8.885466565345676E-006
 -5.833172626115295E-006 -3.619631969974611E-006 -4.763570257320839E-005
  8.885466565345676E-006  0.995929804351873       0.997934030774778     
  1.653606648459053E-005  3.506008777040395E-006 -4.399734398335904E-007
 -5.832139082903515E-006  1.653606648459053E-005  0.995965625019748     
 -1.737066478869108E-005  1.713343794193483E-005 -3.619947389197339E-006
  3.506008777040395E-006 -1.737066478869108E-005  0.995939808098741     
  2.233202491003390E-005 -4.763607299534837E-005 -4.399734398335904E-007
  1.713343794193483E-005  2.233202491003390E-005  0.997926475061937     
  8.885563750938730E-006 -5.832139082903515E-006 -3.619947389197339E-006
 -4.763607299534837E-005  8.885563750938730E-006  0.995929806516783     
  0.997922753128609      -4.118917082872026E-005 -5.685848772809904E-006
  2.501811476218752E-005 -7.627555624994080E-005 -4.118917082872026E-005
  0.995935765055139      -1.089896073316229E-004 -7.134173658834119E-005
  1.089896073318259E-004 -5.685848772809904E-006 -1.089896073316229E-004
  0.995966873262704       8.479269955329982E-005  7.355937856927284E-006
  2.501811476218752E-005 -7.134173658834119E-005  8.479269955329982E-005
  0.997951641559192      -3.747226030338217E-005 -7.627555624994080E-005
  1.089896073318259E-004  7.355937856927284E-006 -3.747226030338217E-005
  0.995966873262704       0.997922750968089      -4.118906090491227E-005
 -5.685452197314811E-006  2.501779335226801E-005 -7.627509881983269E-005
 -4.118906090491227E-005  0.995935759982651      -1.089906829123720E-004
 -7.134154619472079E-005  1.089906829125751E-004 -5.685452197314811E-006
 -1.089906829123720E-004  0.995966869185475       8.479240032147657E-005
  7.353928025138064E-006  2.501779335226801E-005 -7.134154619472079E-005
  8.479240032147657E-005  0.997951639027539      -3.747245413192381E-005
 -7.627509881983269E-005  1.089906829125751E-004  7.353928025138064E-006
 -3.747245413192381E-005  0.995966869185475       0.997928743116492     
  6.569856647986851E-006 -1.061162609091675E-005 -3.491705315390737E-006
 -1.758659279648279E-005  6.569856647986851E-006  0.995965622118274     
  3.619631970177316E-006  2.288722915891247E-005  1.737024500865388E-005
 -1.061162609091675E-005  3.619631970177316E-006  0.995929804351873     
  6.089423975749054E-007 -4.763570257320834E-005 -3.491705315390737E-006
  2.288722915891247E-005  6.089423975749054E-007  0.997931759380209     
 -1.420241744702062E-005 -1.758659279648279E-005  1.737024500865388E-005
 -4.763570257320834E-005 -1.420241744702062E-005  0.995939805206057     
  0.997928745018325       6.569959262104092E-006 -1.061119348450333E-005
 -3.491706350479418E-006 -1.758709649643180E-005  6.569959262104092E-006
  0.995965625019748       3.619947389400046E-006  2.288737262961001E-005
  1.737066478889375E-005 -1.061119348450333E-005  3.619947389400046E-006
  0.995929806516784       6.079987301010677E-007 -4.763607299534831E-005
 -3.491706350479418E-006  2.288737262961001E-005  6.079987301010677E-007
  0.997931760818390      -1.420230512788758E-005 -1.758709649643180E-005
  1.737066478889375E-005 -4.763607299534831E-005 -1.420230512788758E-005
  0.995939808098740       0.000000000000000E+000  0.000000000000000E+000
  0.000000000000000E+000  0.000000000000000E+000  0.000000000000000E+000
  0.000000000000000E+000  0.000000000000000E+000  0.000000000000000E+000
  0.000000000000000E+000  0.000000000000000E+000  0.000000000000000E+000
  0.000000000000000E+000  0.000000000000000E+000  0.000000000000000E+000
  0.000000000000000E+000  0.000000000000000E+000  0.000000000000000E+000
  0.000000000000000E+000  0.000000000000000E+000  0.000000000000000E+000
  0.000000000000000E+000  0.000000000000000E+000  0.000000000000000E+000
  0.000000000000000E+000  0.000000000000000E+000  0.000000000000000E+000
  0.000000000000000E+000  0.000000000000000E+000  0.000000000000000E+000
  0.000000000000000E+000  0.000000000000000E+000  0.000000000000000E+000
  0.000000000000000E+000  0.000000000000000E+000  0.000000000000000E+000
  0.000000000000000E+000  0.000000000000000E+000  0.000000000000000E+000
  0.000000000000000E+000  0.000000000000000E+000  0.000000000000000E+000
  0.000000000000000E+000  0.000000000000000E+000  0.000000000000000E+000
  0.000000000000000E+000  0.000000000000000E+000  0.000000000000000E+000
  0.000000000000000E+000  0.000000000000000E+000  0.000000000000000E+000
  0.000000000000000E+000  0.000000000000000E+000  0.000000000000000E+000
  0.000000000000000E+000  0.000000000000000E+000  0.000000000000000E+000
  0.000000000000000E+000  0.000000000000000E+000  0.000000000000000E+000
  0.000000000000000E+000  0.000000000000000E+000  0.000000000000000E+000
  0.000000000000000E+000  0.000000000000000E+000  0.000000000000000E+000
  0.000000000000000E+000  0.000000000000000E+000  0.000000000000000E+000
  0.000000000000000E+000  0.000000000000000E+000  0.000000000000000E+000
  0.000000000000000E+000  0.000000000000000E+000  0.000000000000000E+000
  0.000000000000000E+000  0.000000000000000E+000  0.000000000000000E+000
  0.000000000000000E+000  0.000000000000000E+000  0.000000000000000E+000
  0.000000000000000E+000  0.000000000000000E+000  0.000000000000000E+000
  0.000000000000000E+000  0.000000000000000E+000  0.000000000000000E+000
  0.000000000000000E+000  0.000000000000000E+000  0.000000000000000E+000
  0.000000000000000E+000  0.000000000000000E+000  0.000000000000000E+000
  0.000000000000000E+000  0.000000000000000E+000  0.000000000000000E+000
  0.000000000000000E+000  0.000000000000000E+000  0.000000000000000E+000
  0.000000000000000E+000  0.000000000000000E+000  0.000000000000000E+000
  0.000000000000000E+000  0.000000000000000E+000  0.000000000000000E+000
  0.000000000000000E+000  0.000000000000000E+000  0.000000000000000E+000
  0.000000000000000E+000  0.000000000000000E+000  0.000000000000000E+000
  0.000000000000000E+000  0.000000000000000E+000  0.000000000000000E+000
  0.000000000000000E+000  0.000000000000000E+000  0.000000000000000E+000
  0.000000000000000E+000  0.000000000000000E+000  0.000000000000000E+000
  0.000000000000000E+000  0.000000000000000E+000  0.000000000000000E+000
  0.000000000000000E+000  0.000000000000000E+000  0.000000000000000E+000
  0.000000000000000E+000  0.000000000000000E+000  0.000000000000000E+000
  0.000000000000000E+000  0.000000000000000E+000  0.000000000000000E+000
  0.000000000000000E+000  0.000000000000000E+000  0.000000000000000E+000
  0.000000000000000E+000  0.000000000000000E+000  0.000000000000000E+000
  0.000000000000000E+000  0.000000000000000E+000  0.000000000000000E+000
  0.000000000000000E+000  0.000000000000000E+000  0.000000000000000E+000
  0.000000000000000E+000  0.000000000000000E+000  0.000000000000000E+000
  0.000000000000000E+000  0.000000000000000E+000  0.000000000000000E+000
  0.000000000000000E+000  0.000000000000000E+000  0.000000000000000E+000
  0.000000000000000E+000  0.000000000000000E+000  0.000000000000000E+000
  0.000000000000000E+000  0.000000000000000E+000  0.000000000000000E+000
  0.000000000000000E+000  0.000000000000000E+000  0.000000000000000E+000
  0.000000000000000E+000  0.000000000000000E+000  0.000000000000000E+000
  0.000000000000000E+000  0.000000000000000E+000  0.000000000000000E+000
  0.000000000000000E+000  0.000000000000000E+000  0.000000000000000E+000
  0.000000000000000E+000  0.000000000000000E+000  0.000000000000000E+000
  0.000000000000000E+000  0.000000000000000E+000  0.000000000000000E+000
  0.000000000000000E+000  0.000000000000000E+000  0.000000000000000E+000
  0.000000000000000E+000  0.000000000000000E+000  0.000000000000000E+000
  0.000000000000000E+000  0.000000000000000E+000  0.000000000000000E+000
  0.000000000000000E+000  0.000000000000000E+000  0.000000000000000E+000
  0.000000000000000E+000  0.000000000000000E+000  0.000000000000000E+000
  0.000000000000000E+000  0.000000000000000E+000  0.000000000000000E+000
  0.000000000000000E+000  0.000000000000000E+000  0.000000000000000E+000
  0.000000000000000E+000  0.000000000000000E+000  0.000000000000000E+000
  0.997948228072796      -8.568109871220620E-006  4.707666659985602E-006
 -2.216665835913513E-005 -7.239861206847353E-006 -8.568109871220620E-006
  0.995962553456472      -1.380844602265619E-005 -3.413071093355950E-006
 -1.653353432191948E-005  4.707666659985602E-006 -1.380844602265619E-005
  0.996008231073105      -8.153917841934781E-006  1.380844602354078E-005
 -2.216665835913513E-005 -3.413071093355950E-006 -8.153917841934781E-006
  0.997973823925136      -5.713665265088233E-006 -7.239861206847353E-006
 -1.653353432191948E-005  1.380844602354078E-005 -5.713665265088233E-006
  0.995962553456468       0.997948226287992      -8.568284412855851E-006
  4.709187355351240E-006 -2.216678393223566E-005 -7.239502796139524E-006
 -8.568284412855851E-006  0.995962551568492      -1.380810849815782E-005
 -3.412556464658575E-006 -1.653537662457889E-005  4.709187355351240E-006
 -1.380810849815782E-005  0.996008229036524      -8.156551763570900E-006
  1.380810849904240E-005 -2.216678393223566E-005 -3.412556464658575E-006
 -8.156551763570900E-006  0.997973822285331      -5.714073736927048E-006
 -7.239502796139524E-006 -1.653537662457889E-005  1.380810849904240E-005
 -5.714073736927048E-006  0.995962551568488       0.997932596329400     
  2.148486649324902E-005  1.157206324750014E-005 -5.072369625089260E-006
  1.952198729696077E-005  2.148486649324902E-005  0.995963483895547     
  3.092862739895833E-005  1.013775578803921E-005 -1.875171685153548E-005
  1.157206324750014E-005  3.092862739895833E-005  0.995995069865126     
 -2.004340149481240E-005 -3.092862739807356E-005 -5.072369625089260E-006
  1.013775578803921E-005 -2.004340149481240E-005  0.997938453397336     
  1.353756228517822E-005  1.952198729696077E-005 -1.875171685153548E-005
 -3.092862739807356E-005  1.353756228517822E-005  0.995963483895543     
  0.997932595568962       2.148393767148380E-005  1.157132258740098E-005
 -5.073115939516185E-006  1.952090207598558E-005  2.148393767148380E-005
  0.995963483908780       3.092761210717053E-005  1.013703893829108E-005
 -1.875202812433424E-005  1.157132258740098E-005  3.092761210717053E-005
  0.995995070138291      -2.004211863388950E-005 -3.092761210628577E-005
 -5.073115939516185E-006  1.013703893829108E-005 -2.004211863388950E-005
  0.997938453498667       1.353711632680801E-005  1.952090207598558E-005
 -1.875202812433424E-005 -3.092761210628577E-005  1.353711632680801E-005
  0.995963483908776       0.997921769504735       4.041320589805811E-005
 -1.550047824403496E-008  2.940188057087843E-005  9.638016527398244E-005
  4.041320589805811E-005  0.995937333172154       1.308925433179033E-004
  7.810033208695665E-005  1.299989886877522E-004 -1.550047824403496E-008
  1.308925433179033E-004  0.996002135092958       1.099259664552387E-004
  2.723947812521646E-005  2.940188057087843E-005  7.810033208695665E-005
  1.099259664552387E-004  0.997959618227755       5.826396983192055E-005
  9.638016527398244E-005  1.299989886877522E-004  2.723947812521646E-005
  5.826396983192055E-005  0.995984315316719       0.997921767632951     
  4.041262817579351E-005 -1.507634864408597E-008  2.940211841406108E-005
  9.637974732898124E-005  4.041262817579351E-005  0.995937330542296     
  1.308926826468264E-004  7.809937855860632E-005  1.300001724798590E-004
 -1.507634864408597E-008  1.308926826468264E-004  0.996002131606377     
  1.099257771866233E-004  2.724079911271977E-005  2.940211841406108E-005
  7.809937855860632E-005  1.099257771866233E-004  0.997959616401052     
  5.826489062744042E-005  9.637974732898124E-005  1.300001724798590E-004
  2.724079911271977E-005  5.826489062744042E-005  0.995984313152371     
  0.997975618822494       9.864816063725494E-005 -9.519092924817910E-005
 -1.688037533281647E-006  8.784347458086597E-005  9.864816063725494E-005
  0.995984315316723      -2.723947812433184E-005  5.433568663135465E-005
  1.299989886877523E-004 -9.519092924817910E-005 -2.723947812433184E-005
  0.996002135092958       5.497640703467872E-005 -1.308925433170185E-004
 -1.688037533281647E-006  5.433568663135465E-005  5.497640703467872E-005
  0.997905768909995      -4.051303088261685E-006  8.784347458086597E-005
  1.299989886877523E-004 -1.308925433170185E-004 -4.051303088261685E-006
  0.995937333172149       0.997975617190500       9.864874909706622E-005
 -9.519097740154996E-005 -1.687938132544006E-006  8.784235993995907E-005
  9.864874909706622E-005  0.995984313152375      -2.724079911183514E-005
  5.433486428260631E-005  1.300001724798591E-004 -9.519097740154996E-005
 -2.724079911183514E-005  0.996002131606377       5.497594509336294E-005
 -1.308926826459416E-004 -1.687938132544006E-006  5.433486428260631E-005
  5.497594509336294E-005  0.997905766843503      -4.051326646243989E-006
  8.784235993995907E-005  1.300001724798591E-004 -1.308926826459416E-004
 -4.051326646243989E-006  0.995937330542292       0.000000000000000E+000
  0.000000000000000E+000  0.000000000000000E+000  0.000000000000000E+000
  0.000000000000000E+000  0.000000000000000E+000  0.000000000000000E+000
  0.000000000000000E+000  0.000000000000000E+000  0.000000000000000E+000
  0.000000000000000E+000  0.000000000000000E+000  0.000000000000000E+000
  0.000000000000000E+000  0.000000000000000E+000  0.000000000000000E+000
  0.000000000000000E+000  0.000000000000000E+000  0.000000000000000E+000
  0.000000000000000E+000  0.000000000000000E+000  0.000000000000000E+000
  0.000000000000000E+000  0.000000000000000E+000  0.000000000000000E+000
  0.000000000000000E+000  0.000000000000000E+000  0.000000000000000E+000
  0.000000000000000E+000  0.000000000000000E+000  0.000000000000000E+000
  0.000000000000000E+000  0.000000000000000E+000  0.000000000000000E+000
  0.000000000000000E+000  0.000000000000000E+000  0.000000000000000E+000
  0.000000000000000E+000  0.000000000000000E+000  0.000000000000000E+000
  0.000000000000000E+000  0.000000000000000E+000  0.000000000000000E+000
  0.000000000000000E+000  0.000000000000000E+000  0.000000000000000E+000
  0.000000000000000E+000  0.000000000000000E+000  0.000000000000000E+000
  0.000000000000000E+000  0.000000000000000E+000  0.000000000000000E+000
  0.000000000000000E+000  0.000000000000000E+000  0.000000000000000E+000
  0.000000000000000E+000  0.000000000000000E+000  0.000000000000000E+000
  0.000000000000000E+000  0.000000000000000E+000  0.000000000000000E+000
  0.000000000000000E+000  0.000000000000000E+000  0.000000000000000E+000
  0.000000000000000E+000  0.000000000000000E+000  0.000000000000000E+000
  0.000000000000000E+000  0.000000000000000E+000  0.000000000000000E+000
  0.000000000000000E+000  0.000000000000000E+000  0.000000000000000E+000
  0.000000000000000E+000  0.000000000000000E+000  0.000000000000000E+000
  0.000000000000000E+000  0.000000000000000E+000  0.000000000000000E+000
  0.000000000000000E+000  0.000000000000000E+000  0.000000000000000E+000
  0.000000000000000E+000  0.000000000000000E+000  0.000000000000000E+000
  0.000000000000000E+000  0.000000000000000E+000  0.000000000000000E+000
  0.000000000000000E+000  0.000000000000000E+000  0.000000000000000E+000
  0.000000000000000E+000  0.000000000000000E+000  0.000000000000000E+000
  0.000000000000000E+000  0.000000000000000E+000  0.000000000000000E+000
  0.000000000000000E+000  0.000000000000000E+000  0.000000000000000E+000
  0.000000000000000E+000  0.000000000000000E+000  0.000000000000000E+000
  0.000000000000000E+000  0.000000000000000E+000  0.000000000000000E+000
  0.000000000000000E+000  0.000000000000000E+000  0.000000000000000E+000
  0.000000000000000E+000  0.000000000000000E+000  0.000000000000000E+000
  0.000000000000000E+000  0.000000000000000E+000  0.000000000000000E+000
  0.000000000000000E+000  0.000000000000000E+000  0.000000000000000E+000
  0.000000000000000E+000  0.000000000000000E+000  0.000000000000000E+000
  0.000000000000000E+000  0.000000000000000E+000  0.000000000000000E+000
  0.000000000000000E+000  0.000000000000000E+000  0.000000000000000E+000
  0.000000000000000E+000  0.000000000000000E+000  0.000000000000000E+000
  0.000000000000000E+000  0.000000000000000E+000  0.000000000000000E+000
  0.000000000000000E+000  0.000000000000000E+000  0.000000000000000E+000
  0.000000000000000E+000  0.000000000000000E+000  0.000000000000000E+000
  0.000000000000000E+000  0.000000000000000E+000  0.000000000000000E+000
  0.000000000000000E+000  0.000000000000000E+000  0.000000000000000E+000
  0.000000000000000E+000  0.000000000000000E+000  0.000000000000000E+000
  0.000000000000000E+000  0.000000000000000E+000  0.000000000000000E+000
  0.000000000000000E+000  0.000000000000000E+000  0.000000000000000E+000
  0.000000000000000E+000  0.000000000000000E+000  0.000000000000000E+000
  0.000000000000000E+000  0.000000000000000E+000  0.000000000000000E+000
  0.000000000000000E+000  0.000000000000000E+000  0.000000000000000E+000
  0.000000000000000E+000  0.000000000000000E+000  0.000000000000000E+000
  0.000000000000000E+000  0.000000000000000E+000  0.000000000000000E+000
  0.000000000000000E+000  0.000000000000000E+000  0.000000000000000E+000
  0.000000000000000E+000  0.000000000000000E+000  0.000000000000000E+000
  0.000000000000000E+000  0.000000000000000E+000  0.000000000000000E+000
  0.000000000000000E+000  0.000000000000000E+000  0.000000000000000E+000
  0.000000000000000E+000  0.000000000000000E+000  0.000000000000000E+000
  0.000000000000000E+000  0.000000000000000E+000  0.000000000000000E+000
  0.000000000000000E+000  0.000000000000000E+000  0.000000000000000E+000
  0.000000000000000E+000  0.000000000000000E+000  0.000000000000000E+000
  0.000000000000000E+000  0.000000000000000E+000  0.000000000000000E+000
  0.000000000000000E+000  0.000000000000000E+000  0.000000000000000E+000
  0.000000000000000E+000  0.997917854631608       7.804491303723465E-006
 -4.345981143717679E-006 -9.619103962549268E-006 -6.123764805457160E-006
  7.804491303723465E-006  0.995943653103458       4.514544331581690E-006
 -1.157703967347588E-005  3.017116141638178E-005 -4.345981143717679E-006
  4.514544331581690E-006  0.995933608779710       7.527460147913752E-006
 -4.514544330697095E-006 -9.619103962549268E-006 -1.157703967347588E-005
  7.527460147913752E-006  0.997928961816131       1.254740756850427E-005
 -6.123764805457160E-006  3.017116141638178E-005 -4.514544330697095E-006
  1.254740756850427E-005  0.995943653103454       0.997917855715965     
  7.804148991336992E-006 -4.346095272598394E-006 -9.618900934135743E-006
 -6.123309220938404E-006  7.804148991336992E-006  0.995943652635938     
  4.515086149930463E-006 -1.157631597563832E-005  3.017239531087949E-005
 -4.346095272598394E-006  4.515086149930463E-006  0.995933609800357     
  7.527657824933759E-006 -4.515086149045867E-006 -9.618900934135743E-006
 -1.157631597563832E-005  7.527657824933759E-006  0.997928962666051     
  1.254674926836277E-005 -6.123309220938404E-006  3.017239531087949E-005
 -4.515086149045867E-006  1.254674926836277E-005  0.995943652635934     
  0.997922753128609      -5.685848773519800E-006 -4.118917082801047E-005
 -2.501811476134091E-005 -7.627555624994053E-005 -5.685848773519800E-006
  0.995966873262708      -1.089896073316231E-004 -8.479269954763383E-005
  7.355937856246030E-006 -4.118917082801047E-005 -1.089896073316231E-004
  0.995935765055135       7.134173659400646E-005  1.089896073325073E-004
 -2.501811476134091E-005 -8.479269954763383E-005  7.134173659400646E-005
  0.997951641559192       3.747226029299906E-005 -7.627555624994053E-005
  7.355937856246030E-006  1.089896073325073E-004  3.747226029299906E-005
  0.995966873262704       0.997922750968089      -5.685452198024704E-006
 -4.118906090420248E-005 -2.501779335141446E-005 -7.627509881983241E-005
 -5.685452198024704E-006  0.995966869185478      -1.089906829123723E-004
 -8.479240031581055E-005  7.353928024456809E-006 -4.118906090420248E-005
 -1.089906829123723E-004  0.995935759982647       7.134154620038605E-005
  1.089906829132564E-004 -2.501779335141446E-005 -8.479240031581055E-005
  7.134154620038605E-005  0.997951639027539       3.747245412154070E-005
 -7.627509881983241E-005  7.353928024456809E-006  1.089906829132564E-004
  3.747245412154070E-005  0.995966869185474       0.997934029219787     
  3.506357897527740E-006  1.653599354309007E-005  4.397721556706656E-007
 -5.833172626115262E-006  3.506357897527740E-006  0.995939805206061     
 -1.737024500845126E-005 -2.233164484698183E-005 -4.763570257389024E-005
  1.653599354309007E-005 -1.737024500845126E-005  0.995965622118270     
 -1.713327733448698E-005 -3.619631969292668E-006  4.397721556706656E-007
 -2.233164484698183E-005 -1.713327733448698E-005  0.997926473276914     
 -8.885466575729150E-006 -5.833172626115262E-006 -4.763570257389024E-005
 -3.619631969292668E-006 -8.885466575729150E-006  0.995929804351873     
  0.997934030774778       3.506008776330691E-006  1.653606648530023E-005
  4.399734407009757E-007 -5.832139082903485E-006  3.506008776330691E-006
  0.995939808098744      -1.737066478869112E-005 -2.233202490436703E-005
 -4.763607299603022E-005  1.653606648530023E-005 -1.737066478869112E-005
  0.995965625019744      -1.713343793626807E-005 -3.619947388515396E-006
  4.399734407009757E-007 -2.233202490436703E-005 -1.713343793626807E-005
  0.997926475061937      -8.885563761322206E-006 -5.832139082903485E-006
 -4.763607299603022E-005 -3.619947388515396E-006 -8.885563761322206E-006
  0.995929806516783       0.997928743116492      -1.061162609162643E-005
  6.569856648696547E-006  3.491705316251144E-006 -1.758659279648273E-005
 -1.061162609162643E-005  0.995929804351877       3.619631970177256E-006
 -6.089423919080090E-007 -4.763570257389028E-005  6.569856648696547E-006
  3.619631970177256E-006  0.995965622118270      -2.288722915324573E-005
  1.737024500933585E-005  3.491705316251144E-006 -6.089423919080090E-007
 -2.288722915324573E-005  0.997931759380209       1.420241743663720E-005
 -1.758659279648273E-005 -4.763570257389028E-005  1.737024500933585E-005
  1.420241743663720E-005  0.995939805206057       0.997928745018325     
 -1.061119348521301E-005  6.569959262813786E-006  3.491706351395336E-006
 -1.758709649643174E-005 -1.061119348521301E-005  0.995929806516787     
  3.619947389399985E-006 -6.079987244341715E-007 -4.763607299603026E-005
  6.569959262813786E-006  3.619947389399985E-006  0.995965625019744     
 -2.288737262394327E-005  1.737066478957571E-005  3.491706351395336E-006
 -6.079987244341715E-007 -2.288737262394327E-005  0.997931760818390     
  1.420230511750416E-005 -1.758709649643174E-005 -4.763607299603026E-005
  1.737066478957571E-005  1.420230511750416E-005  0.995939808098740     
  0.000000000000000E+000  0.000000000000000E+000  0.000000000000000E+000
  0.000000000000000E+000  0.000000000000000E+000  0.000000000000000E+000
  0.000000000000000E+000  0.000000000000000E+000  0.000000000000000E+000
  0.000000000000000E+000  0.000000000000000E+000  0.000000000000000E+000
  0.000000000000000E+000  0.000000000000000E+000  0.000000000000000E+000
  0.000000000000000E+000  0.000000000000000E+000  0.000000000000000E+000
  0.000000000000000E+000  0.000000000000000E+000  0.000000000000000E+000
  0.000000000000000E+000  0.000000000000000E+000  0.000000000000000E+000
  0.000000000000000E+000  0.000000000000000E+000  0.000000000000000E+000
  0.000000000000000E+000  0.000000000000000E+000  0.000000000000000E+000
  0.000000000000000E+000  0.000000000000000E+000  0.000000000000000E+000
  0.000000000000000E+000  0.000000000000000E+000  0.000000000000000E+000
  0.000000000000000E+000  0.000000000000000E+000  0.000000000000000E+000
  0.000000000000000E+000  0.000000000000000E+000  0.000000000000000E+000
  0.000000000000000E+000  0.000000000000000E+000  0.000000000000000E+000
  0.000000000000000E+000  0.000000000000000E+000  0.000000000000000E+000
  0.000000000000000E+000  0.000000000000000E+000  0.000000000000000E+000
  0.000000000000000E+000  0.000000000000000E+000  0.000000000000000E+000
  0.000000000000000E+000  0.000000000000000E+000  0.000000000000000E+000
  0.000000000000000E+000  0.000000000000000E+000  0.000000000000000E+000
  0.000000000000000E+000  0.000000000000000E+000  0.000000000000000E+000
  0.000000000000000E+000  0.000000000000000E+000  0.000000000000000E+000
  0.000000000000000E+000  0.000000000000000E+000  0.000000000000000E+000
  0.000000000000000E+000  0.000000000000000E+000  0.000000000000000E+000
  0.000000000000000E+000  0.000000000000000E+000  0.000000000000000E+000
  0.000000000000000E+000  0.000000000000000E+000  0.000000000000000E+000
  0.000000000000000E+000  0.000000000000000E+000  0.000000000000000E+000
  0.000000000000000E+000  0.000000000000000E+000  0.000000000000000E+000
  0.000000000000000E+000  0.000000000000000E+000  0.000000000000000E+000
  0.000000000000000E+000  0.000000000000000E+000  0.000000000000000E+000
  0.000000000000000E+000  0.000000000000000E+000  0.000000000000000E+000
  0.000000000000000E+000  0.000000000000000E+000  0.000000000000000E+000
  0.000000000000000E+000  0.000000000000000E+000  0.000000000000000E+000
  0.000000000000000E+000  0.000000000000000E+000  0.000000000000000E+000
  0.000000000000000E+000  0.000000000000000E+000  0.000000000000000E+000
  0.000000000000000E+000  0.000000000000000E+000  0.000000000000000E+000
  0.000000000000000E+000  0.000000000000000E+000  0.000000000000000E+000
  0.000000000000000E+000  0.000000000000000E+000  0.000000000000000E+000
  0.000000000000000E+000  0.000000000000000E+000  0.000000000000000E+000
  0.000000000000000E+000  0.000000000000000E+000  0.000000000000000E+000
  0.000000000000000E+000  0.000000000000000E+000  0.000000000000000E+000
  0.000000000000000E+000  0.000000000000000E+000  0.000000000000000E+000
  0.000000000000000E+000  0.000000000000000E+000  0.000000000000000E+000
  0.000000000000000E+000  0.000000000000000E+000  0.000000000000000E+000
  0.000000000000000E+000  0.000000000000000E+000  0.000000000000000E+000
  0.000000000000000E+000  0.000000000000000E+000  0.000000000000000E+000
  0.000000000000000E+000  0.000000000000000E+000  0.000000000000000E+000
  0.000000000000000E+000  0.000000000000000E+000  0.000000000000000E+000
  0.000000000000000E+000  0.000000000000000E+000  0.000000000000000E+000
  0.000000000000000E+000  0.000000000000000E+000  0.000000000000000E+000
  0.000000000000000E+000  0.000000000000000E+000  0.000000000000000E+000
  0.000000000000000E+000  0.000000000000000E+000  0.000000000000000E+000
  0.000000000000000E+000  0.000000000000000E+000  0.000000000000000E+000
  0.000000000000000E+000  0.000000000000000E+000  0.000000000000000E+000
  0.000000000000000E+000  0.000000000000000E+000  0.000000000000000E+000
  0.000000000000000E+000  0.000000000000000E+000  0.000000000000000E+000
  0.000000000000000E+000  0.000000000000000E+000  0.000000000000000E+000
  0.000000000000000E+000  0.000000000000000E+000  0.000000000000000E+000
  0.000000000000000E+000  0.000000000000000E+000  0.000000000000000E+000
  0.000000000000000E+000  0.000000000000000E+000  0.000000000000000E+000
  0.000000000000000E+000  0.000000000000000E+000  0.000000000000000E+000
  0.000000000000000E+000  0.000000000000000E+000  0.000000000000000E+000
  0.000000000000000E+000  0.000000000000000E+000  0.000000000000000E+000
  0.000000000000000E+000  0.000000000000000E+000  0.000000000000000E+000
  0.000000000000000E+000  0.000000000000000E+000  0.000000000000000E+000
  0.000000000000000E+000  0.000000000000000E+000  0.000000000000000E+000
  0.000000000000000E+000  0.000000000000000E+000  0.997948228072796     
  4.707666659275813E-006 -8.568109870510864E-006  2.216665836000248E-005
 -7.239861206847424E-006  4.707666659275813E-006  0.996008231073109     
 -1.380844602265623E-005  8.153917847601637E-006  1.380844602285896E-005
 -8.568109870510864E-006 -1.380844602265623E-005  0.995962553456469     
  3.413071099022745E-006 -1.653353432123762E-005  2.216665836000248E-005
  8.153917847601637E-006  3.413071099022745E-006  0.997973823925136     
  5.713665254704649E-006 -7.239861206847424E-006  1.380844602285896E-005
 -1.653353432123762E-005  5.713665254704649E-006  0.995962553456468     
  0.997948226287992       4.709187354641450E-006 -8.568284412146095E-006
  2.216678393311688E-005 -7.239502796139596E-006  4.709187354641450E-006
  0.996008229036527      -1.380810849815785E-005  8.156551769237753E-006
  1.380810849836058E-005 -8.568284412146095E-006 -1.380810849815785E-005
  0.995962551568488       3.412556470325370E-006 -1.653537662389703E-005
  2.216678393311688E-005  8.156551769237753E-006  3.412556470325370E-006
  0.997973822285331       5.714073726543463E-006 -7.239502796139596E-006
  1.380810849836058E-005 -1.653537662389703E-005  5.714073726543463E-006
  0.995962551568488       0.997921769504735      -1.550047895390993E-008
  4.041320589876776E-005 -2.940188057003875E-005  9.638016527398248E-005
 -1.550047895390993E-008  0.996002135092962       1.308925433179029E-004
 -1.099259664495715E-004  2.723947812453506E-005  4.041320589876776E-005
  1.308925433179029E-004  0.995937333172150      -7.810033208129007E-005
  1.299989886884342E-004 -2.940188057003875E-005 -1.099259664495715E-004
 -7.810033208129007E-005  0.997959618227755      -5.826396984230340E-005
  9.638016527398248E-005  2.723947812453506E-005  1.299989886884342E-004
 -5.826396984230340E-005  0.995984315316719       0.997921767632951     
 -1.507634935395671E-008  4.041262817650316E-005 -2.940211841318671E-005
  9.637974732898128E-005 -1.507634935395671E-008  0.996002131606380     
  1.308926826468260E-004 -1.099257771809560E-004  2.724079911203836E-005
  4.041262817650316E-005  1.308926826468260E-004  0.995937330542292     
 -7.809937855293974E-005  1.300001724805410E-004 -2.940211841318671E-005
 -1.099257771809560E-004 -7.809937855293974E-005  0.997959616401052     
 -5.826489063782326E-005  9.637974732898128E-005  2.724079911203836E-005
  1.300001724805410E-004 -5.826489063782326E-005  0.995984313152371     
  0.997932596329400       1.157206324679043E-005  2.148486649395870E-005
  5.072369625949700E-006  1.952198729696075E-005  1.157206324679043E-005
  0.995995069865130       3.092862739895823E-005  2.004340150047981E-005
 -3.092862739875561E-005  2.148486649395870E-005  3.092862739895823E-005
  0.995963483895543      -1.013775578237218E-005 -1.875171685085343E-005
  5.072369625949700E-006  2.004340150047981E-005 -1.013775578237218E-005
  0.997938453397336      -1.353756229556193E-005  1.952198729696075E-005
 -3.092862739875561E-005 -1.875171685085343E-005 -1.353756229556193E-005
  0.995963483895543       0.997932595568962       1.157132258669127E-005
  2.148393767219348E-005  5.073115940334992E-006  1.952090207598556E-005
  1.157132258669127E-005  0.995995070138295       3.092761210717044E-005
  2.004211863955692E-005 -3.092761210696781E-005  2.148393767219348E-005
  3.092761210717044E-005  0.995963483908776      -1.013703893262404E-005
 -1.875202812365220E-005  5.073115940334992E-006  2.004211863955692E-005
 -1.013703893262404E-005  0.997938453498667      -1.353711633719173E-005
  1.952090207598556E-005 -3.092761210696781E-005 -1.875202812365220E-005
 -1.353711633719173E-005  0.995963483908776       0.997975618822494     
 -9.519092924888914E-005  9.864816063796485E-005  1.688037534155954E-006
  8.784347458086597E-005 -9.519092924888914E-005  0.996002135092962     
 -2.723947812433238E-005 -5.497640702901110E-005 -1.308925433177000E-004
  9.864816063796485E-005 -2.723947812433238E-005  0.995984315316719     
 -5.433568662568871E-005  1.299989886884341E-004  1.688037534155954E-006
 -5.497640702901110E-005 -5.433568662568871E-005  0.997905768909995     
  4.051303077878491E-006  8.784347458086597E-005 -1.308925433177000E-004
  1.299989886884341E-004  4.051303077878491E-006  0.995937333172150     
  0.997975617190499      -9.519097740226000E-005  9.864874909777614E-005
  1.687938133418313E-006  8.784235993995908E-005 -9.519097740226000E-005
  0.996002131606380      -2.724079911183568E-005 -5.497594508769532E-005
 -1.308926826466231E-004  9.864874909777614E-005 -2.724079911183568E-005
  0.995984313152371      -5.433486427694034E-005  1.300001724805409E-004
  1.687938133418313E-006 -5.497594508769532E-005 -5.433486427694034E-005
  0.997905766843503       4.051326635860792E-006  8.784235993995908E-005
 -1.308926826466231E-004  1.300001724805409E-004  4.051326635860792E-006
  0.995937330542292       0.000000000000000E+000  0.000000000000000E+000
  0.000000000000000E+000  0.000000000000000E+000  0.000000000000000E+000
  0.000000000000000E+000  0.000000000000000E+000  0.000000000000000E+000
  0.000000000000000E+000  0.000000000000000E+000  0.000000000000000E+000
  0.000000000000000E+000  0.000000000000000E+000  0.000000000000000E+000
  0.000000000000000E+000  0.000000000000000E+000  0.000000000000000E+000
  0.000000000000000E+000  0.000000000000000E+000  0.000000000000000E+000
  0.000000000000000E+000  0.000000000000000E+000  0.000000000000000E+000
  0.000000000000000E+000  0.000000000000000E+000  0.000000000000000E+000
  0.000000000000000E+000  0.000000000000000E+000  0.000000000000000E+000
  0.000000000000000E+000  0.000000000000000E+000  0.000000000000000E+000
  0.000000000000000E+000  0.000000000000000E+000  0.000000000000000E+000
  0.000000000000000E+000  0.000000000000000E+000  0.000000000000000E+000
  0.000000000000000E+000  0.000000000000000E+000  0.000000000000000E+000
  0.000000000000000E+000  0.000000000000000E+000  0.000000000000000E+000
  0.000000000000000E+000  0.000000000000000E+000  0.000000000000000E+000
  0.000000000000000E+000  0.000000000000000E+000  0.000000000000000E+000
  0.000000000000000E+000  0.000000000000000E+000  0.000000000000000E+000
  0.000000000000000E+000  0.000000000000000E+000  0.000000000000000E+000
  0.000000000000000E+000  0.000000000000000E+000  0.000000000000000E+000
  0.000000000000000E+000  0.000000000000000E+000  0.000000000000000E+000
  0.000000000000000E+000  0.000000000000000E+000  0.000000000000000E+000
  0.000000000000000E+000  0.000000000000000E+000  0.000000000000000E+000
  0.000000000000000E+000  0.000000000000000E+000  0.000000000000000E+000
  0.000000000000000E+000  0.000000000000000E+000  0.000000000000000E+000
  0.000000000000000E+000  0.000000000000000E+000  0.000000000000000E+000
  0.000000000000000E+000  0.000000000000000E+000  0.000000000000000E+000
  0.000000000000000E+000  0.000000000000000E+000  0.000000000000000E+000
  0.000000000000000E+000  0.000000000000000E+000  0.000000000000000E+000
  0.000000000000000E+000  0.000000000000000E+000  0.000000000000000E+000
  0.000000000000000E+000  0.000000000000000E+000  0.000000000000000E+000
  0.000000000000000E+000  0.000000000000000E+000  0.000000000000000E+000
  0.000000000000000E+000  0.000000000000000E+000  0.000000000000000E+000
  0.000000000000000E+000  0.000000000000000E+000  0.000000000000000E+000
  0.000000000000000E+000  0.000000000000000E+000  0.000000000000000E+000
  0.000000000000000E+000  0.000000000000000E+000  0.000000000000000E+000
  0.000000000000000E+000  0.000000000000000E+000  0.000000000000000E+000
  0.000000000000000E+000  0.000000000000000E+000  0.000000000000000E+000
  0.000000000000000E+000  0.000000000000000E+000  0.000000000000000E+000
  0.000000000000000E+000  0.000000000000000E+000  0.000000000000000E+000
  0.000000000000000E+000  0.000000000000000E+000  0.000000000000000E+000
  0.000000000000000E+000  0.000000000000000E+000  0.000000000000000E+000
  0.000000000000000E+000  0.000000000000000E+000  0.000000000000000E+000
  0.000000000000000E+000  0.000000000000000E+000  0.000000000000000E+000
  0.000000000000000E+000  0.000000000000000E+000  0.000000000000000E+000
  0.000000000000000E+000  0.000000000000000E+000  0.000000000000000E+000
  0.000000000000000E+000  0.000000000000000E+000  0.000000000000000E+000
  0.000000000000000E+000  0.000000000000000E+000  0.000000000000000E+000
  0.000000000000000E+000  0.000000000000000E+000  0.000000000000000E+000
  0.000000000000000E+000  0.000000000000000E+000  0.000000000000000E+000
  0.000000000000000E+000  0.000000000000000E+000  0.000000000000000E+000
  0.000000000000000E+000  0.000000000000000E+000  0.000000000000000E+000
  0.000000000000000E+000  0.000000000000000E+000  0.000000000000000E+000
  0.000000000000000E+000  0.000000000000000E+000  0.000000000000000E+000
  0.000000000000000E+000  0.000000000000000E+000  0.000000000000000E+000
  0.000000000000000E+000  0.000000000000000E+000  0.000000000000000E+000
  0.000000000000000E+000  0.000000000000000E+000  0.000000000000000E+000
  0.000000000000000E+000  0.000000000000000E+000  0.000000000000000E+000
  0.000000000000000E+000  0.000000000000000E+000  0.000000000000000E+000
  0.000000000000000E+000  0.000000000000000E+000  0.000000000000000E+000
  0.000000000000000E+000  0.000000000000000E+000  0.000000000000000E+000
  0.000000000000000E+000  0.000000000000000E+000  0.000000000000000E+000
  0.000000000000000E+000  0.000000000000000E+000  0.000000000000000E+000
  0.000000000000000E+000  0.000000000000000E+000  0.000000000000000E+000
  0.000000000000000E+000  0.000000000000000E+000  0.000000000000000E+000
  0.000000000000000E+000  0.000000000000000E+000  0.000000000000000E+000
  0.000000000000000E+000  0.000000000000000E+000  0.000000000000000E+000
  0.997986621851309       1.328248656361233E-006  1.328248657070964E-006
  4.371602386270287E-016  9.415333326563764E-006  1.328248656361233E-006
  0.995962553456472       1.653353432212224E-005 -9.126736353252425E-006
  1.380844602285892E-005  1.328248657070964E-006  1.653353432212224E-005
  0.995962553456469       9.126736358919170E-006  1.380844602354084E-005
  4.371602386270287E-016 -9.126736353252425E-006  9.126736358919170E-006
  0.997935430146623      -5.191844794988525E-015  9.415333326563764E-006
  1.380844602285892E-005  1.380844602354084E-005 -5.191844794988525E-015
  0.996008231073105       0.997986620284004       1.328781608704291E-006
  1.328781609414022E-006  4.510380269483641E-016  9.418374717295038E-006
  1.328781608704291E-006  0.995962551568492       1.653537662478164E-005
 -9.126630196393866E-006  1.380810849836054E-005  1.328781609414022E-006
  1.653537662478164E-005  0.995962551568488       9.126630202060611E-006
  1.380810849904246E-005  4.510380269483641E-016 -9.126630196393866E-006
  9.126630202060611E-006  0.997935428289319      -5.191844901120160E-015
  9.418374717295038E-006  1.380810849836054E-005  1.380810849904246E-005
 -5.191844901120160E-015  0.996008229036523       0.997924693271508     
 -2.267995371283410E-006  4.743026867550589E-005 -3.108991810377863E-005
 -9.520642971982989E-005 -2.267995371283410E-006  0.995984315316723     
 -1.299989886875496E-004  1.125996564684666E-004  2.723947812453461E-005
  4.743026867550589E-005 -1.299989886875496E-004  0.995937333172150     
 -7.404902899821975E-005 -1.308925433170181E-004 -3.108991810377863E-005
  1.125996564684666E-004 -7.404902899821975E-005  0.997956694460981     
  5.494955941536804E-005 -9.520642971982989E-005  2.723947812453461E-005
 -1.308925433170181E-004  5.494955941536804E-005  0.996002135092958     
  0.997924691227557      -2.269001776095893E-006  4.742973175686357E-005
 -3.109005654622364E-005 -9.520605374360082E-005 -2.269001776095893E-006
  0.995984313152375      -1.300001724796564E-004  1.125997549152381E-004
  2.724079911203791E-005  4.742973175686357E-005 -1.300001724796564E-004
  0.995937330542292      -7.404805191188715E-005 -1.308926826459412E-004
 -3.109005654622364E-005  1.125997549152381E-004 -7.404805191188715E-005
  0.997956692806446       5.494983208806837E-005 -9.520605374360082E-005
  2.724079911203791E-005 -1.308926826459412E-004  5.494983208806837E-005
  0.996002131606376       0.997924693271508       4.743026867479636E-005
 -2.267995370573886E-006  3.108991810464590E-005 -9.520642971982981E-005
  4.743026867479636E-005  0.995937333172154      -1.299989886875499E-004
  7.404902900388669E-005 -1.308925433177003E-004 -2.267995370573886E-006
 -1.299989886875499E-004  0.995984315316719      -1.125996564628008E-004
  2.723947812521690E-005  3.108991810464590E-005  7.404902900388669E-005
 -1.125996564628008E-004  0.997956694460981      -5.494955942575219E-005
 -9.520642971982981E-005 -1.308925433177003E-004  2.723947812521690E-005
 -5.494955942575219E-005  0.996002135092958       0.997924691227557     
  4.742973175615405E-005 -2.269001775386369E-006  3.109005654707703E-005
 -9.520605374360070E-005  4.742973175615405E-005  0.995937330542296     
 -1.300001724796566E-004  7.404805191755406E-005 -1.308926826466234E-004
 -2.269001775386369E-006 -1.300001724796566E-004  0.995984313152371     
 -1.125997549095723E-004  2.724079911272020E-005  3.109005654707703E-005
  7.404805191755406E-005 -1.125997549095723E-004  0.997956692806446     
 -5.494983209845254E-005 -9.520605374360070E-005 -1.308926826466234E-004
  2.724079911272020E-005 -5.494983209845254E-005  0.996002131606376     
  0.997941381931306      -1.962879204300519E-006 -1.962879203590756E-006
  4.371292539759102E-016  2.314412650159339E-005 -1.962879204300519E-006
  0.995963483895547       1.875171685173813E-005  2.367531807840934E-005
 -3.092862739875566E-005 -1.962879203590756E-006  1.875171685173813E-005
  0.995963483895543      -2.367531807274222E-005 -3.092862739807352E-005
  4.371292539759102E-016  2.367531807840934E-005 -2.367531807274222E-005
  0.997929667795430      -5.191990834976636E-015  2.314412650159339E-005
 -3.092862739875566E-005 -3.092862739807352E-005 -5.191990834976636E-015
  0.995995069865126       0.997941382463523      -1.963035603510487E-006
 -1.963035602800723E-006  4.024347849268408E-016  2.314264518139506E-005
 -1.963035603510487E-006  0.995963483908780       1.875202812453690E-005
  2.367415527029100E-005 -3.092761210696787E-005 -1.963035602800723E-006
  1.875202812453690E-005  0.995963483908776      -2.367415526462389E-005
 -3.092761210628571E-005  4.024347849268408E-016  2.367415527029100E-005
 -2.367415526462389E-005  0.997929666604107      -5.191990939844935E-015
  2.314264518139506E-005 -3.092761210696787E-005 -3.092761210628571E-005
 -5.191990939844935E-015  0.995995070138291       0.000000000000000E+000
  0.000000000000000E+000  0.000000000000000E+000  0.000000000000000E+000
  0.000000000000000E+000  0.000000000000000E+000  0.000000000000000E+000
  0.000000000000000E+000  0.000000000000000E+000  0.000000000000000E+000
  0.000000000000000E+000  0.000000000000000E+000  0.000000000000000E+000
  0.000000000000000E+000  0.000000000000000E+000  0.000000000000000E+000
  0.000000000000000E+000  0.000000000000000E+000  0.000000000000000E+000
  0.000000000000000E+000  0.000000000000000E+000  0.000000000000000E+000
  0.000000000000000E+000  0.000000000000000E+000  0.000000000000000E+000
  0.000000000000000E+000  0.000000000000000E+000  0.000000000000000E+000
  0.000000000000000E+000  0.000000000000000E+000  0.000000000000000E+000
  0.000000000000000E+000  0.000000000000000E+000  0.000000000000000E+000
  0.000000000000000E+000  0.000000000000000E+000  0.000000000000000E+000
  0.000000000000000E+000  0.000000000000000E+000  0.000000000000000E+000
  0.000000000000000E+000  0.000000000000000E+000  0.000000000000000E+000
  0.000000000000000E+000  0.000000000000000E+000  0.000000000000000E+000
  0.000000000000000E+000  0.000000000000000E+000  0.000000000000000E+000
  0.000000000000000E+000  0.000000000000000E+000  0.000000000000000E+000
  0.000000000000000E+000  0.000000000000000E+000  0.000000000000000E+000
  0.000000000000000E+000  0.000000000000000E+000  0.000000000000000E+000
  0.000000000000000E+000  0.000000000000000E+000  0.000000000000000E+000
  0.000000000000000E+000  0.000000000000000E+000  0.000000000000000E+000
  0.000000000000000E+000  0.000000000000000E+000  0.000000000000000E+000
  0.000000000000000E+000  0.000000000000000E+000  0.000000000000000E+000
  0.000000000000000E+000  0.000000000000000E+000  0.000000000000000E+000
  0.000000000000000E+000  0.000000000000000E+000  0.000000000000000E+000
  0.000000000000000E+000  0.000000000000000E+000  0.000000000000000E+000
  0.000000000000000E+000  0.000000000000000E+000  0.000000000000000E+000
  0.000000000000000E+000  0.000000000000000E+000  0.000000000000000E+000
  0.000000000000000E+000  0.000000000000000E+000  0.000000000000000E+000
  0.000000000000000E+000  0.000000000000000E+000  0.000000000000000E+000
  0.000000000000000E+000  0.000000000000000E+000  0.000000000000000E+000
  0.000000000000000E+000  0.000000000000000E+000  0.000000000000000E+000
  0.000000000000000E+000  0.000000000000000E+000  0.000000000000000E+000
  0.000000000000000E+000  0.000000000000000E+000  0.000000000000000E+000
  0.000000000000000E+000  0.000000000000000E+000  0.000000000000000E+000
  0.000000000000000E+000  0.000000000000000E+000  0.000000000000000E+000
  0.000000000000000E+000  0.000000000000000E+000  0.000000000000000E+000
  0.000000000000000E+000  0.000000000000000E+000  0.000000000000000E+000
  0.000000000000000E+000  0.000000000000000E+000  0.000000000000000E+000
  0.000000000000000E+000  0.000000000000000E+000  0.000000000000000E+000
  0.000000000000000E+000  0.000000000000000E+000  0.000000000000000E+000
  0.000000000000000E+000  0.000000000000000E+000  0.000000000000000E+000
  0.000000000000000E+000  0.000000000000000E+000  0.000000000000000E+000
  0.000000000000000E+000  0.000000000000000E+000  0.000000000000000E+000
  0.000000000000000E+000  0.000000000000000E+000  0.000000000000000E+000
  0.000000000000000E+000  0.000000000000000E+000  0.000000000000000E+000
  0.000000000000000E+000  0.000000000000000E+000  0.000000000000000E+000
  0.000000000000000E+000  0.000000000000000E+000  0.000000000000000E+000
  0.000000000000000E+000  0.000000000000000E+000  0.000000000000000E+000
  0.000000000000000E+000  0.000000000000000E+000  0.000000000000000E+000
  0.000000000000000E+000  0.000000000000000E+000  0.000000000000000E+000
  0.000000000000000E+000  0.000000000000000E+000  0.000000000000000E+000
  0.000000000000000E+000  0.000000000000000E+000  0.000000000000000E+000
  0.000000000000000E+000  0.000000000000000E+000  0.000000000000000E+000
  0.000000000000000E+000  0.000000000000000E+000  0.000000000000000E+000
  0.000000000000000E+000  0.000000000000000E+000  0.000000000000000E+000
  0.000000000000000E+000  0.000000000000000E+000  0.000000000000000E+000
  0.000000000000000E+000  0.000000000000000E+000  0.000000000000000E+000
  0.000000000000000E+000  0.000000000000000E+000  0.000000000000000E+000
  0.000000000000000E+000  0.000000000000000E+000  0.000000000000000E+000
  0.000000000000000E+000  0.000000000000000E+000  0.000000000000000E+000
  0.000000000000000E+000  0.000000000000000E+000  0.000000000000000E+000
  0.000000000000000E+000  0.000000000000000E+000  0.000000000000000E+000
  0.000000000000000E+000  0.000000000000000E+000  0.000000000000000E+000
  0.000000000000000E+000  0.000000000000000E+000  0.000000000000000E+000
  0.000000000000000E+000  0.000000000000000E+000  0.000000000000000E+000
  0.000000000000000E+000  0.992404769002414      -2.340853405158150E-004
 -2.340853405151148E-004  4.580008918689381E-016 -4.681706810236630E-004
 -2.340853405158150E-004  0.986800799668427       2.131075553075406E-003
 -4.054477030718656E-004 -2.131075553075208E-003 -2.340853405151148E-004
  2.131075553075406E-003  0.986800799668423       4.054477030775091E-004
 -2.131075553074522E-003  4.580008918689381E-016 -4.054477030718656E-004
  4.054477030775091E-004  0.992404769002411      -5.161452231748187E-015
 -4.681706810236630E-004 -2.131075553075208E-003 -2.131075553074522E-003
 -5.161452231748187E-015  0.986800799668423       0.992404750590723     
 -2.340840679581108E-004 -2.340840679574106E-004  4.024897401151422E-016
 -4.681681359082547E-004 -2.340840679581108E-004  0.986800747049664     
  2.131093144953755E-003 -4.054454989372664E-004 -2.131093144953557E-003
 -2.340840679574106E-004  2.131093144953755E-003  0.986800747049660     
  4.054454989429099E-004 -2.131093144952871E-003  4.024897401151422E-016
 -4.054454989372664E-004  4.054454989429099E-004  0.992404750590721     
 -5.161459025844209E-015 -4.681681359082547E-004 -2.131093144953557E-003
 -2.131093144952871E-003 -5.161459025844209E-015  0.986800747049660     
  0.998226533067047       8.869638611683105E-005 -1.250561169321741E-004
 -9.711194626435583E-006  2.058471083199230E-004  8.869638611683105E-005
  0.996589242721013      -5.183502365550871E-004  1.864828843995141E-004
 -5.979016908978131E-004 -1.250561169321741E-004 -5.183502365550871E-004
  0.996638581037972       2.166035483220583E-004  5.183502365559696E-004
 -9.711194626435583E-006  1.864828843995141E-004  2.166035483220583E-004
  0.998237746588709      -1.642811859958079E-005  2.058471083199230E-004
 -5.979016908978131E-004  5.183502365559696E-004 -1.642811859958079E-005
  0.996589242721009       0.998226532808500       8.869688598287517E-005
 -1.250560921986583E-004 -9.711022091449285E-006  2.058477834860879E-004
  8.869688598287517E-005  0.996589242121513      -5.183520031618165E-004
  1.864833754164531E-004 -5.979010129553730E-004 -1.250560921986583E-004
 -5.183520031618165E-004  0.996638579108016       2.166035054823524E-004
  5.183520031626990E-004 -9.711022091449285E-006  1.864833754164531E-004
  2.166035054823524E-004  0.998237746130936      -1.642793121135761E-005
  2.058477834860879E-004 -5.979010129553730E-004  5.183520031626990E-004
 -1.642793121135761E-005  0.996589242121509       0.998226533067047     
 -1.250561169328856E-004  8.869638611754227E-005  9.711194627344557E-006
  2.058471083199215E-004 -1.250561169328856E-004  0.996638581037976     
 -5.183502365550848E-004 -2.166035483163953E-004  5.183502365552887E-004
  8.869638611754227E-005 -5.183502365550848E-004  0.996589242721009     
 -1.864828843938412E-004 -5.979016908971311E-004  9.711194627344557E-006
 -2.166035483163953E-004 -1.864828843938412E-004  0.998237746588709     
  1.642811858919120E-005  2.058471083199215E-004  5.183502365552887E-004
 -5.979016908971311E-004  1.642811858919120E-005  0.996589242721009     
  0.998226532808500      -1.250560921993699E-004  8.869688598358637E-005
  9.711022092302748E-006  2.058477834860864E-004 -1.250560921993699E-004
  0.996638579108020      -5.183520031618143E-004 -2.166035054766894E-004
  5.183520031620182E-004  8.869688598358637E-005 -5.183520031618143E-004
  0.996589242121509      -1.864833754107803E-004 -5.979010129546911E-004
  9.711022092302748E-006 -2.166035054766894E-004 -1.864833754107803E-004
  0.998237746130936       1.642793120096802E-005  2.058477834860864E-004
  5.183520031620182E-004 -5.979010129546911E-004  1.642793120096802E-005
  0.996589242121509       0.998243353349543       1.171507221950743E-004
  1.171507221957829E-004  4.441014055823091E-016 -2.501122338577596E-004
  1.171507221950743E-004  0.996589242721013       5.979016908980165E-004
  1.700547658051264E-004  5.183502365552885E-004  1.171507221957829E-004
  5.979016908980165E-004  0.996589242721009      -1.700547657994567E-004
  5.183502365559701E-004  4.441014055823091E-016  1.700547658051264E-004
 -1.700547657994567E-004  0.998220926306212      -5.191574728131917E-015
 -2.501122338577596E-004  5.183502365552885E-004  5.183502365559701E-004
 -5.191574728131917E-015  0.996638581037972       0.998243352792156     
  1.171508974951952E-004  1.171508974959037E-004  4.441014051595997E-016
 -2.501121843907282E-004  1.171508974951952E-004  0.996589242121513     
  5.979010129555765E-004  1.700554442102886E-004  5.183520031620180E-004
  1.171508974959037E-004  5.979010129555765E-004  0.996589242121509     
 -1.700554442046189E-004  5.183520031626996E-004  4.441014051595997E-016
  1.700554442102886E-004 -1.700554442046189E-004  0.998220926147279     
 -5.191578113848486E-015 -2.501121843907282E-004  5.183520031620180E-004
  5.183520031626996E-004 -5.191578113848486E-015  0.996638579108016     
  0.000000000000000E+000  0.000000000000000E+000  0.000000000000000E+000
  0.000000000000000E+000  0.000000000000000E+000  0.000000000000000E+000
  0.000000000000000E+000  0.000000000000000E+000  0.000000000000000E+000
  0.000000000000000E+000  0.000000000000000E+000  0.000000000000000E+000
  0.000000000000000E+000  0.000000000000000E+000  0.000000000000000E+000
  0.000000000000000E+000  0.000000000000000E+000  0.000000000000000E+000
  0.000000000000000E+000  0.000000000000000E+000  0.000000000000000E+000
  0.000000000000000E+000  0.000000000000000E+000  0.000000000000000E+000
  0.000000000000000E+000  0.000000000000000E+000  0.000000000000000E+000
  0.000000000000000E+000  0.000000000000000E+000  0.000000000000000E+000
  0.000000000000000E+000  0.000000000000000E+000  0.000000000000000E+000
  0.000000000000000E+000  0.000000000000000E+000  0.000000000000000E+000
  0.000000000000000E+000  0.000000000000000E+000  0.000000000000000E+000
  0.000000000000000E+000  0.000000000000000E+000  0.000000000000000E+000
  0.000000000000000E+000  0.000000000000000E+000  0.000000000000000E+000
  0.000000000000000E+000  0.000000000000000E+000  0.000000000000000E+000
  0.000000000000000E+000  0.000000000000000E+000  0.000000000000000E+000
  0.000000000000000E+000  0.000000000000000E+000  0.000000000000000E+000
  0.000000000000000E+000  0.000000000000000E+000  0.000000000000000E+000
  0.000000000000000E+000  0.000000000000000E+000  0.000000000000000E+000
  0.000000000000000E+000  0.000000000000000E+000  0.000000000000000E+000
  0.000000000000000E+000  0.000000000000000E+000  0.000000000000000E+000
  0.000000000000000E+000  0.000000000000000E+000  0.000000000000000E+000
  0.000000000000000E+000  0.000000000000000E+000  0.000000000000000E+000
  0.000000000000000E+000  0.000000000000000E+000  0.000000000000000E+000
  0.000000000000000E+000  0.000000000000000E+000  0.000000000000000E+000
  0.000000000000000E+000  0.000000000000000E+000  0.000000000000000E+000
  0.000000000000000E+000  0.000000000000000E+000  0.000000000000000E+000
  0.000000000000000E+000  0.000000000000000E+000  0.000000000000000E+000
  0.000000000000000E+000  0.000000000000000E+000  0.000000000000000E+000
  0.000000000000000E+000  0.000000000000000E+000  0.000000000000000E+000
  0.000000000000000E+000  0.000000000000000E+000  0.000000000000000E+000
  0.000000000000000E+000  0.000000000000000E+000  0.000000000000000E+000
  0.000000000000000E+000  0.000000000000000E+000  0.000000000000000E+000
  0.000000000000000E+000  0.000000000000000E+000  0.000000000000000E+000
  0.000000000000000E+000  0.000000000000000E+000  0.000000000000000E+000
  0.000000000000000E+000  0.000000000000000E+000  0.000000000000000E+000
  0.000000000000000E+000  0.000000000000000E+000  0.000000000000000E+000
  0.000000000000000E+000  0.000000000000000E+000  0.000000000000000E+000
  0.000000000000000E+000  0.000000000000000E+000  0.000000000000000E+000
  0.000000000000000E+000  0.000000000000000E+000  0.000000000000000E+000
  0.000000000000000E+000  0.000000000000000E+000  0.000000000000000E+000
  0.000000000000000E+000  0.000000000000000E+000  0.000000000000000E+000
  0.000000000000000E+000  0.000000000000000E+000  0.000000000000000E+000
  0.000000000000000E+000  0.000000000000000E+000  0.000000000000000E+000
  0.000000000000000E+000  0.000000000000000E+000  0.000000000000000E+000
  0.000000000000000E+000  0.000000000000000E+000  0.000000000000000E+000
  0.000000000000000E+000  0.000000000000000E+000  0.000000000000000E+000
  0.000000000000000E+000  0.000000000000000E+000  0.000000000000000E+000
  0.000000000000000E+000  0.000000000000000E+000  0.000000000000000E+000
