  0.997920170448878      -1.020600703747471E-005 -1.020600703676499E-005
  4.093962242695886E-016 -2.041201406693798E-005 -1.020600703747471E-005
  0.995916269156728      -1.333366257277102E-005 -1.767732272267461E-005
  1.333366257297380E-005 -1.020600703676499E-005 -1.333366257277102E-005
  0.995916269156724       1.767732272834091E-005  1.333366257365554E-005
  4.093962242695886E-016 -1.767732272267461E-005  1.767732272834091E-005
  0.997920170448875      -5.191492331662521E-015 -2.041201406693798E-005
  1.333366257297380E-005  1.333366257365554E-005 -5.191492331662521E-015
  0.995916269156724       0.997920168395996      -1.020592114308453E-005
 -1.020592114237482E-005  4.302129059391662E-016 -2.041184227815763E-005
 -1.020592114308453E-005  0.995916265179316      -1.333242631258678E-005
 -1.767717394922673E-005  1.333242631278956E-005 -1.020592114237482E-005
 -1.333242631258678E-005  0.995916265179313       1.767717395489304E-005
  1.333242631347130E-005  4.302129059391662E-016 -1.767717394922673E-005
  1.767717395489304E-005  0.997920168395994      -5.191492438557576E-015
 -2.041184227815763E-005  1.333242631278956E-005  1.333242631347130E-005
 -5.191492438557576E-015  0.995916265179312       0.997923369693252     
 -4.326279693968854E-006 -7.040987226487598E-006  4.029223617266199E-006
  2.685142993802302E-006 -4.326279693968854E-006  0.995906963824024     
 -8.591628326519421E-006  5.598314805857636E-006  4.710350401828883E-006
 -7.040987226487598E-006 -8.591628326519421E-006  0.995932730397413     
  1.219534760997845E-005  8.591628327403959E-006  4.029223617266199E-006
  5.598314805857636E-006  1.219534760997845E-005  0.997918717146571     
 -6.545825522655515E-006  2.685142993802302E-006  4.710350401828883E-006
  8.591628327403959E-006 -6.545825522655515E-006  0.995906963824020     
  0.997923372212078      -4.326443352966805E-006 -7.038364341440221E-006
  4.029770475789941E-006  2.684328838755548E-006 -4.326443352966805E-006
  0.995906967275418      -8.591156876438399E-006  5.597469189153346E-006
  4.708815062541514E-006 -7.038364341440221E-006 -8.591156876438399E-006
  0.995932734134377       1.219080463981398E-005  8.591156877322937E-006
  4.029770475789941E-006  5.597469189153346E-006  1.219080463981398E-005
  0.997918719033938      -6.545544447153154E-006  2.684328838755548E-006
  4.708815062541514E-006  8.591156877322937E-006 -6.545544447153154E-006
  0.995906967275414       0.997923369693252      -7.040987227197354E-006
 -4.326279693259146E-006 -4.029223616412725E-006  2.685142993802311E-006
 -7.040987227197354E-006  0.995932730397417      -8.591628326519464E-006
 -1.219534760431204E-005  8.591628326722216E-006 -4.326279693259146E-006
 -8.591628326519464E-006  0.995906963824020      -5.598314800191248E-006
  4.710350402510713E-006 -4.029223616412725E-006 -1.219534760431204E-005
 -5.598314800191248E-006  0.997918717146571       6.545825512272566E-006
  2.685142993802311E-006  8.591628326722216E-006  4.710350402510713E-006
  6.545825512272566E-006  0.995906963824020       0.997923372212078     
 -7.038364342149976E-006 -4.326443352257097E-006 -4.029770474894834E-006
  2.684328838755556E-006 -7.038364342149976E-006  0.995932734134381     
 -8.591156876438441E-006 -1.219080463414757E-005  8.591156876641195E-006
 -4.326443352257097E-006 -8.591156876438441E-006  0.995906967275415     
 -5.597469183486957E-006  4.708815063223341E-006 -4.029770474894834E-006
 -1.219080463414757E-005 -5.597469183486957E-006  0.997918719033938     
  6.545544436770204E-006  2.684328838755556E-006  8.591156876641195E-006
  4.708815063223341E-006  6.545544436770204E-006  0.995906967275414     
  0.997916390873233       7.011422679759767E-006  7.011422680469394E-006
  4.302193154473983E-016 -1.408197444638307E-005  7.011422679759767E-006
  0.995906963824024      -4.710350401626159E-006 -9.475107116064415E-007
  8.591628326722164E-006  7.011422680469394E-006 -4.710350401626159E-006
  0.995906963824021       9.475107172727754E-007  8.591628327404025E-006
  4.302193154473983E-016 -9.475107116064415E-007  9.475107172727754E-007
  0.997925695966590      -5.191568554581405E-015 -1.408197444638307E-005
  8.591628326722164E-006  8.591628327404025E-006 -5.191568554581405E-015
  0.995932730397413       0.997916392444872       7.010772183710961E-006
  7.010772184420590E-006  4.440971030910221E-016 -1.407672867628831E-005
  7.010772183710961E-006  0.995906967275418      -4.708815062338789E-006
 -9.480752528083698E-007  8.591156876641141E-006  7.010772184420590E-006
 -4.708815062338789E-006  0.995906967275414       9.480752584747034E-007
  8.591156877323006E-006  4.440971030910221E-016 -9.480752528083698E-007
  9.480752584747034E-007  0.997925698801144      -5.191568449501716E-015
 -1.407672867628831E-005  8.591156876641141E-006  8.591156877323006E-006
 -5.191568449501716E-015  0.995932734134377       0.000000000000000E+000
  0.000000000000000E+000  0.000000000000000E+000  0.000000000000000E+000
  0.000000000000000E+000  0.000000000000000E+000  0.000000000000000E+000
  0.000000000000000E+000  0.000000000000000E+000  0.000000000000000E+000
  0.000000000000000E+000  0.000000000000000E+000  0.000000000000000E+000
  0.000000000000000E+000  0.000000000000000E+000  0.000000000000000E+000
  0.000000000000000E+000  0.000000000000000E+000  0.000000000000000E+000
  0.000000000000000E+000  0.000000000000000E+000  0.000000000000000E+000
  0.000000000000000E+000  0.000000000000000E+000  0.000000000000000E+000
  0.000000000000000E+000  0.000000000000000E+000  0.000000000000000E+000
  0.000000000000000E+000  0.000000000000000E+000  0.000000000000000E+000
  0.000000000000000E+000  0.000000000000000E+000  0.000000000000000E+000
  0.000000000000000E+000  0.000000000000000E+000  0.000000000000000E+000
  0.000000000000000E+000  0.000000000000000E+000  0.000000000000000E+000
  0.000000000000000E+000  0.000000000000000E+000  0.000000000000000E+000
  0.000000000000000E+000  0.000000000000000E+000  0.000000000000000E+000
  0.000000000000000E+000  0.000000000000000E+000  0.000000000000000E+000
  0.000000000000000E+000  0.000000000000000E+000  0.000000000000000E+000
  0.000000000000000E+000  0.000000000000000E+000  0.000000000000000E+000
  0.000000000000000E+000  0.000000000000000E+000  0.000000000000000E+000
  0.000000000000000E+000  0.000000000000000E+000  0.000000000000000E+000
  0.000000000000000E+000  0.000000000000000E+000  0.000000000000000E+000
  0.000000000000000E+000  0.000000000000000E+000  0.000000000000000E+000
  0.000000000000000E+000  0.000000000000000E+000  0.000000000000000E+000
  0.000000000000000E+000  0.000000000000000E+000  0.000000000000000E+000
  0.000000000000000E+000  0.000000000000000E+000  0.000000000000000E+000
  0.000000000000000E+000  0.000000000000000E+000  0.000000000000000E+000
  0.000000000000000E+000  0.000000000000000E+000  0.000000000000000E+000
  0.000000000000000E+000  0.000000000000000E+000  0.000000000000000E+000
  0.000000000000000E+000  0.000000000000000E+000  0.000000000000000E+000
  0.000000000000000E+000  0.000000000000000E+000  0.000000000000000E+000
  0.000000000000000E+000  0.000000000000000E+000  0.000000000000000E+000
  0.000000000000000E+000  0.000000000000000E+000  0.000000000000000E+000
  0.000000000000000E+000  0.000000000000000E+000  0.000000000000000E+000
  0.000000000000000E+000  0.000000000000000E+000  0.000000000000000E+000
  0.000000000000000E+000  0.000000000000000E+000  0.000000000000000E+000
  0.000000000000000E+000  0.000000000000000E+000  0.000000000000000E+000
  0.000000000000000E+000  0.000000000000000E+000  0.000000000000000E+000
  0.000000000000000E+000  0.000000000000000E+000  0.000000000000000E+000
  0.000000000000000E+000  0.000000000000000E+000  0.000000000000000E+000
  0.000000000000000E+000  0.000000000000000E+000  0.000000000000000E+000
  0.000000000000000E+000  0.000000000000000E+000  0.000000000000000E+000
  0.000000000000000E+000  0.000000000000000E+000  0.000000000000000E+000
  0.000000000000000E+000  0.000000000000000E+000  0.000000000000000E+000
  0.000000000000000E+000  0.000000000000000E+000  0.000000000000000E+000
  0.000000000000000E+000  0.000000000000000E+000  0.000000000000000E+000
  0.000000000000000E+000  0.000000000000000E+000  0.000000000000000E+000
  0.000000000000000E+000  0.000000000000000E+000  0.000000000000000E+000
  0.000000000000000E+000  0.000000000000000E+000  0.000000000000000E+000
  0.000000000000000E+000  0.000000000000000E+000  0.000000000000000E+000
  0.000000000000000E+000  0.000000000000000E+000  0.000000000000000E+000
  0.000000000000000E+000  0.000000000000000E+000  0.000000000000000E+000
  0.000000000000000E+000  0.000000000000000E+000  0.000000000000000E+000
  0.000000000000000E+000  0.000000000000000E+000  0.000000000000000E+000
  0.000000000000000E+000  0.000000000000000E+000  0.000000000000000E+000
  0.000000000000000E+000  0.000000000000000E+000  0.000000000000000E+000
  0.000000000000000E+000  0.000000000000000E+000  0.000000000000000E+000
  0.000000000000000E+000  0.000000000000000E+000  0.000000000000000E+000
  0.000000000000000E+000  0.000000000000000E+000  0.000000000000000E+000
  0.000000000000000E+000  0.000000000000000E+000  0.000000000000000E+000
  0.000000000000000E+000  0.000000000000000E+000  0.000000000000000E+000
  0.000000000000000E+000  0.000000000000000E+000  0.000000000000000E+000
  0.000000000000000E+000  0.000000000000000E+000  0.000000000000000E+000
  0.000000000000000E+000  0.000000000000000E+000  0.000000000000000E+000
  0.000000000000000E+000  0.000000000000000E+000  0.000000000000000E+000
  0.000000000000000E+000  0.000000000000000E+000  0.000000000000000E+000
  0.000000000000000E+000  0.000000000000000E+000  0.000000000000000E+000
  0.000000000000000E+000  0.997891090931812      -1.454957872811165E-004
 -1.454957872804060E-004  4.161529268611722E-016  6.390684451647413E-005
 -1.454957872811165E-004  0.995720388440494      -1.996813861023893E-004
 -2.028787618867072E-005  4.713197357295955E-005 -1.454957872804060E-004
 -1.996813861023893E-004  0.995720388440490       2.028787619433457E-005
  4.713197357364127E-005  4.161529268611722E-016 -2.028787618867072E-005
  2.028787619433457E-005  0.997937695491679      -5.191598269929565E-015
  6.390684451647413E-005  4.713197357295955E-005  4.713197357364127E-005
 -5.191598269929565E-015  0.995987403606876       0.997891091403749     
 -1.454949718418925E-004 -1.454949718411820E-004  4.508473963314990E-016
  6.390732111722931E-005 -1.454949718418925E-004  0.995720389211235     
 -1.996821828369987E-004 -2.028668875973053E-005  4.713128523995482E-005
 -1.454949718411820E-004 -1.996821828369987E-004  0.995720389211231     
  2.028668876539439E-005  4.713128524063654E-005  4.508473963314990E-016
 -2.028668875973053E-005  2.028668876539439E-005  0.997937697280501     
 -5.191598694152747E-015  6.390732111722931E-005  4.713128523995482E-005
  4.713128524063654E-005 -5.191598694152747E-015  0.995987405646236     
  0.997882201592445       1.073724210953594E-004 -1.242111361893294E-004
  1.097071741757026E-006 -3.851276683205623E-005  1.073724210953594E-004
  0.995721338501093       1.884076822929172E-004  5.928203379277520E-006
  4.648640409358711E-005 -1.242111361893294E-004  1.884076822929172E-004
  0.995750803417646       1.478493473672181E-005 -2.277280926264663E-005
  1.097071741757026E-006  5.928203379277520E-006  1.478493473672181E-005
  0.997955344184839       8.092354136974894E-006 -3.851276683205623E-005
  4.648640409358711E-005 -2.277280926264663E-005  8.092354136974894E-006
  0.996019927965155       0.997882202547670       1.073730183647735E-004
 -1.242119036616291E-004  1.097075725660511E-006 -3.851290749529827E-005
  1.073730183647735E-004  0.995721340564180       1.884082366642140E-004
  5.928830898904197E-006  4.648612190598814E-005 -1.242119036616291E-004
  1.884082366642140E-004  0.995750804424313       1.478549359959094E-005
 -2.277223792241586E-005  1.097075725660511E-006  5.928830898904197E-006
  1.478549359959094E-005  0.997955346105106       8.092245682455252E-006
 -3.851290749529827E-005  4.648612190598814E-005 -2.277223792241586E-005
  8.092245682455252E-006  0.996019931128910       0.997882201592445     
 -1.242111361900387E-004  1.073724210960686E-004 -1.097071740868865E-006
 -3.851276683205649E-005 -1.242111361900387E-004  0.995750803417650     
  1.884076822929172E-004 -1.478493473105508E-005 -2.277280926332912E-005
  1.073724210960686E-004  1.884076822929172E-004  0.995721338501089     
 -5.928203373611420E-006  4.648640409426973E-005 -1.097071740868865E-006
 -1.478493473105508E-005 -5.928203373611420E-006  0.997955344184839     
 -8.092354147358743E-006 -3.851276683205649E-005 -2.277280926332912E-005
  4.648640409426973E-005 -8.092354147358743E-006  0.996019927965155     
  0.997882202547669      -1.242119036623384E-004  1.073730183654828E-004
 -1.097075724820922E-006 -3.851290749529851E-005 -1.242119036623384E-004
  0.995750804424317       1.884082366642139E-004 -1.478549359392421E-005
 -2.277223792309834E-005  1.073730183654828E-004  1.884082366642139E-004
  0.995721340564176      -5.928830893238096E-006  4.648612190667075E-005
 -1.097075724820922E-006 -1.478549359392421E-005 -5.928830893238096E-006
  0.997955346105106      -8.092245692839100E-006 -3.851290749529851E-005
 -2.277223792309834E-005  4.648612190667075E-005 -8.092245692839100E-006
  0.996019931128911       0.997945856944483      -2.790987722235283E-005
 -2.790987722164307E-005  4.302309765867974E-016 -3.291911601440163E-005
 -2.790987722235283E-005  0.995817324668364      -9.278456521407435E-005
 -4.760444681328146E-005  8.383468812914902E-005 -2.790987722164307E-005
 -9.278456521407435E-005  0.995817324668360       4.760444681894620E-005
  8.383468812983051E-005  4.302309765867974E-016 -4.760444681328146E-005
  4.760444681894620E-005  0.997921521586327      -5.191334597887462E-015
 -3.291911601440163E-005  8.383468812914902E-005  8.383468812983051E-005
 -5.191334597887462E-015  0.995967468069240       0.997945853189893     
 -2.790934590842449E-005 -2.790934590771474E-005  4.302309768621728E-016
 -3.291922462537624E-005 -2.790934590842449E-005  0.995817318134013     
 -9.278396141941338E-005 -4.760381081554106E-005  8.383515166424368E-005
 -2.790934590771474E-005 -9.278396141941338E-005  0.995817318134009     
  4.760381082120579E-005  8.383515166492517E-005  4.302309768621728E-016
 -4.760381081554106E-005  4.760381082120579E-005  0.997921517999597     
 -5.191333749978024E-015 -3.291922462537624E-005  8.383515166424368E-005
  8.383515166492517E-005 -5.191333749978024E-015  0.995967461982974     
  0.000000000000000E+000  0.000000000000000E+000  0.000000000000000E+000
  0.000000000000000E+000  0.000000000000000E+000  0.000000000000000E+000
  0.000000000000000E+000  0.000000000000000E+000  0.000000000000000E+000
  0.000000000000000E+000  0.000000000000000E+000  0.000000000000000E+000
  0.000000000000000E+000  0.000000000000000E+000  0.000000000000000E+000
  0.000000000000000E+000  0.000000000000000E+000  0.000000000000000E+000
  0.000000000000000E+000  0.000000000000000E+000  0.000000000000000E+000
  0.000000000000000E+000  0.000000000000000E+000  0.000000000000000E+000
  0.000000000000000E+000  0.000000000000000E+000  0.000000000000000E+000
  0.000000000000000E+000  0.000000000000000E+000  0.000000000000000E+000
  0.000000000000000E+000  0.000000000000000E+000  0.000000000000000E+000
  0.000000000000000E+000  0.000000000000000E+000  0.000000000000000E+000
  0.000000000000000E+000  0.000000000000000E+000  0.000000000000000E+000
  0.000000000000000E+000  0.000000000000000E+000  0.000000000000000E+000
  0.000000000000000E+000  0.000000000000000E+000  0.000000000000000E+000
  0.000000000000000E+000  0.000000000000000E+000  0.000000000000000E+000
  0.000000000000000E+000  0.000000000000000E+000  0.000000000000000E+000
  0.000000000000000E+000  0.000000000000000E+000  0.000000000000000E+000
  0.000000000000000E+000  0.000000000000000E+000  0.000000000000000E+000
  0.000000000000000E+000  0.000000000000000E+000  0.000000000000000E+000
  0.000000000000000E+000  0.000000000000000E+000  0.000000000000000E+000
  0.000000000000000E+000  0.000000000000000E+000  0.000000000000000E+000
  0.000000000000000E+000  0.000000000000000E+000  0.000000000000000E+000
  0.000000000000000E+000  0.000000000000000E+000  0.000000000000000E+000
  0.000000000000000E+000  0.000000000000000E+000  0.000000000000000E+000
  0.000000000000000E+000  0.000000000000000E+000  0.000000000000000E+000
  0.000000000000000E+000  0.000000000000000E+000  0.000000000000000E+000
  0.000000000000000E+000  0.000000000000000E+000  0.000000000000000E+000
  0.000000000000000E+000  0.000000000000000E+000  0.000000000000000E+000
  0.000000000000000E+000  0.000000000000000E+000  0.000000000000000E+000
  0.000000000000000E+000  0.000000000000000E+000  0.000000000000000E+000
  0.000000000000000E+000  0.000000000000000E+000  0.000000000000000E+000
  0.000000000000000E+000  0.000000000000000E+000  0.000000000000000E+000
  0.000000000000000E+000  0.000000000000000E+000  0.000000000000000E+000
  0.000000000000000E+000  0.000000000000000E+000  0.000000000000000E+000
  0.000000000000000E+000  0.000000000000000E+000  0.000000000000000E+000
  0.000000000000000E+000  0.000000000000000E+000  0.000000000000000E+000
  0.000000000000000E+000  0.000000000000000E+000  0.000000000000000E+000
  0.000000000000000E+000  0.000000000000000E+000  0.000000000000000E+000
  0.000000000000000E+000  0.000000000000000E+000  0.000000000000000E+000
  0.000000000000000E+000  0.000000000000000E+000  0.000000000000000E+000
  0.000000000000000E+000  0.000000000000000E+000  0.000000000000000E+000
  0.000000000000000E+000  0.000000000000000E+000  0.000000000000000E+000
  0.000000000000000E+000  0.000000000000000E+000  0.000000000000000E+000
  0.000000000000000E+000  0.000000000000000E+000  0.000000000000000E+000
  0.000000000000000E+000  0.000000000000000E+000  0.000000000000000E+000
  0.000000000000000E+000  0.000000000000000E+000  0.000000000000000E+000
  0.000000000000000E+000  0.000000000000000E+000  0.000000000000000E+000
  0.000000000000000E+000  0.000000000000000E+000  0.000000000000000E+000
  0.000000000000000E+000  0.000000000000000E+000  0.000000000000000E+000
  0.000000000000000E+000  0.000000000000000E+000  0.000000000000000E+000
  0.000000000000000E+000  0.000000000000000E+000  0.000000000000000E+000
  0.000000000000000E+000  0.000000000000000E+000  0.000000000000000E+000
  0.000000000000000E+000  0.000000000000000E+000  0.000000000000000E+000
  0.000000000000000E+000  0.000000000000000E+000  0.000000000000000E+000
  0.000000000000000E+000  0.000000000000000E+000  0.000000000000000E+000
  0.000000000000000E+000  0.000000000000000E+000  0.000000000000000E+000
  0.000000000000000E+000  0.000000000000000E+000  0.000000000000000E+000
  0.000000000000000E+000  0.000000000000000E+000  0.000000000000000E+000
  0.000000000000000E+000  0.000000000000000E+000  0.000000000000000E+000
  0.000000000000000E+000  0.000000000000000E+000  0.000000000000000E+000
  0.000000000000000E+000  0.000000000000000E+000  0.000000000000000E+000
  0.000000000000000E+000  0.000000000000000E+000  0.000000000000000E+000
  0.000000000000000E+000  0.000000000000000E+000  0.000000000000000E+000
  0.000000000000000E+000  0.000000000000000E+000  0.000000000000000E+000
  0.000000000000000E+000  0.000000000000000E+000  0.000000000000000E+000
  0.000000000000000E+000  0.000000000000000E+000  0.997926044351714     
  3.195342225423152E-005  5.517807746556780E-005 -2.018036638872650E-005
 -9.031770980824907E-005  3.195342225423152E-005  0.995987403606880     
 -4.713197357275729E-005  5.534495082866821E-005  4.713197357296001E-005
  5.517807746556780E-005 -4.713197357275729E-005  0.995720388440490     
  1.361469860247450E-004  1.996813861032732E-004 -2.018036638872650E-005
  5.534495082866821E-005  1.361469860247450E-004  0.997902742071777     
 -1.158591098356009E-004 -9.031770980824907E-005  4.713197357296001E-005
  1.996813861032732E-004 -1.158591098356009E-004  0.995720388440490     
  0.997926045811314       3.195366055460912E-005  5.517869808958320E-005
 -2.018093661666082E-005 -9.031627374500970E-005  3.195366055460912E-005
  0.995987405646240      -4.713128523975255E-005  5.534536357702967E-005
  4.713128523995529E-005  5.517869808958320E-005 -4.713128523975255E-005
  0.995720389211231       1.361456861191917E-004  1.996821828378826E-004
 -2.018093661666082E-005  5.534536357702967E-005  1.361456861191917E-004
  0.997902742872936      -1.158589973589878E-004 -9.031627374500970E-005
  4.713128523995529E-005  1.996821828378826E-004 -1.158589973589878E-004
  0.995720389211231       0.997938008628740      -1.224819915649768E-005
  4.930143901786049E-005 -3.112313568595647E-005  5.882018527346628E-005
 -1.224819915649768E-005  0.996019927965159       2.277280926353150E-005
 -3.739921151597178E-005  4.648640409358756E-005  4.930143901786049E-005
  2.277280926353150E-005  0.995750803417646       1.149624667403780E-004
 -1.884076822920326E-004 -3.112313568595647E-005 -3.739921151597178E-005
  1.149624667403780E-004  0.997899537148544       9.002314264390942E-005
  5.882018527346628E-005  4.648640409358756E-005 -1.884076822920326E-004
  9.002314264390942E-005  0.995721338501089       0.997938010311196     
 -1.224836341248786E-005  4.930133876456845E-005 -3.112355156947853E-005
  5.882102735611143E-005 -1.224836341248786E-005  0.996019931128915     
  2.277223792330073E-005 -3.739927910665294E-005  4.648612190598859E-005
  4.930133876456845E-005  2.277223792330073E-005  0.995750804424313     
  1.149634108223208E-004 -1.884082366633294E-004 -3.112355156947853E-005
 -3.739927910665294E-005  1.149634108223208E-004  0.997899538341579     
  9.002334613458168E-005  5.882102735611143E-005  4.648612190598859E-005
 -1.884082366633294E-004  9.002334613458168E-005  0.995721340564176     
  0.997927605425868      -1.645955801120631E-005 -2.727172166899927E-005
  1.053751918623364E-005 -5.518159888405198E-005 -1.645955801120631E-005
  0.995967468069244      -8.383468812894635E-005 -2.850879073689996E-005
  8.383468812914923E-005 -2.727172166899927E-005 -8.383468812894635E-005
  0.995817324668360       4.797288609904997E-005  9.278456521495853E-005
  1.053751918623364E-005 -2.850879073689996E-005  4.797288609904997E-005
  0.997939773104942      -3.684392852945494E-007 -5.518159888405198E-005
  8.383468812914923E-005  9.278456521495853E-005 -3.684392852945494E-007
  0.995817324668360       0.997927601797173      -1.645961231669361E-005
 -2.727143653576350E-005  1.053744650052202E-005 -5.518078243688789E-005
 -1.645961231669361E-005  0.995967461982978      -8.383515166404099E-005
 -2.850888479676310E-005  8.383515166424387E-005 -2.727143653576350E-005
 -8.383515166404099E-005  0.995817318134009       4.797210796882046E-005
  9.278396142029755E-005  1.053744650052202E-005 -2.850888479676310E-005
  4.797210796882046E-005  0.997939769392317      -3.682971528054297E-007
 -5.518078243688789E-005  8.383515166424387E-005  9.278396142029755E-005
 -3.682971528054297E-007  0.995817318134009       0.997936108444744     
 -2.626456768357101E-005 -4.855223582919439E-005 -3.222020742726930E-005
 -7.490969716487624E-005 -2.626456768357101E-005  0.996019927965159     
 -4.648640409338496E-005 -2.930685737380496E-005 -2.277280926332876E-005
 -4.855223582919439E-005 -4.648640409338496E-005  0.995721338501089     
 -9.595134602271197E-005 -1.884076822920322E-004 -3.222020742726930E-005
 -2.930685737380496E-005 -9.595134602271197E-005  0.997901437332539     
 -1.001775320088474E-004 -7.490969716487624E-005 -2.277280926332876E-005
 -1.884076822920322E-004 -1.001775320088474E-004  0.995750803417646     
  0.997936110120300      -2.626454409082286E-005 -4.855199101596341E-005
 -3.222062729477117E-005 -7.491056489046798E-005 -2.626454409082286E-005
  0.996019931128915      -4.648612190578598E-005 -2.930703341900576E-005
 -2.277223792309799E-005 -4.855199101596341E-005 -4.648612190578598E-005
  0.995721340564176      -9.595217703301086E-005 -1.884082366633290E-004
 -3.222062729477117E-005 -2.930703341900576E-005 -9.595217703301086E-005
  0.997901438532475      -1.001779172279210E-004 -7.491056489046798E-005
 -2.277223792309799E-005 -1.884082366633290E-004 -1.001779172279210E-004
  0.995750804424313       0.000000000000000E+000  0.000000000000000E+000
  0.000000000000000E+000  0.000000000000000E+000  0.000000000000000E+000
  0.000000000000000E+000  0.000000000000000E+000  0.000000000000000E+000
  0.000000000000000E+000  0.000000000000000E+000  0.000000000000000E+000
  0.000000000000000E+000  0.000000000000000E+000  0.000000000000000E+000
  0.000000000000000E+000  0.000000000000000E+000  0.000000000000000E+000
  0.000000000000000E+000  0.000000000000000E+000  0.000000000000000E+000
  0.000000000000000E+000  0.000000000000000E+000  0.000000000000000E+000
  0.000000000000000E+000  0.000000000000000E+000  0.000000000000000E+000
  0.000000000000000E+000  0.000000000000000E+000  0.000000000000000E+000
  0.000000000000000E+000  0.000000000000000E+000  0.000000000000000E+000
  0.000000000000000E+000  0.000000000000000E+000  0.000000000000000E+000
  0.000000000000000E+000  0.000000000000000E+000  0.000000000000000E+000
  0.000000000000000E+000  0.000000000000000E+000  0.000000000000000E+000
  0.000000000000000E+000  0.000000000000000E+000  0.000000000000000E+000
  0.000000000000000E+000  0.000000000000000E+000  0.000000000000000E+000
  0.000000000000000E+000  0.000000000000000E+000  0.000000000000000E+000
  0.000000000000000E+000  0.000000000000000E+000  0.000000000000000E+000
  0.000000000000000E+000  0.000000000000000E+000  0.000000000000000E+000
  0.000000000000000E+000  0.000000000000000E+000  0.000000000000000E+000
  0.000000000000000E+000  0.000000000000000E+000  0.000000000000000E+000
  0.000000000000000E+000  0.000000000000000E+000  0.000000000000000E+000
  0.000000000000000E+000  0.000000000000000E+000  0.000000000000000E+000
  0.000000000000000E+000  0.000000000000000E+000  0.000000000000000E+000
  0.000000000000000E+000  0.000000000000000E+000  0.000000000000000E+000
  0.000000000000000E+000  0.000000000000000E+000  0.000000000000000E+000
  0.000000000000000E+000  0.000000000000000E+000  0.000000000000000E+000
  0.000000000000000E+000  0.000000000000000E+000  0.000000000000000E+000
  0.000000000000000E+000  0.000000000000000E+000  0.000000000000000E+000
  0.000000000000000E+000  0.000000000000000E+000  0.000000000000000E+000
  0.000000000000000E+000  0.000000000000000E+000  0.000000000000000E+000
  0.000000000000000E+000  0.000000000000000E+000  0.000000000000000E+000
  0.000000000000000E+000  0.000000000000000E+000  0.000000000000000E+000
  0.000000000000000E+000  0.000000000000000E+000  0.000000000000000E+000
  0.000000000000000E+000  0.000000000000000E+000  0.000000000000000E+000
  0.000000000000000E+000  0.000000000000000E+000  0.000000000000000E+000
  0.000000000000000E+000  0.000000000000000E+000  0.000000000000000E+000
  0.000000000000000E+000  0.000000000000000E+000  0.000000000000000E+000
  0.000000000000000E+000  0.000000000000000E+000  0.000000000000000E+000
  0.000000000000000E+000  0.000000000000000E+000  0.000000000000000E+000
  0.000000000000000E+000  0.000000000000000E+000  0.000000000000000E+000
  0.000000000000000E+000  0.000000000000000E+000  0.000000000000000E+000
  0.000000000000000E+000  0.000000000000000E+000  0.000000000000000E+000
  0.000000000000000E+000  0.000000000000000E+000  0.000000000000000E+000
  0.000000000000000E+000  0.000000000000000E+000  0.000000000000000E+000
  0.000000000000000E+000  0.000000000000000E+000  0.000000000000000E+000
  0.000000000000000E+000  0.000000000000000E+000  0.000000000000000E+000
  0.000000000000000E+000  0.000000000000000E+000  0.000000000000000E+000
  0.000000000000000E+000  0.000000000000000E+000  0.000000000000000E+000
  0.000000000000000E+000  0.000000000000000E+000  0.000000000000000E+000
  0.000000000000000E+000  0.000000000000000E+000  0.000000000000000E+000
  0.000000000000000E+000  0.000000000000000E+000  0.000000000000000E+000
  0.000000000000000E+000  0.000000000000000E+000  0.000000000000000E+000
  0.000000000000000E+000  0.000000000000000E+000  0.000000000000000E+000
  0.000000000000000E+000  0.000000000000000E+000  0.000000000000000E+000
  0.000000000000000E+000  0.000000000000000E+000  0.000000000000000E+000
  0.000000000000000E+000  0.000000000000000E+000  0.000000000000000E+000
  0.000000000000000E+000  0.000000000000000E+000  0.000000000000000E+000
  0.000000000000000E+000  0.000000000000000E+000  0.000000000000000E+000
  0.000000000000000E+000  0.000000000000000E+000  0.000000000000000E+000
  0.000000000000000E+000  0.000000000000000E+000  0.000000000000000E+000
  0.000000000000000E+000  0.000000000000000E+000  0.000000000000000E+000
  0.000000000000000E+000  0.000000000000000E+000  0.000000000000000E+000
  0.000000000000000E+000  0.000000000000000E+000  0.000000000000000E+000
  0.000000000000000E+000  0.000000000000000E+000  0.000000000000000E+000
  0.000000000000000E+000  0.000000000000000E+000  0.000000000000000E+000
  0.000000000000000E+000  0.000000000000000E+000  0.000000000000000E+000
  0.997915800229605       8.524401042107985E-006 -5.500074218981287E-005
 -5.118371084328295E-006 -2.247187217273205E-005  8.524401042107985E-006
  0.995947263645884       5.762660918522185E-005 -3.086984813319855E-005
  8.808594137793976E-005 -5.500074218981287E-005  5.762660918522185E-005
  0.995947005002062       9.526407992501133E-005 -5.762660918433711E-005
 -5.118371084328295E-006 -3.086984813319855E-005  9.526407992501133E-005
  0.997921710415450       2.281727192023841E-005 -2.247187217273205E-005
  8.808594137793976E-005 -5.762660918433711E-005  2.281727192023841E-005
  0.995947263645880       0.997915797940509       8.524406250693825E-006
 -5.499981371227974E-005 -5.118734720387060E-006 -2.247182558018114E-005
  8.524406250693825E-006  0.995947261419077       5.762722583553855E-005
 -3.086979733993337E-005  8.808490204891259E-005 -5.499981371227974E-005
  5.762722583553855E-005  0.995947001617660       9.526247175475026E-005
 -5.762722583465382E-005 -5.118734720387060E-006 -3.086979733993337E-005
  9.526247175475026E-005  0.997921708546245       2.281725103437348E-005
 -2.247182558018114E-005  8.808490204891259E-005 -5.762722583465382E-005
  2.281725103437348E-005  0.995947261419073       0.997900586085206     
  4.177120813622347E-006 -6.407395835912195E-005  1.541029101625315E-005
  4.376644291867071E-005  4.177120813622347E-006  0.995953878986200     
 -4.326951580194991E-005  4.812547337433789E-005  1.024912012674504E-004
 -6.407395835912195E-005 -4.326951580194991E-005  0.995919223174660     
  1.109793513183103E-004  4.326951580283420E-005  1.541029101625315E-005
  4.812547337433789E-005  1.109793513183103E-004  0.997882791813871     
 -2.044524394876801E-005  4.376644291867071E-005  1.024912012674504E-004
  4.326951580283420E-005 -2.044524394876801E-005  0.995953878986196     
  0.997900585695210       4.176392834986415E-006 -6.407481105538116E-005
  1.540998555504821E-005  4.376527011137582E-005  4.176392834986415E-006
  0.995953878750829      -4.327028016334003E-005  4.812453943178452E-005
  1.024901760534041E-004 -6.407481105538116E-005 -4.327028016334003E-005
  0.995919222243502       1.109808282315547E-004  4.327028016422432E-005
  1.540998555504821E-005  4.812453943178452E-005  1.109808282315547E-004
  0.997882791776592      -2.044540742548344E-005  4.376527011137582E-005
  1.024901760534041E-004  4.327028016422432E-005 -2.044540742548344E-005
  0.995953878750825       0.997880948651870       6.604800283863601E-005
  6.459606455260445E-005  4.827684128036473E-005  1.320825258551239E-004
  6.604800283863601E-005  0.995929607777736       8.979313758297431E-005
  6.853602175551617E-005  5.258675614504471E-005  6.459606455260445E-005
  8.979313758297431E-005  0.995932885289447       2.693063402552056E-005
 -4.325768265087743E-005  4.827684128036473E-005  6.853602175551617E-005
  2.693063402552056E-005  0.997925478761853       3.396437763893713E-005
  1.320825258551239E-004  5.258675614504471E-005 -4.325768265087743E-005
  3.396437763893713E-005  0.995976547373766       0.997880946052653     
  6.604747330760726E-005  6.459676601560769E-005  4.827705767129074E-005
  1.320820734458420E-004  6.604747330760726E-005  0.995929604426955     
  8.979411696122219E-005  6.853545250343061E-005  5.258718394293357E-005
  6.459676601560769E-005  8.979411696122219E-005  0.995932881192750     
  2.692990984462897E-005 -4.325685239127934E-005  4.827705767129074E-005
  6.853545250343061E-005  2.692990984462897E-005  0.997925476012899     
  3.396449099958072E-005  1.320820734458420E-004  5.258718394293357E-005
 -4.325685239127934E-005  3.396449099958072E-005  0.995976543597634     
  0.997956155205321       9.545527678709993E-005 -5.562064548393289E-005
  4.856317400700511E-006  9.237793733444949E-005  9.545527678709993E-005
  0.995976547373770       4.325768265176213E-005  9.740463396618697E-005
  5.258675614504473E-005 -5.562064548393289E-005  4.325768265176213E-005
  0.995932885289447      -4.247651587516532E-005 -8.979313758208945E-005
  4.856317400700511E-006  9.740463396618697E-005 -4.247651587516532E-005
  0.997850272208402       2.293123744885466E-005  9.237793733444949E-005
  5.258675614504473E-005 -8.979313758208945E-005  2.293123744885466E-005
  0.995929607777732       0.997956152681202       9.545514875565609E-005
 -5.562036905638546E-005  4.856490433677346E-006  9.237717958216785E-005
  9.545514875565609E-005  0.995976543597638       4.325685239216405E-005
  9.740418548793411E-005  5.258718394293359E-005 -5.562036905638546E-005
  4.325685239216405E-005  0.995932881192750      -4.247748545039175E-005
 -8.979411696033730E-005  4.856490433677346E-006  9.740418548793411E-005
 -4.247748545039175E-005  0.997850269384350       2.293106348757445E-005
  9.237717958216785E-005  5.258718394293359E-005 -8.979411696033730E-005
  2.293106348757445E-005  0.995929604426951       0.000000000000000E+000
  0.000000000000000E+000  0.000000000000000E+000  0.000000000000000E+000
  0.000000000000000E+000  0.000000000000000E+000  0.000000000000000E+000
  0.000000000000000E+000  0.000000000000000E+000  0.000000000000000E+000
  0.000000000000000E+000  0.000000000000000E+000  0.000000000000000E+000
  0.000000000000000E+000  0.000000000000000E+000  0.000000000000000E+000
  0.000000000000000E+000  0.000000000000000E+000  0.000000000000000E+000
  0.000000000000000E+000  0.000000000000000E+000  0.000000000000000E+000
  0.000000000000000E+000  0.000000000000000E+000  0.000000000000000E+000
  0.000000000000000E+000  0.000000000000000E+000  0.000000000000000E+000
  0.000000000000000E+000  0.000000000000000E+000  0.000000000000000E+000
  0.000000000000000E+000  0.000000000000000E+000  0.000000000000000E+000
  0.000000000000000E+000  0.000000000000000E+000  0.000000000000000E+000
  0.000000000000000E+000  0.000000000000000E+000  0.000000000000000E+000
  0.000000000000000E+000  0.000000000000000E+000  0.000000000000000E+000
  0.000000000000000E+000  0.000000000000000E+000  0.000000000000000E+000
  0.000000000000000E+000  0.000000000000000E+000  0.000000000000000E+000
  0.000000000000000E+000  0.000000000000000E+000  0.000000000000000E+000
  0.000000000000000E+000  0.000000000000000E+000  0.000000000000000E+000
  0.000000000000000E+000  0.000000000000000E+000  0.000000000000000E+000
  0.000000000000000E+000  0.000000000000000E+000  0.000000000000000E+000
  0.000000000000000E+000  0.000000000000000E+000  0.000000000000000E+000
  0.000000000000000E+000  0.000000000000000E+000  0.000000000000000E+000
  0.000000000000000E+000  0.000000000000000E+000  0.000000000000000E+000
  0.000000000000000E+000  0.000000000000000E+000  0.000000000000000E+000
  0.000000000000000E+000  0.000000000000000E+000  0.000000000000000E+000
  0.000000000000000E+000  0.000000000000000E+000  0.000000000000000E+000
  0.000000000000000E+000  0.000000000000000E+000  0.000000000000000E+000
  0.000000000000000E+000  0.000000000000000E+000  0.000000000000000E+000
  0.000000000000000E+000  0.000000000000000E+000  0.000000000000000E+000
  0.000000000000000E+000  0.000000000000000E+000  0.000000000000000E+000
  0.000000000000000E+000  0.000000000000000E+000  0.000000000000000E+000
  0.000000000000000E+000  0.000000000000000E+000  0.000000000000000E+000
  0.000000000000000E+000  0.000000000000000E+000  0.000000000000000E+000
  0.000000000000000E+000  0.000000000000000E+000  0.000000000000000E+000
  0.000000000000000E+000  0.000000000000000E+000  0.000000000000000E+000
  0.000000000000000E+000  0.000000000000000E+000  0.000000000000000E+000
  0.000000000000000E+000  0.000000000000000E+000  0.000000000000000E+000
  0.000000000000000E+000  0.000000000000000E+000  0.000000000000000E+000
  0.000000000000000E+000  0.000000000000000E+000  0.000000000000000E+000
  0.000000000000000E+000  0.000000000000000E+000  0.000000000000000E+000
  0.000000000000000E+000  0.000000000000000E+000  0.000000000000000E+000
  0.000000000000000E+000  0.000000000000000E+000  0.000000000000000E+000
  0.000000000000000E+000  0.000000000000000E+000  0.000000000000000E+000
  0.000000000000000E+000  0.000000000000000E+000  0.000000000000000E+000
  0.000000000000000E+000  0.000000000000000E+000  0.000000000000000E+000
  0.000000000000000E+000  0.000000000000000E+000  0.000000000000000E+000
  0.000000000000000E+000  0.000000000000000E+000  0.000000000000000E+000
  0.000000000000000E+000  0.000000000000000E+000  0.000000000000000E+000
  0.000000000000000E+000  0.000000000000000E+000  0.000000000000000E+000
  0.000000000000000E+000  0.000000000000000E+000  0.000000000000000E+000
  0.000000000000000E+000  0.000000000000000E+000  0.000000000000000E+000
  0.000000000000000E+000  0.000000000000000E+000  0.000000000000000E+000
  0.000000000000000E+000  0.000000000000000E+000  0.000000000000000E+000
  0.000000000000000E+000  0.000000000000000E+000  0.000000000000000E+000
  0.000000000000000E+000  0.000000000000000E+000  0.000000000000000E+000
  0.000000000000000E+000  0.000000000000000E+000  0.000000000000000E+000
  0.000000000000000E+000  0.000000000000000E+000  0.000000000000000E+000
  0.000000000000000E+000  0.000000000000000E+000  0.000000000000000E+000
  0.000000000000000E+000  0.000000000000000E+000  0.000000000000000E+000
  0.000000000000000E+000  0.000000000000000E+000  0.000000000000000E+000
  0.000000000000000E+000  0.000000000000000E+000  0.000000000000000E+000
  0.000000000000000E+000  0.000000000000000E+000  0.000000000000000E+000
  0.000000000000000E+000  0.000000000000000E+000  0.000000000000000E+000
  0.000000000000000E+000  0.000000000000000E+000  0.000000000000000E+000
  0.000000000000000E+000  0.000000000000000E+000  0.000000000000000E+000
  0.000000000000000E+000  0.000000000000000E+000  0.000000000000000E+000
  0.000000000000000E+000  0.997926044351714       5.517807746485854E-005
  3.195342225494092E-005  2.018036638958016E-005 -9.031770980824912E-005
  5.517807746485854E-005  0.995720388440494      -4.713197357275643E-005
 -1.361469860190821E-004  1.996813861025923E-004  3.195342225494092E-005
 -4.713197357275643E-005  0.995987403606876      -5.534495082300135E-005
  4.713197357364098E-005  2.018036638958016E-005 -1.361469860190821E-004
 -5.534495082300135E-005  0.997902742071777       1.158591098252206E-004
 -9.031770980824912E-005  1.996813861025923E-004  4.713197357364098E-005
  1.158591098252206E-004  0.995720388440490       0.997926045811314     
  5.517869808887394E-005  3.195366055531852E-005  2.018093661754917E-005
 -9.031627374500974E-005  5.517869808887394E-005  0.995720389211235     
 -4.713128523975170E-005 -1.361456861135288E-004  1.996821828372017E-004
  3.195366055531852E-005 -4.713128523975170E-005  0.995987405646236     
 -5.534536357136280E-005  4.713128524063625E-005  2.018093661754917E-005
 -1.361456861135288E-004 -5.534536357136280E-005  0.997902742872935     
  1.158589973486075E-004 -9.031627374500974E-005  1.996821828372017E-004
  4.713128524063625E-005  1.158589973486075E-004  0.995720389211231     
  0.997927605425867      -2.727172166970892E-005 -1.645955801049647E-005
 -1.053751918535934E-005 -5.518159888405196E-005 -2.727172166970892E-005
  0.995817324668364      -8.383468812894599E-005 -4.797288609338531E-005
  9.278456521427728E-005 -1.645955801049647E-005 -8.383468812894599E-005
  0.995967468069240       2.850879074256566E-005  8.383468812983032E-005
 -1.053751918535934E-005 -4.797288609338531E-005  2.850879074256566E-005
  0.997939773104943       3.684392749130205E-007 -5.518159888405196E-005
  9.278456521427728E-005  8.383468812983032E-005  3.684392749130205E-007
  0.995817324668360       0.997927601797172      -2.727143653647315E-005
 -1.645961231598377E-005 -1.053744649965466E-005 -5.518078243688785E-005
 -2.727143653647315E-005  0.995817318134013      -8.383515166404065E-005
 -4.797210796315578E-005  9.278396141961629E-005 -1.645961231598377E-005
 -8.383515166404065E-005  0.995967461982974       2.850888480242881E-005
  8.383515166492495E-005 -1.053744649965466E-005 -4.797210796315578E-005
  2.850888480242881E-005  0.997939769392317       3.682971424239016E-007
 -5.518078243688785E-005  9.278396141961629E-005  8.383515166492495E-005
  3.682971424239016E-007  0.995817318134009       0.997938008628740     
  4.930143901715091E-005 -1.224819915578783E-005  3.112313568681705E-005
  5.882018527346644E-005  4.930143901715091E-005  0.995750803417650     
  2.277280926353154E-005 -1.149624667347109E-004 -1.884076822927143E-004
 -1.224819915578783E-005  2.277280926353154E-005  0.996019927965155     
  3.739921152163858E-005  4.648640409426904E-005  3.112313568681705E-005
 -1.149624667347109E-004  3.739921152163858E-005  0.997899537148544     
 -9.002314265429201E-005  5.882018527346644E-005 -1.884076822927143E-004
  4.648640409426904E-005 -9.002314265429201E-005  0.995721338501089     
  0.997938010311197       4.930133876385886E-005 -1.224836341177801E-005
  3.112355157032524E-005  5.882102735611160E-005  4.930133876385886E-005
  0.995750804424317       2.277223792330078E-005 -1.149634108166537E-004
 -1.884082366640111E-004 -1.224836341177801E-005  2.277223792330078E-005
  0.996019931128911       3.739927911231974E-005  4.648612190667006E-005
  3.112355157032524E-005 -1.149634108166537E-004  3.739927911231974E-005
  0.997899538341579      -9.002334614496426E-005  5.882102735611160E-005
 -1.884082366640111E-004  4.648612190667006E-005 -9.002334614496426E-005
  0.995721340564176       0.997936108444744      -4.855223582990381E-005
 -2.626456768286114E-005  3.222020742813650E-005 -7.490969716487612E-005
 -4.855223582990381E-005  0.995721338501093      -4.648640409338467E-005
  9.595134602837852E-005 -1.884076822927147E-004 -2.626456768286114E-005
 -4.648640409338467E-005  0.996019927965155       2.930685737947190E-005
 -2.277280926264710E-005  3.222020742813650E-005  9.595134602837852E-005
  2.930685737947190E-005  0.997901437332540       1.001775319984644E-004
 -7.490969716487612E-005 -1.884076822927147E-004 -2.277280926264710E-005
  1.001775319984644E-004  0.995750803417646       0.997936110120300     
 -4.855199101667282E-005 -2.626454409011299E-005  3.222062729561062E-005
 -7.491056489046787E-005 -4.855199101667282E-005  0.995721340564180     
 -4.648612190578569E-005  9.595217703867742E-005 -1.884082366640115E-004
 -2.626454409011299E-005 -4.648612190578569E-005  0.996019931128911     
  2.930703342467270E-005 -2.277223792241633E-005  3.222062729561062E-005
  9.595217703867742E-005  2.930703342467270E-005  0.997901438532475     
  1.001779172175381E-004 -7.491056489046787E-005 -1.884082366640115E-004
 -2.277223792241633E-005  1.001779172175381E-004  0.995750804424313     
  0.000000000000000E+000  0.000000000000000E+000  0.000000000000000E+000
  0.000000000000000E+000  0.000000000000000E+000  0.000000000000000E+000
  0.000000000000000E+000  0.000000000000000E+000  0.000000000000000E+000
  0.000000000000000E+000  0.000000000000000E+000  0.000000000000000E+000
  0.000000000000000E+000  0.000000000000000E+000  0.000000000000000E+000
  0.000000000000000E+000  0.000000000000000E+000  0.000000000000000E+000
  0.000000000000000E+000  0.000000000000000E+000  0.000000000000000E+000
  0.000000000000000E+000  0.000000000000000E+000  0.000000000000000E+000
  0.000000000000000E+000  0.000000000000000E+000  0.000000000000000E+000
  0.000000000000000E+000  0.000000000000000E+000  0.000000000000000E+000
  0.000000000000000E+000  0.000000000000000E+000  0.000000000000000E+000
  0.000000000000000E+000  0.000000000000000E+000  0.000000000000000E+000
  0.000000000000000E+000  0.000000000000000E+000  0.000000000000000E+000
  0.000000000000000E+000  0.000000000000000E+000  0.000000000000000E+000
  0.000000000000000E+000  0.000000000000000E+000  0.000000000000000E+000
  0.000000000000000E+000  0.000000000000000E+000  0.000000000000000E+000
  0.000000000000000E+000  0.000000000000000E+000  0.000000000000000E+000
  0.000000000000000E+000  0.000000000000000E+000  0.000000000000000E+000
  0.000000000000000E+000  0.000000000000000E+000  0.000000000000000E+000
  0.000000000000000E+000  0.000000000000000E+000  0.000000000000000E+000
  0.000000000000000E+000  0.000000000000000E+000  0.000000000000000E+000
  0.000000000000000E+000  0.000000000000000E+000  0.000000000000000E+000
  0.000000000000000E+000  0.000000000000000E+000  0.000000000000000E+000
  0.000000000000000E+000  0.000000000000000E+000  0.000000000000000E+000
  0.000000000000000E+000  0.000000000000000E+000  0.000000000000000E+000
  0.000000000000000E+000  0.000000000000000E+000  0.000000000000000E+000
  0.000000000000000E+000  0.000000000000000E+000  0.000000000000000E+000
  0.000000000000000E+000  0.000000000000000E+000  0.000000000000000E+000
  0.000000000000000E+000  0.000000000000000E+000  0.000000000000000E+000
  0.000000000000000E+000  0.000000000000000E+000  0.000000000000000E+000
  0.000000000000000E+000  0.000000000000000E+000  0.000000000000000E+000
  0.000000000000000E+000  0.000000000000000E+000  0.000000000000000E+000
  0.000000000000000E+000  0.000000000000000E+000  0.000000000000000E+000
  0.000000000000000E+000  0.000000000000000E+000  0.000000000000000E+000
  0.000000000000000E+000  0.000000000000000E+000  0.000000000000000E+000
  0.000000000000000E+000  0.000000000000000E+000  0.000000000000000E+000
  0.000000000000000E+000  0.000000000000000E+000  0.000000000000000E+000
  0.000000000000000E+000  0.000000000000000E+000  0.000000000000000E+000
  0.000000000000000E+000  0.000000000000000E+000  0.000000000000000E+000
  0.000000000000000E+000  0.000000000000000E+000  0.000000000000000E+000
  0.000000000000000E+000  0.000000000000000E+000  0.000000000000000E+000
  0.000000000000000E+000  0.000000000000000E+000  0.000000000000000E+000
  0.000000000000000E+000  0.000000000000000E+000  0.000000000000000E+000
  0.000000000000000E+000  0.000000000000000E+000  0.000000000000000E+000
  0.000000000000000E+000  0.000000000000000E+000  0.000000000000000E+000
  0.000000000000000E+000  0.000000000000000E+000  0.000000000000000E+000
  0.000000000000000E+000  0.000000000000000E+000  0.000000000000000E+000
  0.000000000000000E+000  0.000000000000000E+000  0.000000000000000E+000
  0.000000000000000E+000  0.000000000000000E+000  0.000000000000000E+000
  0.000000000000000E+000  0.000000000000000E+000  0.000000000000000E+000
  0.000000000000000E+000  0.000000000000000E+000  0.000000000000000E+000
  0.000000000000000E+000  0.000000000000000E+000  0.000000000000000E+000
  0.000000000000000E+000  0.000000000000000E+000  0.000000000000000E+000
  0.000000000000000E+000  0.000000000000000E+000  0.000000000000000E+000
  0.000000000000000E+000  0.000000000000000E+000  0.000000000000000E+000
  0.000000000000000E+000  0.000000000000000E+000  0.000000000000000E+000
  0.000000000000000E+000  0.000000000000000E+000  0.000000000000000E+000
  0.000000000000000E+000  0.000000000000000E+000  0.000000000000000E+000
  0.000000000000000E+000  0.000000000000000E+000  0.000000000000000E+000
  0.000000000000000E+000  0.000000000000000E+000  0.000000000000000E+000
  0.000000000000000E+000  0.000000000000000E+000  0.000000000000000E+000
  0.000000000000000E+000  0.000000000000000E+000  0.000000000000000E+000
  0.000000000000000E+000  0.000000000000000E+000  0.000000000000000E+000
  0.000000000000000E+000  0.000000000000000E+000  0.000000000000000E+000
  0.000000000000000E+000  0.000000000000000E+000  0.000000000000000E+000
  0.000000000000000E+000  0.000000000000000E+000  0.000000000000000E+000
  0.000000000000000E+000  0.000000000000000E+000  0.997915800229605     
 -5.500074219052267E-005  8.524401042817734E-006  5.118371085237333E-006
 -2.247187217273202E-005 -5.500074219052267E-005  0.995947005002066     
  5.762660918522153E-005 -9.526407991934394E-005 -5.762660918501875E-005
  8.524401042817734E-006  5.762660918522153E-005  0.995947263645880     
  3.086984813886494E-005  8.808594137862157E-005  5.118371085237333E-006
 -9.526407991934394E-005  3.086984813886494E-005  0.997921710415450     
 -2.281727193062174E-005 -2.247187217273202E-005 -5.762660918501875E-005
  8.808594137862157E-005 -2.281727193062174E-005  0.995947263645880     
  0.997915797940509      -5.499981371298955E-005  8.524406251403572E-006
  5.118734721240586E-006 -2.247182558018111E-005 -5.499981371298955E-005
  0.995947001617663       5.762722583553825E-005 -9.526247174908292E-005
 -5.762722583533546E-005  8.524406251403572E-006  5.762722583553825E-005
  0.995947261419073       3.086979734559976E-005  8.808490204959442E-005
  5.118734721240586E-006 -9.526247174908292E-005  3.086979734559976E-005
  0.997921708546245      -2.281725104475680E-005 -2.247182558018111E-005
 -5.762722583533546E-005  8.808490204959442E-005 -2.281725104475680E-005
  0.995947261419073       0.997880948651871       6.459606455189473E-005
  6.604800283934560E-005 -4.827684127950417E-005  1.320825258551241E-004
  6.459606455189473E-005  0.995932885289451       8.979313758297409E-005
 -2.693063401985327E-005 -4.325768265155937E-005  6.604800283934560E-005
  8.979313758297409E-005  0.995929607777732      -6.853602174984935E-005
  5.258675614572692E-005 -4.827684127950417E-005 -2.693063401985327E-005
 -6.853602174984935E-005  0.997925478761852      -3.396437764932059E-005
  1.320825258551241E-004 -4.325768265155937E-005  5.258675614572692E-005
 -3.396437764932059E-005  0.995976547373766       0.997880946052653     
  6.459676601489799E-005  6.604747330831684E-005 -4.827705767043018E-005
  1.320820734458422E-004  6.459676601489799E-005  0.995932881192754     
  8.979411696122197E-005 -2.692990983896167E-005 -4.325685239196128E-005
  6.604747330831684E-005  8.979411696122197E-005  0.995929604426951     
 -6.853545249776375E-005  5.258718394361577E-005 -4.827705767043018E-005
 -2.692990983896167E-005 -6.853545249776375E-005  0.997925476012900     
 -3.396449100996418E-005  1.320820734458422E-004 -4.325685239196128E-005
  5.258718394361577E-005 -3.396449100996418E-005  0.995976543597634     
  0.997900586085206      -6.407395835983204E-005  4.177120814332308E-006
 -1.541029101536500E-005  4.376644291867074E-005 -6.407395835983204E-005
  0.995919223174664      -4.326951580194994E-005 -1.109793513126448E-004
  4.326951580215294E-005  4.177120814332308E-006 -4.326951580194994E-005
  0.995953878986196      -4.812547336867187E-005  1.024912012681320E-004
 -1.541029101536500E-005 -1.109793513126448E-004 -4.812547336867187E-005
  0.997882791813871       2.044524393838547E-005  4.376644291867074E-005
  4.326951580215294E-005  1.024912012681320E-004  2.044524393838547E-005
  0.995953878986196       0.997900585695210      -6.407481105609125E-005
  4.176392835696374E-006 -1.540998555419475E-005  4.376527011137587E-005
 -6.407481105609125E-005  0.995919222243506      -4.327028016334005E-005
 -1.109808282258892E-004  4.327028016354306E-005  4.176392835696374E-006
 -4.327028016334005E-005  0.995953878750825      -4.812453942611848E-005
  1.024901760540857E-004 -1.540998555419475E-005 -1.109808282258892E-004
 -4.812453942611848E-005  0.997882791776592       2.044540741510090E-005
  4.376527011137587E-005  4.327028016354306E-005  1.024901760540857E-004
  2.044540741510090E-005  0.995953878750825       0.997956155205322     
 -5.562064548464264E-005  9.545527678780971E-005 -4.856317399840150E-006
  9.237793733444942E-005 -5.562064548464264E-005  0.995932885289451     
  4.325768265176198E-005  4.247651588083280E-005 -8.979313758277152E-005
  9.545527678780971E-005  4.325768265176198E-005  0.995976547373766     
 -9.740463396052030E-005  5.258675614572690E-005 -4.856317399840150E-006
  4.247651588083280E-005 -9.740463396052030E-005  0.997850272208402     
 -2.293123745923766E-005  9.237793733444942E-005 -8.979313758277152E-005
  5.258675614572690E-005 -2.293123745923766E-005  0.995929607777731     
  0.997956152681202      -5.562036905709521E-005  9.545514875636588E-005
 -4.856490432789231E-006  9.237717958216779E-005 -5.562036905709521E-005
  0.995932881192754       4.325685239216389E-005  4.247748545605922E-005
 -8.979411696101939E-005  9.545514875636588E-005  4.325685239216389E-005
  0.995976543597634      -9.740418548226745E-005  5.258718394361577E-005
 -4.856490432789231E-006  4.247748545605922E-005 -9.740418548226745E-005
  0.997850269384351      -2.293106349795745E-005  9.237717958216779E-005
 -8.979411696101939E-005  5.258718394361577E-005 -2.293106349795745E-005
  0.995929604426951       0.000000000000000E+000  0.000000000000000E+000
  0.000000000000000E+000  0.000000000000000E+000  0.000000000000000E+000
  0.000000000000000E+000  0.000000000000000E+000  0.000000000000000E+000
  0.000000000000000E+000  0.000000000000000E+000  0.000000000000000E+000
  0.000000000000000E+000  0.000000000000000E+000  0.000000000000000E+000
  0.000000000000000E+000  0.000000000000000E+000  0.000000000000000E+000
  0.000000000000000E+000  0.000000000000000E+000  0.000000000000000E+000
  0.000000000000000E+000  0.000000000000000E+000  0.000000000000000E+000
  0.000000000000000E+000  0.000000000000000E+000  0.000000000000000E+000
  0.000000000000000E+000  0.000000000000000E+000  0.000000000000000E+000
  0.000000000000000E+000  0.000000000000000E+000  0.000000000000000E+000
  0.000000000000000E+000  0.000000000000000E+000  0.000000000000000E+000
  0.000000000000000E+000  0.000000000000000E+000  0.000000000000000E+000
  0.000000000000000E+000  0.000000000000000E+000  0.000000000000000E+000
  0.000000000000000E+000  0.000000000000000E+000  0.000000000000000E+000
  0.000000000000000E+000  0.000000000000000E+000  0.000000000000000E+000
  0.000000000000000E+000  0.000000000000000E+000  0.000000000000000E+000
  0.000000000000000E+000  0.000000000000000E+000  0.000000000000000E+000
  0.000000000000000E+000  0.000000000000000E+000  0.000000000000000E+000
  0.000000000000000E+000  0.000000000000000E+000  0.000000000000000E+000
  0.000000000000000E+000  0.000000000000000E+000  0.000000000000000E+000
  0.000000000000000E+000  0.000000000000000E+000  0.000000000000000E+000
  0.000000000000000E+000  0.000000000000000E+000  0.000000000000000E+000
  0.000000000000000E+000  0.000000000000000E+000  0.000000000000000E+000
  0.000000000000000E+000  0.000000000000000E+000  0.000000000000000E+000
  0.000000000000000E+000  0.000000000000000E+000  0.000000000000000E+000
  0.000000000000000E+000  0.000000000000000E+000  0.000000000000000E+000
  0.000000000000000E+000  0.000000000000000E+000  0.000000000000000E+000
  0.000000000000000E+000  0.000000000000000E+000  0.000000000000000E+000
  0.000000000000000E+000  0.000000000000000E+000  0.000000000000000E+000
  0.000000000000000E+000  0.000000000000000E+000  0.000000000000000E+000
  0.000000000000000E+000  0.000000000000000E+000  0.000000000000000E+000
  0.000000000000000E+000  0.000000000000000E+000  0.000000000000000E+000
  0.000000000000000E+000  0.000000000000000E+000  0.000000000000000E+000
  0.000000000000000E+000  0.000000000000000E+000  0.000000000000000E+000
  0.000000000000000E+000  0.000000000000000E+000  0.000000000000000E+000
  0.000000000000000E+000  0.000000000000000E+000  0.000000000000000E+000
  0.000000000000000E+000  0.000000000000000E+000  0.000000000000000E+000
  0.000000000000000E+000  0.000000000000000E+000  0.000000000000000E+000
  0.000000000000000E+000  0.000000000000000E+000  0.000000000000000E+000
  0.000000000000000E+000  0.000000000000000E+000  0.000000000000000E+000
  0.000000000000000E+000  0.000000000000000E+000  0.000000000000000E+000
  0.000000000000000E+000  0.000000000000000E+000  0.000000000000000E+000
  0.000000000000000E+000  0.000000000000000E+000  0.000000000000000E+000
  0.000000000000000E+000  0.000000000000000E+000  0.000000000000000E+000
  0.000000000000000E+000  0.000000000000000E+000  0.000000000000000E+000
  0.000000000000000E+000  0.000000000000000E+000  0.000000000000000E+000
  0.000000000000000E+000  0.000000000000000E+000  0.000000000000000E+000
  0.000000000000000E+000  0.000000000000000E+000  0.000000000000000E+000
  0.000000000000000E+000  0.000000000000000E+000  0.000000000000000E+000
  0.000000000000000E+000  0.000000000000000E+000  0.000000000000000E+000
  0.000000000000000E+000  0.000000000000000E+000  0.000000000000000E+000
  0.000000000000000E+000  0.000000000000000E+000  0.000000000000000E+000
  0.000000000000000E+000  0.000000000000000E+000  0.000000000000000E+000
  0.000000000000000E+000  0.000000000000000E+000  0.000000000000000E+000
  0.000000000000000E+000  0.000000000000000E+000  0.000000000000000E+000
  0.000000000000000E+000  0.000000000000000E+000  0.000000000000000E+000
  0.000000000000000E+000  0.000000000000000E+000  0.000000000000000E+000
  0.000000000000000E+000  0.000000000000000E+000  0.000000000000000E+000
  0.000000000000000E+000  0.000000000000000E+000  0.000000000000000E+000
  0.000000000000000E+000  0.000000000000000E+000  0.000000000000000E+000
  0.000000000000000E+000  0.000000000000000E+000  0.000000000000000E+000
  0.000000000000000E+000  0.000000000000000E+000  0.000000000000000E+000
  0.000000000000000E+000  0.000000000000000E+000  0.000000000000000E+000
  0.000000000000000E+000  0.000000000000000E+000  0.000000000000000E+000
  0.000000000000000E+000  0.000000000000000E+000  0.000000000000000E+000
  0.000000000000000E+000  0.000000000000000E+000  0.000000000000000E+000
  0.997924665508376      -3.099627322285170E-005 -3.099627322214197E-005
  4.371200000310549E-016 -1.100014843730325E-004 -3.099627322285170E-005
  0.995947263645884      -8.808594137773708E-005 -8.052576207768365E-006
 -5.762660918501892E-005 -3.099627322214197E-005 -8.808594137773708E-005
  0.995947263645880       8.052576213434988E-006 -5.762660918433695E-005
  4.371200000310549E-016 -8.052576207768365E-006  8.052576213434988E-006
  0.997912845136679      -5.191976870196987E-015 -1.100014843730325E-004
 -5.762660918501892E-005 -5.762660918433695E-005 -5.191976870196987E-015
  0.995947005002062       0.997924663849116      -3.099623183888663E-005
 -3.099623183817690E-005  4.371200001404873E-016 -1.099996274179663E-004
 -3.099623183888663E-005  0.995947261419077      -8.808490204870993E-005
 -8.052546300368122E-006 -5.762722583533564E-005 -3.099623183817690E-005
 -8.808490204870993E-005  0.995947261419073       8.052546306034744E-006
 -5.762722583465365E-005  4.371200001404873E-016 -8.052546300368122E-006
  8.052546306034744E-006  0.997912842637638      -5.191975176874953E-015
 -1.099996274179663E-004 -5.762722583533564E-005 -5.762722583465365E-005
 -5.191975176874953E-015  0.995947001617659       0.997872537263396     
  3.662724906001233E-005  2.632993448851138E-005 -4.342052387926182E-005
  8.975419075264740E-006  3.662724906001233E-005  0.995976547373770     
 -5.258675614484229E-005  1.313690116103159E-004 -4.325768265155956E-005
  2.632993448851138E-005 -5.258675614484229E-005  0.995929607777732     
 -9.146725920389535E-005 -8.979313758208933E-005 -4.342052387926182E-005
  1.313690116103159E-004 -9.146725920389535E-005  0.997933890150327     
  6.940714989549406E-005  8.975419075264740E-006 -4.325768265155956E-005
 -8.979313758208933E-005  6.940714989549406E-005  0.995932885289447     
  0.997872534364477       3.662692468217421E-005  2.632970626725849E-005
 -4.342056723718324E-005  8.976396965815425E-006  3.662692468217421E-005
  0.995976543597638      -5.258718394273115E-005  1.313686764927067E-004
 -4.325685239196147E-005  2.632970626725849E-005 -5.258718394273115E-005
  0.995929604426951      -9.146651599052957E-005 -8.979411696033720E-005
 -4.342056723718324E-005  1.313686764927067E-004 -9.146651599052957E-005
  0.997933887701076       6.940739528982890E-005  8.976396965815425E-006
 -4.325685239196147E-005 -8.979411696033720E-005  6.940739528982890E-005
  0.995932881192750       0.997872537263396       2.632993448780178E-005
  3.662724906072194E-005  4.342052388010827E-005  8.975419075264584E-006
  2.632993448780178E-005  0.995929607777736      -5.258675614484226E-005
  9.146725920956241E-005 -8.979313758277164E-005  3.662724906072194E-005
 -5.258675614484226E-005  0.995976547373766      -1.313690116046491E-004
 -4.325768265087724E-005  4.342052388010827E-005  9.146725920956241E-005
 -1.313690116046491E-004  0.997933890150327      -6.940714990587773E-005
  8.975419075264584E-006 -8.979313758277164E-005 -4.325768265087724E-005
 -6.940714990587773E-005  0.995932885289447       0.997872534364477     
  2.632970626654889E-005  3.662692468288384E-005  4.342056723806438E-005
  8.976396965815268E-006  2.632970626654889E-005  0.995929604426955     
 -5.258718394273113E-005  9.146651599619663E-005 -8.979411696101950E-005
  3.662692468288384E-005 -5.258718394273113E-005  0.995976543597634     
 -1.313686764870399E-004 -4.325685239127915E-005  4.342056723806438E-005
  9.146651599619663E-005 -1.313686764870399E-004  0.997933887701076     
 -6.940739530021257E-005  8.976396965815268E-006 -8.979411696101950E-005
 -4.325685239127915E-005 -6.940739530021257E-005  0.995932881192750     
  0.997873894678207       3.958932209703757E-005  3.958932209774698E-005
  4.510552809724902E-016 -1.281479167116526E-004  3.958932209703757E-005
  0.995953878986200      -1.024912012672477E-004  2.768022943076101E-005
  4.326951580215279E-005  3.958932209774698E-005 -1.024912012672477E-004
  0.995953878986196      -2.768022942509520E-005  4.326951580283441E-005
  4.510552809724902E-016  2.768022943076101E-005 -2.768022942509520E-005
  0.997909483220870      -5.191252281494902E-015 -1.281479167116526E-004
  4.326951580215279E-005  4.326951580283441E-005 -5.191252281494902E-015
  0.995919223174660       0.997873894817286       3.958887726837863E-005
  3.958887726908804E-005  4.302385994605795E-016 -1.281496221041710E-004
  3.958887726837863E-005  0.995953878750829      -1.024901760532013E-004
  2.767913201149219E-005  4.327028016354292E-005  3.958887726908804E-005
 -1.024901760532013E-004  0.995953878750825      -2.767913200582638E-005
  4.327028016422453E-005  4.302385994605795E-016  2.767913201149219E-005
 -2.767913200582638E-005  0.997909482654517      -5.191248892671645E-015
 -1.281496221041710E-004  4.327028016354292E-005  4.327028016422453E-005
 -5.191248892671645E-015  0.995919222243502       0.000000000000000E+000
  0.000000000000000E+000  0.000000000000000E+000  0.000000000000000E+000
  0.000000000000000E+000  0.000000000000000E+000  0.000000000000000E+000
  0.000000000000000E+000  0.000000000000000E+000  0.000000000000000E+000
  0.000000000000000E+000  0.000000000000000E+000  0.000000000000000E+000
  0.000000000000000E+000  0.000000000000000E+000  0.000000000000000E+000
  0.000000000000000E+000  0.000000000000000E+000  0.000000000000000E+000
  0.000000000000000E+000  0.000000000000000E+000  0.000000000000000E+000
  0.000000000000000E+000  0.000000000000000E+000  0.000000000000000E+000
  0.000000000000000E+000  0.000000000000000E+000  0.000000000000000E+000
  0.000000000000000E+000  0.000000000000000E+000  0.000000000000000E+000
  0.000000000000000E+000  0.000000000000000E+000  0.000000000000000E+000
  0.000000000000000E+000  0.000000000000000E+000  0.000000000000000E+000
  0.000000000000000E+000  0.000000000000000E+000  0.000000000000000E+000
  0.000000000000000E+000  0.000000000000000E+000  0.000000000000000E+000
  0.000000000000000E+000  0.000000000000000E+000  0.000000000000000E+000
  0.000000000000000E+000  0.000000000000000E+000  0.000000000000000E+000
  0.000000000000000E+000  0.000000000000000E+000  0.000000000000000E+000
  0.000000000000000E+000  0.000000000000000E+000  0.000000000000000E+000
  0.000000000000000E+000  0.000000000000000E+000  0.000000000000000E+000
  0.000000000000000E+000  0.000000000000000E+000  0.000000000000000E+000
  0.000000000000000E+000  0.000000000000000E+000  0.000000000000000E+000
  0.000000000000000E+000  0.000000000000000E+000  0.000000000000000E+000
  0.000000000000000E+000  0.000000000000000E+000  0.000000000000000E+000
  0.000000000000000E+000  0.000000000000000E+000  0.000000000000000E+000
  0.000000000000000E+000  0.000000000000000E+000  0.000000000000000E+000
  0.000000000000000E+000  0.000000000000000E+000  0.000000000000000E+000
  0.000000000000000E+000  0.000000000000000E+000  0.000000000000000E+000
  0.000000000000000E+000  0.000000000000000E+000  0.000000000000000E+000
  0.000000000000000E+000  0.000000000000000E+000  0.000000000000000E+000
  0.000000000000000E+000  0.000000000000000E+000  0.000000000000000E+000
  0.000000000000000E+000  0.000000000000000E+000  0.000000000000000E+000
  0.000000000000000E+000  0.000000000000000E+000  0.000000000000000E+000
  0.000000000000000E+000  0.000000000000000E+000  0.000000000000000E+000
  0.000000000000000E+000  0.000000000000000E+000  0.000000000000000E+000
  0.000000000000000E+000  0.000000000000000E+000  0.000000000000000E+000
  0.000000000000000E+000  0.000000000000000E+000  0.000000000000000E+000
  0.000000000000000E+000  0.000000000000000E+000  0.000000000000000E+000
  0.000000000000000E+000  0.000000000000000E+000  0.000000000000000E+000
  0.000000000000000E+000  0.000000000000000E+000  0.000000000000000E+000
  0.000000000000000E+000  0.000000000000000E+000  0.000000000000000E+000
  0.000000000000000E+000  0.000000000000000E+000  0.000000000000000E+000
  0.000000000000000E+000  0.000000000000000E+000  0.000000000000000E+000
  0.000000000000000E+000  0.000000000000000E+000  0.000000000000000E+000
  0.000000000000000E+000  0.000000000000000E+000  0.000000000000000E+000
  0.000000000000000E+000  0.000000000000000E+000  0.000000000000000E+000
  0.000000000000000E+000  0.000000000000000E+000  0.000000000000000E+000
  0.000000000000000E+000  0.000000000000000E+000  0.000000000000000E+000
  0.000000000000000E+000  0.000000000000000E+000  0.000000000000000E+000
  0.000000000000000E+000  0.000000000000000E+000  0.000000000000000E+000
  0.000000000000000E+000  0.000000000000000E+000  0.000000000000000E+000
  0.000000000000000E+000  0.000000000000000E+000  0.000000000000000E+000
  0.000000000000000E+000  0.000000000000000E+000  0.000000000000000E+000
  0.000000000000000E+000  0.000000000000000E+000  0.000000000000000E+000
  0.000000000000000E+000  0.000000000000000E+000  0.000000000000000E+000
  0.000000000000000E+000  0.000000000000000E+000  0.000000000000000E+000
  0.000000000000000E+000  0.000000000000000E+000  0.000000000000000E+000
  0.000000000000000E+000  0.000000000000000E+000  0.000000000000000E+000
  0.000000000000000E+000  0.000000000000000E+000  0.000000000000000E+000
  0.000000000000000E+000  0.000000000000000E+000  0.000000000000000E+000
  0.000000000000000E+000  0.000000000000000E+000  0.000000000000000E+000
  0.000000000000000E+000  0.000000000000000E+000  0.000000000000000E+000
  0.000000000000000E+000  0.000000000000000E+000  0.000000000000000E+000
  0.000000000000000E+000  0.000000000000000E+000  0.000000000000000E+000
  0.000000000000000E+000  0.000000000000000E+000  0.000000000000000E+000
  0.000000000000000E+000  0.000000000000000E+000  0.000000000000000E+000
  0.000000000000000E+000  0.000000000000000E+000  0.000000000000000E+000
  0.000000000000000E+000  0.993314465121808       8.923011498071890E-005
  8.923011498141745E-005  4.438711950871737E-016  1.784602299692666E-004
  8.923011498071890E-005  0.979825413272375      -4.315918129476782E-003
  1.545510927202608E-004  4.315918129476990E-003  8.923011498141745E-005
 -4.315918129476782E-003  0.979825413272371      -1.545510927147431E-004
  4.315918129477637E-003  4.438711950871737E-016  1.545510927202608E-004
 -1.545510927147431E-004  0.993314465121806      -5.099297500193104E-015
  1.784602299692666E-004  4.315918129476990E-003  4.315918129477637E-003
 -5.099297500193104E-015  0.979825413272371       0.993314453073379     
  8.923148381721496E-005  8.923148381791349E-005  4.577489845306985E-016
  1.784629676422587E-004  8.923148381721496E-005  0.979825417283792     
 -4.315837958527142E-003  1.545534636146192E-004  4.315837958527350E-003
  8.923148381791349E-005 -4.315837958527142E-003  0.979825417283788     
 -1.545534636091014E-004  4.315837958527999E-003  4.577489845306985E-016
  1.545534636146192E-004 -1.545534636091014E-004  0.993314453073376     
 -5.099300979553596E-015  1.784629676422587E-004  4.315837958527350E-003
  4.315837958527999E-003 -5.099300979553596E-015  0.979825417283788     
  0.998481728377733       2.220241814434484E-005 -3.585025194633972E-005
  7.937148775797411E-007 -2.302631507678439E-005  2.220241814434484E-005
  0.996326022329100      -2.338760986034110E-004 -3.940707050896530E-005
 -2.465117367610436E-004 -3.585025194633972E-005 -2.338760986034110E-004
  0.996639474657931       6.209445783346296E-005  2.338760986042951E-004
  7.937148775797411E-007 -3.940707050896530E-005  6.209445783346296E-005
  0.998480811874735       3.893139339205622E-005 -2.302631507678439E-005
 -2.465117367610436E-004  2.338760986042951E-004  3.893139339205622E-005
  0.996326022329096       0.998481726685991       2.220153211859531E-005
 -3.584967591694617E-005  7.935435262369041E-007 -2.302726090781618E-005
  2.220153211859531E-005  0.996326018983757      -2.338777567824054E-004
 -3.940765111336191E-005 -2.465108923575248E-004 -3.584967591694617E-005
 -2.338777567824054E-004  0.996639469386359       6.209346012128668E-005
  2.338777567832894E-004  7.935435262369041E-007 -3.940765111336191E-005
  6.209346012128668E-005  0.998480810380852       3.893091637344702E-005
 -2.302726090781618E-005 -2.465108923575248E-004  2.338777567832894E-004
  3.893091637344702E-005  0.996326018983753       0.998481728377733     
 -3.585025194705026E-005  2.220241814505506E-005 -7.937148766984380E-007
 -2.302631507678502E-005 -3.585025194705026E-005  0.996639474657935     
 -2.338760986034107E-004 -6.209445782779544E-005  2.338760986036139E-004
  2.220241814505506E-005 -2.338760986034107E-004  0.996326022329096     
  3.940707051463468E-005 -2.465117367603618E-004 -7.937148766984380E-007
 -6.209445782779544E-005  3.940707051463468E-005  0.998480811874735     
 -3.893139340244419E-005 -2.302631507678502E-005  2.338760986036139E-004
 -2.465117367603618E-004 -3.893139340244419E-005  0.996326022329096     
  0.998481726685991      -3.584967591765671E-005  2.220153211930552E-005
 -7.935435253764178E-007 -2.302726090781680E-005 -3.584967591765671E-005
  0.996639469386363      -2.338777567824050E-004 -6.209346011561917E-005
  2.338777567826082E-004  2.220153211930552E-005 -2.338777567824050E-004
  0.996326018983753       3.940765111903129E-005 -2.465108923568431E-004
 -7.935435253764178E-007 -6.209346011561917E-005  3.940765111903129E-005
  0.998480810380853      -3.893091638383499E-005 -2.302726090781680E-005
  2.338777567826082E-004 -2.465108923568431E-004 -3.893091638383499E-005
  0.996326018983753       0.998480353623239      -4.522873322914462E-005
 -4.522873322843493E-005  4.301648794755053E-016 -7.170050388608597E-005
 -4.522873322914462E-005  0.996326022329100       2.465117367612467E-004
 -4.756771117155392E-007  2.338760986036135E-004 -4.522873322843493E-005
  2.465117367612467E-004  0.996326022329096       4.756771173839933E-007
  2.338760986042958E-004  4.301648794755053E-016 -4.756771117155392E-007
  4.756771173839933E-007  0.998482186629229      -5.193761217624813E-015
 -7.170050388608597E-005  2.338760986036135E-004  2.338760986042958E-004
 -5.193761217624813E-015  0.996639474657931       0.998480352228286     
 -4.522879303442687E-005 -4.522879303371717E-005  4.440426682652388E-016
 -7.169935182729888E-005 -4.522879303442687E-005  0.996326018983757     
  2.465108923577280E-004 -4.767347347213566E-007  2.338777567826078E-004
 -4.522879303371717E-005  2.465108923577280E-004  0.996326018983753     
  4.767347403898099E-007  2.338777567832901E-004  4.440426682652388E-016
 -4.767347347213566E-007  4.767347403898099E-007  0.998482184838557     
 -5.193759521460314E-015 -7.169935182729888E-005  2.338777567826078E-004
  2.338777567832901E-004 -5.193759521460314E-015  0.996639469386359     
  0.000000000000000E+000  0.000000000000000E+000  0.000000000000000E+000
  0.000000000000000E+000  0.000000000000000E+000  0.000000000000000E+000
  0.000000000000000E+000  0.000000000000000E+000  0.000000000000000E+000
  0.000000000000000E+000  0.000000000000000E+000  0.000000000000000E+000
  0.000000000000000E+000  0.000000000000000E+000  0.000000000000000E+000
  0.000000000000000E+000  0.000000000000000E+000  0.000000000000000E+000
  0.000000000000000E+000  0.000000000000000E+000  0.000000000000000E+000
  0.000000000000000E+000  0.000000000000000E+000  0.000000000000000E+000
  0.000000000000000E+000  0.000000000000000E+000  0.000000000000000E+000
  0.000000000000000E+000  0.000000000000000E+000  0.000000000000000E+000
  0.000000000000000E+000  0.000000000000000E+000  0.000000000000000E+000
  0.000000000000000E+000  0.000000000000000E+000  0.000000000000000E+000
  0.000000000000000E+000  0.000000000000000E+000  0.000000000000000E+000
  0.000000000000000E+000  0.000000000000000E+000  0.000000000000000E+000
  0.000000000000000E+000  0.000000000000000E+000  0.000000000000000E+000
  0.000000000000000E+000  0.000000000000000E+000  0.000000000000000E+000
  0.000000000000000E+000  0.000000000000000E+000  0.000000000000000E+000
  0.000000000000000E+000  0.000000000000000E+000  0.000000000000000E+000
  0.000000000000000E+000  0.000000000000000E+000  0.000000000000000E+000
  0.000000000000000E+000  0.000000000000000E+000  0.000000000000000E+000
  0.000000000000000E+000  0.000000000000000E+000  0.000000000000000E+000
  0.000000000000000E+000  0.000000000000000E+000  0.000000000000000E+000
  0.000000000000000E+000  0.000000000000000E+000  0.000000000000000E+000
  0.000000000000000E+000  0.000000000000000E+000  0.000000000000000E+000
  0.000000000000000E+000  0.000000000000000E+000  0.000000000000000E+000
  0.000000000000000E+000  0.000000000000000E+000  0.000000000000000E+000
  0.000000000000000E+000  0.000000000000000E+000  0.000000000000000E+000
  0.000000000000000E+000  0.000000000000000E+000  0.000000000000000E+000
  0.000000000000000E+000  0.000000000000000E+000  0.000000000000000E+000
  0.000000000000000E+000  0.000000000000000E+000  0.000000000000000E+000
  0.000000000000000E+000  0.000000000000000E+000  0.000000000000000E+000
  0.000000000000000E+000  0.000000000000000E+000  0.000000000000000E+000
  0.000000000000000E+000  0.000000000000000E+000  0.000000000000000E+000
  0.000000000000000E+000  0.000000000000000E+000  0.000000000000000E+000
  0.000000000000000E+000  0.000000000000000E+000  0.000000000000000E+000
  0.000000000000000E+000  0.000000000000000E+000  0.000000000000000E+000
  0.000000000000000E+000  0.000000000000000E+000  0.000000000000000E+000
  0.000000000000000E+000  0.000000000000000E+000  0.000000000000000E+000
  0.000000000000000E+000  0.000000000000000E+000  0.000000000000000E+000
  0.000000000000000E+000  0.000000000000000E+000  0.000000000000000E+000
  0.000000000000000E+000  0.000000000000000E+000  0.000000000000000E+000
  0.000000000000000E+000  0.000000000000000E+000  0.000000000000000E+000
  0.000000000000000E+000  0.000000000000000E+000  0.000000000000000E+000
  0.000000000000000E+000  0.000000000000000E+000  0.000000000000000E+000
  0.000000000000000E+000  0.000000000000000E+000  0.000000000000000E+000
  0.000000000000000E+000  0.000000000000000E+000  0.000000000000000E+000
  0.000000000000000E+000  0.000000000000000E+000  0.000000000000000E+000
  0.000000000000000E+000  0.000000000000000E+000  0.000000000000000E+000
  0.000000000000000E+000  0.000000000000000E+000  0.000000000000000E+000
  0.000000000000000E+000  0.000000000000000E+000  0.000000000000000E+000
