  0.997920240107467      -1.027921043379693E-005 -1.027921043308721E-005
  4.440906994119572E-016 -2.055842085958242E-005 -1.027921043379693E-005
  0.995915868702110      -1.340679191408879E-005 -1.780411472439130E-005
  1.340679191429157E-005 -1.027921043308721E-005 -1.340679191408879E-005
  0.995915868702106       1.780411473005759E-005  1.340679191497330E-005
  4.440906994119572E-016 -1.780411472439130E-005  1.780411473005759E-005
  0.997920240107465      -5.191491025573507E-015 -2.055842085958242E-005
  1.340679191429157E-005  1.340679191497330E-005 -5.191491025573507E-015
  0.995915868702106       0.997920238301614      -1.027931634466305E-005
 -1.027931634395333E-005  4.302129116616661E-016 -2.055863268131466E-005
 -1.027931634466305E-005  0.995915865047852      -1.340576595715438E-005
 -1.780429816739249E-005  1.340576595735715E-005 -1.027931634395333E-005
 -1.340576595715438E-005  0.995915865047848       1.780429817305878E-005
  1.340576595803889E-005  4.302129116616661E-016 -1.780429816739249E-005
  1.780429817305878E-005  0.997920238301612      -5.191490814887845E-015
 -2.055863268131466E-005  1.340576595735715E-005  1.340576595803889E-005
 -5.191490814887845E-015  0.995915865047848       0.997923399551219     
 -4.612639571941993E-006 -7.135102180839152E-006  4.065657142185421E-006
  2.419495334556456E-006 -4.612639571941993E-006  0.995906430853466     
 -8.812623493792406E-006  5.456901263340171E-006  4.717782701592893E-006
 -7.135102180839152E-006 -8.812623493792406E-006  0.995932739237360     
  1.235835949266737E-005  8.812623494676942E-006  4.065657142185421E-006
  5.456901263340171E-006  1.235835949266737E-005  0.997918704934726     
 -6.723113680346135E-006  2.419495334556456E-006  4.717782701592893E-006
  8.812623494676942E-006 -6.723113680346135E-006  0.995906430853462     
  0.997923401368226      -4.612781183523419E-006 -7.132565802583109E-006
  4.066245017850236E-006  2.418490411410123E-006 -4.612781183523419E-006
  0.995906433900176      -8.812412166797630E-006  5.455822637526727E-006
  4.716509875220503E-006 -7.132565802583109E-006 -8.812412166797630E-006
  0.995932742674665       1.235396635666069E-005  8.812412167682168E-006
  4.066245017850236E-006  5.455822637526727E-006  1.235396635666069E-005
  0.997918706072914      -6.722697006666398E-006  2.418490411410123E-006
  4.716509875220503E-006  8.812412167682168E-006 -6.722697006666398E-006
  0.995906433900172       0.997923399551219      -7.135102181548907E-006
 -4.612639571232285E-006 -4.065657141318069E-006  2.419495334556464E-006
 -7.135102181548907E-006  0.995932739237364      -8.812623493792446E-006
 -1.235835948700096E-005  8.812623493995204E-006 -4.612639571232285E-006
 -8.812623493792446E-006  0.995906430853462      -5.456901257673788E-006
  4.717782702274719E-006 -4.065657141318069E-006 -1.235835948700096E-005
 -5.456901257673788E-006  0.997918704934726       6.723113669963192E-006
  2.419495334556464E-006  8.812623493995204E-006  4.717782702274719E-006
  6.723113669963192E-006  0.995906430853462       0.997923401368226     
 -7.132565803292862E-006 -4.612781182813710E-006 -4.066245016962067E-006
  2.418490411410131E-006 -7.132565803292862E-006  0.995932742674669     
 -8.812412166797674E-006 -1.235396635099428E-005  8.812412167000430E-006
 -4.612781182813710E-006 -8.812412166797674E-006  0.995906433900172     
 -5.455822631860343E-006  4.716509875902328E-006 -4.066245016962067E-006
 -1.235396635099428E-005 -5.455822631860343E-006  0.997918706072913     
  6.722696996283454E-006  2.418490411410131E-006  8.812412167000430E-006
  4.716509875902328E-006  6.722696996283454E-006  0.995906433900172     
  0.997916357626483       7.032134898487064E-006  7.032134899196694E-006
  4.371584940791705E-016 -1.427020435508617E-005  7.032134898487064E-006
  0.995906430853466      -4.717782701390166E-006 -1.266212411814529E-006
  8.812623493995148E-006  7.032134899196694E-006 -4.717782701390166E-006
  0.995906430853462       1.266212417480857E-006  8.812623494677011E-006
  4.371584940791705E-016 -1.266212411814529E-006  1.266212417480857E-006
  0.997925746859462      -5.191567618510802E-015 -1.427020435508617E-005
  8.812623493995148E-006  8.812623494677011E-006 -5.191567618510802E-015
  0.995932739237360       0.997916358425260       7.031271586922158E-006
  7.031271587631786E-006  4.232807056303458E-016 -1.426513159857408E-005
  7.031271586922158E-006  0.995906433900176      -4.716509875017776E-006
 -1.266874363948236E-006  8.812412167000374E-006  7.031271587631786E-006
 -4.716509875017776E-006  0.995906433900172       1.266874369614564E-006
  8.812412167682237E-006  4.232807056303458E-016 -1.266874363948236E-006
  1.266874369614564E-006  0.997925749015880      -5.191567301232548E-015
 -1.426513159857408E-005  8.812412167000374E-006  8.812412167682237E-006
 -5.191567301232548E-015  0.995932742674665       0.000000000000000E+000
  0.000000000000000E+000  0.000000000000000E+000  0.000000000000000E+000
  0.000000000000000E+000  0.000000000000000E+000  0.000000000000000E+000
  0.000000000000000E+000  0.000000000000000E+000  0.000000000000000E+000
  0.000000000000000E+000  0.000000000000000E+000  0.000000000000000E+000
  0.000000000000000E+000  0.000000000000000E+000  0.000000000000000E+000
  0.000000000000000E+000  0.000000000000000E+000  0.000000000000000E+000
  0.000000000000000E+000  0.000000000000000E+000  0.000000000000000E+000
  0.000000000000000E+000  0.000000000000000E+000  0.000000000000000E+000
  0.000000000000000E+000  0.000000000000000E+000  0.000000000000000E+000
  0.000000000000000E+000  0.000000000000000E+000  0.000000000000000E+000
  0.000000000000000E+000  0.000000000000000E+000  0.000000000000000E+000
  0.000000000000000E+000  0.000000000000000E+000  0.000000000000000E+000
  0.000000000000000E+000  0.000000000000000E+000  0.000000000000000E+000
  0.000000000000000E+000  0.000000000000000E+000  0.000000000000000E+000
  0.000000000000000E+000  0.000000000000000E+000  0.000000000000000E+000
  0.000000000000000E+000  0.000000000000000E+000  0.000000000000000E+000
  0.000000000000000E+000  0.000000000000000E+000  0.000000000000000E+000
  0.000000000000000E+000  0.000000000000000E+000  0.000000000000000E+000
  0.000000000000000E+000  0.000000000000000E+000  0.000000000000000E+000
  0.000000000000000E+000  0.000000000000000E+000  0.000000000000000E+000
  0.000000000000000E+000  0.000000000000000E+000  0.000000000000000E+000
  0.000000000000000E+000  0.000000000000000E+000  0.000000000000000E+000
  0.000000000000000E+000  0.000000000000000E+000  0.000000000000000E+000
  0.000000000000000E+000  0.000000000000000E+000  0.000000000000000E+000
  0.000000000000000E+000  0.000000000000000E+000  0.000000000000000E+000
  0.000000000000000E+000  0.000000000000000E+000  0.000000000000000E+000
  0.000000000000000E+000  0.000000000000000E+000  0.000000000000000E+000
  0.000000000000000E+000  0.000000000000000E+000  0.000000000000000E+000
  0.000000000000000E+000  0.000000000000000E+000  0.000000000000000E+000
  0.000000000000000E+000  0.000000000000000E+000  0.000000000000000E+000
  0.000000000000000E+000  0.000000000000000E+000  0.000000000000000E+000
  0.000000000000000E+000  0.000000000000000E+000  0.000000000000000E+000
  0.000000000000000E+000  0.000000000000000E+000  0.000000000000000E+000
  0.000000000000000E+000  0.000000000000000E+000  0.000000000000000E+000
  0.000000000000000E+000  0.000000000000000E+000  0.000000000000000E+000
  0.000000000000000E+000  0.000000000000000E+000  0.000000000000000E+000
  0.000000000000000E+000  0.000000000000000E+000  0.000000000000000E+000
  0.000000000000000E+000  0.000000000000000E+000  0.000000000000000E+000
  0.000000000000000E+000  0.000000000000000E+000  0.000000000000000E+000
  0.000000000000000E+000  0.000000000000000E+000  0.000000000000000E+000
  0.000000000000000E+000  0.000000000000000E+000  0.000000000000000E+000
  0.000000000000000E+000  0.000000000000000E+000  0.000000000000000E+000
  0.000000000000000E+000  0.000000000000000E+000  0.000000000000000E+000
  0.000000000000000E+000  0.000000000000000E+000  0.000000000000000E+000
  0.000000000000000E+000  0.000000000000000E+000  0.000000000000000E+000
  0.000000000000000E+000  0.000000000000000E+000  0.000000000000000E+000
  0.000000000000000E+000  0.000000000000000E+000  0.000000000000000E+000
  0.000000000000000E+000  0.000000000000000E+000  0.000000000000000E+000
  0.000000000000000E+000  0.000000000000000E+000  0.000000000000000E+000
  0.000000000000000E+000  0.000000000000000E+000  0.000000000000000E+000
  0.000000000000000E+000  0.000000000000000E+000  0.000000000000000E+000
  0.000000000000000E+000  0.000000000000000E+000  0.000000000000000E+000
  0.000000000000000E+000  0.000000000000000E+000  0.000000000000000E+000
  0.000000000000000E+000  0.000000000000000E+000  0.000000000000000E+000
  0.000000000000000E+000  0.000000000000000E+000  0.000000000000000E+000
  0.000000000000000E+000  0.000000000000000E+000  0.000000000000000E+000
  0.000000000000000E+000  0.000000000000000E+000  0.000000000000000E+000
  0.000000000000000E+000  0.000000000000000E+000  0.000000000000000E+000
  0.000000000000000E+000  0.000000000000000E+000  0.000000000000000E+000
  0.000000000000000E+000  0.000000000000000E+000  0.000000000000000E+000
  0.000000000000000E+000  0.000000000000000E+000  0.000000000000000E+000
  0.000000000000000E+000  0.000000000000000E+000  0.000000000000000E+000
  0.000000000000000E+000  0.000000000000000E+000  0.000000000000000E+000
  0.000000000000000E+000  0.000000000000000E+000  0.000000000000000E+000
  0.000000000000000E+000  0.000000000000000E+000  0.000000000000000E+000
  0.000000000000000E+000  0.000000000000000E+000  0.000000000000000E+000
  0.000000000000000E+000  0.997891048051072      -1.470396310943001E-004
 -1.470396310935898E-004  4.369672308856366E-016  6.419271354500856E-005
 -1.470396310943001E-004  0.995718458734414      -2.016067238541377E-004
 -2.040565472195246E-005  4.743833733478498E-005 -1.470396310935898E-004
 -2.016067238541377E-004  0.995718458734410       2.040565472761628E-005
  4.743833733546668E-005  4.369672308856366E-016 -2.040565472195246E-005
  2.040565472761628E-005  0.997937598254580      -5.191596552000185E-015
  6.419271354500856E-005  4.743833733478498E-005  4.743833733546668E-005
 -5.191596552000185E-015  0.995987171557293       0.997891048259364     
 -1.470388258797199E-004 -1.470388258790095E-004  4.161505490767748E-016
  6.419289472570566E-005 -1.470388258797199E-004  0.995718459489305     
 -2.016073088709021E-004 -2.040436222619782E-005  4.743727107535170E-005
 -1.470388258790095E-004 -2.016073088709021E-004  0.995718459489301     
  2.040436223186165E-005  4.743727107603342E-005  4.161505490767748E-016
 -2.040436222619782E-005  2.040436223186165E-005  0.997937599772079     
 -5.191596553097730E-015  6.419289472570566E-005  4.743727107535170E-005
  4.743727107603342E-005 -5.191596553097730E-015  0.995987173115707     
  0.997881956130214       1.081889271087659E-004 -1.254948693822378E-004
  1.250183732301602E-006 -3.852478697456364E-005  1.081889271087659E-004
  0.995719120676067       1.909375152565776E-004  5.869879344220400E-006
  4.655733656835878E-005 -1.254948693822378E-004  1.909375152565776E-004
  0.995748343402878       1.528592870086795E-005 -2.243393728858620E-005
  1.250183732301602E-006  5.869879344220400E-006  1.528592870086795E-005
  0.997955828413083       8.303911112723779E-006 -3.852478697456364E-005
  4.655733656835878E-005 -2.243393728858620E-005  8.303911112723779E-006
  0.996020622352293       0.997881956715416       1.081893600265774E-004
 -1.254956456292048E-004  1.250302525436653E-006 -3.852500959923866E-005
  1.081893600265774E-004  0.995719122089391       1.909380180464993E-004
  5.870558957409511E-006  4.655677989411854E-005 -1.254956456292048E-004
  1.909380180464993E-004  0.995748343910259       1.528665883863542E-005
 -2.243329275221136E-005  1.250302525436653E-006  5.870558957409511E-006
  1.528665883863542E-005  0.997955829798909       8.303849098853076E-006
 -3.852500959923866E-005  4.655677989411854E-005 -2.243329275221136E-005
  8.303849098853076E-006  0.996020624706193       0.997881956130214     
 -1.254948693829471E-004  1.081889271094751E-004 -1.250183731420379E-006
 -3.852478697456388E-005 -1.254948693829471E-004  0.995748343402882     
  1.909375152565776E-004 -1.528592869520121E-005 -2.243393728926868E-005
  1.081889271094751E-004  1.909375152565776E-004  0.995719120676063     
 -5.869879338554299E-006  4.655733656904138E-005 -1.250183731420379E-006
 -1.528592869520121E-005 -5.869879338554299E-006  0.997955828413083     
 -8.303911123107640E-006 -3.852478697456388E-005 -2.243393728926868E-005
  4.655733656904138E-005 -8.303911123107640E-006  0.996020622352293     
  0.997881956715416      -1.254956456299141E-004  1.081893600272866E-004
 -1.250302524583186E-006 -3.852500959923890E-005 -1.254956456299141E-004
  0.995748343910263       1.909380180464993E-004 -1.528665883296868E-005
 -2.243329275289385E-005  1.081893600272866E-004  1.909380180464993E-004
  0.995719122089387      -5.870558951743415E-006  4.655677989480115E-005
 -1.250302524583186E-006 -1.528665883296868E-005 -5.870558951743415E-006
  0.997955829798909      -8.303849109236934E-006 -3.852500959923890E-005
 -2.243329275289385E-005  4.655677989480115E-005 -8.303849109236934E-006
  0.996020624706193       0.997946510292872      -3.064139000323579E-005
 -3.064139000252604E-005  4.510453306434742E-016 -3.482010490336747E-005
 -3.064139000323579E-005  0.995819522267720      -8.965251788112254E-005
 -4.895572696458545E-005  8.614046702302247E-005 -3.064139000252604E-005
 -8.965251788112254E-005  0.995819522267716       4.895572697025019E-005
  8.614046702370394E-005  4.510453306434742E-016 -4.895572696458545E-005
  4.895572697025019E-005  0.997920771777030      -5.191319182871616E-015
 -3.482010490336747E-005  8.614046702302247E-005  8.614046702370394E-005
 -5.191319182871616E-015  0.995966668958983       0.997946506195966     
 -3.064142506628444E-005 -3.064142506557469E-005  4.163508607122376E-016
 -3.482016485273818E-005 -3.064142506628444E-005  0.995819515207649     
 -8.965181360411371E-005 -4.895517445307073E-005  8.614121450815121E-005
 -3.064142506557469E-005 -8.965181360411371E-005  0.995819515207645     
  4.895517445873547E-005  8.614121450883268E-005  4.163508607122376E-016
 -4.895517445307073E-005  4.895517445873547E-005  0.997920767792584     
 -5.191318545963273E-015 -3.482016485273818E-005  8.614121450815121E-005
  8.614121450883268E-005 -5.191318545963273E-015  0.995966662435570     
  0.000000000000000E+000  0.000000000000000E+000  0.000000000000000E+000
  0.000000000000000E+000  0.000000000000000E+000  0.000000000000000E+000
  0.000000000000000E+000  0.000000000000000E+000  0.000000000000000E+000
  0.000000000000000E+000  0.000000000000000E+000  0.000000000000000E+000
  0.000000000000000E+000  0.000000000000000E+000  0.000000000000000E+000
  0.000000000000000E+000  0.000000000000000E+000  0.000000000000000E+000
  0.000000000000000E+000  0.000000000000000E+000  0.000000000000000E+000
  0.000000000000000E+000  0.000000000000000E+000  0.000000000000000E+000
  0.000000000000000E+000  0.000000000000000E+000  0.000000000000000E+000
  0.000000000000000E+000  0.000000000000000E+000  0.000000000000000E+000
  0.000000000000000E+000  0.000000000000000E+000  0.000000000000000E+000
  0.000000000000000E+000  0.000000000000000E+000  0.000000000000000E+000
  0.000000000000000E+000  0.000000000000000E+000  0.000000000000000E+000
  0.000000000000000E+000  0.000000000000000E+000  0.000000000000000E+000
  0.000000000000000E+000  0.000000000000000E+000  0.000000000000000E+000
  0.000000000000000E+000  0.000000000000000E+000  0.000000000000000E+000
  0.000000000000000E+000  0.000000000000000E+000  0.000000000000000E+000
  0.000000000000000E+000  0.000000000000000E+000  0.000000000000000E+000
  0.000000000000000E+000  0.000000000000000E+000  0.000000000000000E+000
  0.000000000000000E+000  0.000000000000000E+000  0.000000000000000E+000
  0.000000000000000E+000  0.000000000000000E+000  0.000000000000000E+000
  0.000000000000000E+000  0.000000000000000E+000  0.000000000000000E+000
  0.000000000000000E+000  0.000000000000000E+000  0.000000000000000E+000
  0.000000000000000E+000  0.000000000000000E+000  0.000000000000000E+000
  0.000000000000000E+000  0.000000000000000E+000  0.000000000000000E+000
  0.000000000000000E+000  0.000000000000000E+000  0.000000000000000E+000
  0.000000000000000E+000  0.000000000000000E+000  0.000000000000000E+000
  0.000000000000000E+000  0.000000000000000E+000  0.000000000000000E+000
  0.000000000000000E+000  0.000000000000000E+000  0.000000000000000E+000
  0.000000000000000E+000  0.000000000000000E+000  0.000000000000000E+000
  0.000000000000000E+000  0.000000000000000E+000  0.000000000000000E+000
  0.000000000000000E+000  0.000000000000000E+000  0.000000000000000E+000
  0.000000000000000E+000  0.000000000000000E+000  0.000000000000000E+000
  0.000000000000000E+000  0.000000000000000E+000  0.000000000000000E+000
  0.000000000000000E+000  0.000000000000000E+000  0.000000000000000E+000
  0.000000000000000E+000  0.000000000000000E+000  0.000000000000000E+000
  0.000000000000000E+000  0.000000000000000E+000  0.000000000000000E+000
  0.000000000000000E+000  0.000000000000000E+000  0.000000000000000E+000
  0.000000000000000E+000  0.000000000000000E+000  0.000000000000000E+000
  0.000000000000000E+000  0.000000000000000E+000  0.000000000000000E+000
  0.000000000000000E+000  0.000000000000000E+000  0.000000000000000E+000
  0.000000000000000E+000  0.000000000000000E+000  0.000000000000000E+000
  0.000000000000000E+000  0.000000000000000E+000  0.000000000000000E+000
  0.000000000000000E+000  0.000000000000000E+000  0.000000000000000E+000
  0.000000000000000E+000  0.000000000000000E+000  0.000000000000000E+000
  0.000000000000000E+000  0.000000000000000E+000  0.000000000000000E+000
  0.000000000000000E+000  0.000000000000000E+000  0.000000000000000E+000
  0.000000000000000E+000  0.000000000000000E+000  0.000000000000000E+000
  0.000000000000000E+000  0.000000000000000E+000  0.000000000000000E+000
  0.000000000000000E+000  0.000000000000000E+000  0.000000000000000E+000
  0.000000000000000E+000  0.000000000000000E+000  0.000000000000000E+000
  0.000000000000000E+000  0.000000000000000E+000  0.000000000000000E+000
  0.000000000000000E+000  0.000000000000000E+000  0.000000000000000E+000
  0.000000000000000E+000  0.000000000000000E+000  0.000000000000000E+000
  0.000000000000000E+000  0.000000000000000E+000  0.000000000000000E+000
  0.000000000000000E+000  0.000000000000000E+000  0.000000000000000E+000
  0.000000000000000E+000  0.000000000000000E+000  0.000000000000000E+000
  0.000000000000000E+000  0.000000000000000E+000  0.000000000000000E+000
  0.000000000000000E+000  0.000000000000000E+000  0.000000000000000E+000
  0.000000000000000E+000  0.000000000000000E+000  0.000000000000000E+000
  0.000000000000000E+000  0.000000000000000E+000  0.000000000000000E+000
  0.000000000000000E+000  0.000000000000000E+000  0.000000000000000E+000
  0.000000000000000E+000  0.000000000000000E+000  0.000000000000000E+000
  0.000000000000000E+000  0.000000000000000E+000  0.000000000000000E+000
  0.000000000000000E+000  0.000000000000000E+000  0.000000000000000E+000
  0.000000000000000E+000  0.000000000000000E+000  0.000000000000000E+000
  0.000000000000000E+000  0.000000000000000E+000  0.997925960703704     
  3.209635676849875E-005  5.584800017031721E-005 -2.015682939481012E-005
 -9.119163091668336E-005  3.209635676849875E-005  0.995987171557297     
 -4.743833733458270E-005  5.559252066953423E-005  4.743833733478544E-005
  5.584800017031721E-005 -4.743833733458270E-005  0.995718458734410     
  1.375428832530784E-004  2.016067238550217E-004 -2.015682939481012E-005
  5.559252066953423E-005  1.375428832530784E-004  0.997902685601947     
 -1.171372285306525E-004 -9.119163091668336E-005  4.743833733478544E-005
  2.016067238550217E-004 -1.171372285306525E-004  0.995718458734410     
  0.997925961893901       3.209644735884729E-005  5.584871689718487E-005
 -2.015739629843139E-005 -9.119010897523544E-005  3.209644735884729E-005
  0.995987173115711      -4.743727107514944E-005  5.559267757662058E-005
  4.743727107535217E-005  5.584871689718487E-005 -4.743727107514944E-005
  0.995718459489301       1.375415396689191E-004  2.016073088717861E-004
 -2.015739629843139E-005  5.559267757662058E-005  1.375415396689191E-004
  0.997902686137541      -1.171371774422478E-004 -9.119010897523544E-005
  4.743727107535217E-005  2.016073088717861E-004 -1.171371774422478E-004
  0.995718459489301       0.997938443033239      -1.207099551240503E-005
  4.950943211422148E-005 -3.136254493470157E-005  5.917792818415886E-005
 -1.207099551240503E-005  0.996020622352297       2.243393728947107E-005
 -3.751539975261474E-005  4.655733656835924E-005  4.950943211422148E-005
  2.243393728947107E-005  0.995748343402878       1.163247092791911E-004
 -1.909375152556929E-004 -3.136254493470157E-005 -3.751539975261474E-005
  1.163247092791911E-004  0.997899341510059       9.075941961139080E-005
  5.917792818415886E-005  4.655733656835924E-005 -1.909375152556929E-004
  9.075941961139080E-005  0.995719120676063       0.997938444321786     
 -1.207116053032996E-005  4.950918791985007E-005 -3.136283221864820E-005
  5.917873320535115E-005 -1.207116053032996E-005  0.996020624706197     
  2.243329275309623E-005 -3.751556154430347E-005  4.655677989411900E-005
  4.950918791985007E-005  2.243329275309623E-005  0.995748343910259     
  1.163257465976678E-004 -1.909380180456147E-004 -3.136283221864820E-005
 -3.751556154430347E-005  1.163257465976678E-004  0.997899342192539     
  9.075945472261880E-005  5.917873320535115E-005  4.655677989411900E-005
 -1.909380180456147E-004  9.075945472261880E-005  0.995719122089387     
  0.997927206405992      -1.741005245568921E-005 -2.707620821721674E-005
  1.114510428665977E-005 -5.771759821315239E-005 -1.741005245568921E-005
  0.995966668958987      -8.614046702281978E-005 -3.015509540705634E-005
  8.614046702302264E-005 -2.707620821721674E-005 -8.614046702281978E-005
  0.995819522267716       5.101408563370850E-005  8.965251788200670E-005
  1.114510428665977E-005 -3.015509540705634E-005  5.101408563370850E-005
  0.997940075663910      -2.058358668649074E-006 -5.771759821315239E-005
  8.614046702302264E-005  8.965251788200670E-005 -2.058358668649074E-006
  0.995819522267716       0.997927202393431      -1.741008243037457E-005
 -2.707571219668478E-005  1.114505559046686E-005 -5.771713725566908E-005
 -1.741008243037457E-005  0.995966662435574      -8.614121450794851E-005
 -3.015514732473432E-005  8.614121450815140E-005 -2.707571219668478E-005
 -8.614121450794851E-005  0.995819515207645       5.101383974344200E-005
  8.965181360499787E-005  1.114505559046686E-005 -3.015514732473432E-005
  5.101383974344200E-005  0.997940071595119      -2.058665289897297E-006
 -5.771713725566908E-005  8.614121450815140E-005  8.965181360499787E-005
 -2.058665289897297E-006  0.995819515207645       0.997936277651496     
 -2.645379147017106E-005 -4.901099893190835E-005 -3.261272866655204E-005
 -7.598543726142364E-005 -2.645379147017106E-005  0.996020622352297     
 -4.655733656815661E-005 -2.921148863469903E-005 -2.243393728926832E-005
 -4.901099893190835E-005 -4.655733656815661E-005  0.995719120676063     
 -9.662929895513616E-005 -1.909375152556926E-004 -3.261272866655204E-005
 -2.921148863469903E-005 -9.662929895513616E-005  0.997901506891801     
 -1.010387805835142E-004 -7.598543726142364E-005 -2.243393728926832E-005
 -1.909375152556926E-004 -1.010387805835142E-004  0.995748343402878     
  0.997936278734288      -2.645384907692116E-005 -4.901062682852760E-005
 -3.261313474364066E-005 -7.598645770276200E-005 -2.645384907692116E-005
  0.996020624706197      -4.655677989391638E-005 -2.921171244025846E-005
 -2.243329275289349E-005 -4.901062682852760E-005 -4.655677989391638E-005
  0.995719122089387      -9.663001367955329E-005 -1.909380180456143E-004
 -3.261313474364066E-005 -2.921171244025846E-005 -9.663001367955329E-005
  0.997901507780037      -1.010390877642235E-004 -7.598645770276200E-005
 -2.243329275289349E-005 -1.909380180456143E-004 -1.010390877642235E-004
  0.995748343910259       0.000000000000000E+000  0.000000000000000E+000
  0.000000000000000E+000  0.000000000000000E+000  0.000000000000000E+000
  0.000000000000000E+000  0.000000000000000E+000  0.000000000000000E+000
  0.000000000000000E+000  0.000000000000000E+000  0.000000000000000E+000
  0.000000000000000E+000  0.000000000000000E+000  0.000000000000000E+000
  0.000000000000000E+000  0.000000000000000E+000  0.000000000000000E+000
  0.000000000000000E+000  0.000000000000000E+000  0.000000000000000E+000
  0.000000000000000E+000  0.000000000000000E+000  0.000000000000000E+000
  0.000000000000000E+000  0.000000000000000E+000  0.000000000000000E+000
  0.000000000000000E+000  0.000000000000000E+000  0.000000000000000E+000
  0.000000000000000E+000  0.000000000000000E+000  0.000000000000000E+000
  0.000000000000000E+000  0.000000000000000E+000  0.000000000000000E+000
  0.000000000000000E+000  0.000000000000000E+000  0.000000000000000E+000
  0.000000000000000E+000  0.000000000000000E+000  0.000000000000000E+000
  0.000000000000000E+000  0.000000000000000E+000  0.000000000000000E+000
  0.000000000000000E+000  0.000000000000000E+000  0.000000000000000E+000
  0.000000000000000E+000  0.000000000000000E+000  0.000000000000000E+000
  0.000000000000000E+000  0.000000000000000E+000  0.000000000000000E+000
  0.000000000000000E+000  0.000000000000000E+000  0.000000000000000E+000
  0.000000000000000E+000  0.000000000000000E+000  0.000000000000000E+000
  0.000000000000000E+000  0.000000000000000E+000  0.000000000000000E+000
  0.000000000000000E+000  0.000000000000000E+000  0.000000000000000E+000
  0.000000000000000E+000  0.000000000000000E+000  0.000000000000000E+000
  0.000000000000000E+000  0.000000000000000E+000  0.000000000000000E+000
  0.000000000000000E+000  0.000000000000000E+000  0.000000000000000E+000
  0.000000000000000E+000  0.000000000000000E+000  0.000000000000000E+000
  0.000000000000000E+000  0.000000000000000E+000  0.000000000000000E+000
  0.000000000000000E+000  0.000000000000000E+000  0.000000000000000E+000
  0.000000000000000E+000  0.000000000000000E+000  0.000000000000000E+000
  0.000000000000000E+000  0.000000000000000E+000  0.000000000000000E+000
  0.000000000000000E+000  0.000000000000000E+000  0.000000000000000E+000
  0.000000000000000E+000  0.000000000000000E+000  0.000000000000000E+000
  0.000000000000000E+000  0.000000000000000E+000  0.000000000000000E+000
  0.000000000000000E+000  0.000000000000000E+000  0.000000000000000E+000
  0.000000000000000E+000  0.000000000000000E+000  0.000000000000000E+000
  0.000000000000000E+000  0.000000000000000E+000  0.000000000000000E+000
  0.000000000000000E+000  0.000000000000000E+000  0.000000000000000E+000
  0.000000000000000E+000  0.000000000000000E+000  0.000000000000000E+000
  0.000000000000000E+000  0.000000000000000E+000  0.000000000000000E+000
  0.000000000000000E+000  0.000000000000000E+000  0.000000000000000E+000
  0.000000000000000E+000  0.000000000000000E+000  0.000000000000000E+000
  0.000000000000000E+000  0.000000000000000E+000  0.000000000000000E+000
  0.000000000000000E+000  0.000000000000000E+000  0.000000000000000E+000
  0.000000000000000E+000  0.000000000000000E+000  0.000000000000000E+000
  0.000000000000000E+000  0.000000000000000E+000  0.000000000000000E+000
  0.000000000000000E+000  0.000000000000000E+000  0.000000000000000E+000
  0.000000000000000E+000  0.000000000000000E+000  0.000000000000000E+000
  0.000000000000000E+000  0.000000000000000E+000  0.000000000000000E+000
  0.000000000000000E+000  0.000000000000000E+000  0.000000000000000E+000
  0.000000000000000E+000  0.000000000000000E+000  0.000000000000000E+000
  0.000000000000000E+000  0.000000000000000E+000  0.000000000000000E+000
  0.000000000000000E+000  0.000000000000000E+000  0.000000000000000E+000
  0.000000000000000E+000  0.000000000000000E+000  0.000000000000000E+000
  0.000000000000000E+000  0.000000000000000E+000  0.000000000000000E+000
  0.000000000000000E+000  0.000000000000000E+000  0.000000000000000E+000
  0.000000000000000E+000  0.000000000000000E+000  0.000000000000000E+000
  0.000000000000000E+000  0.000000000000000E+000  0.000000000000000E+000
  0.000000000000000E+000  0.000000000000000E+000  0.000000000000000E+000
  0.000000000000000E+000  0.000000000000000E+000  0.000000000000000E+000
  0.000000000000000E+000  0.000000000000000E+000  0.000000000000000E+000
  0.000000000000000E+000  0.000000000000000E+000  0.000000000000000E+000
  0.000000000000000E+000  0.000000000000000E+000  0.000000000000000E+000
  0.000000000000000E+000  0.000000000000000E+000  0.000000000000000E+000
  0.000000000000000E+000  0.000000000000000E+000  0.000000000000000E+000
  0.000000000000000E+000  0.000000000000000E+000  0.000000000000000E+000
  0.000000000000000E+000  0.000000000000000E+000  0.000000000000000E+000
  0.000000000000000E+000  0.000000000000000E+000  0.000000000000000E+000
  0.997915692428724       8.733464480543965E-006 -5.580479198101533E-005
 -4.794955779409378E-006 -2.260872211000582E-005  8.733464480543965E-006
  0.995947319707616       5.835229925224165E-005 -3.114857166190446E-005
  8.907666073228860E-005 -5.580479198101533E-005  5.835229925224165E-005
  0.995946772011267       9.665673501518914E-005 -5.835229925135692E-005
 -4.794955779409378E-006 -3.114857166190446E-005  9.665673501518914E-005
  0.997921229166742       2.313768793327945E-005 -2.260872211000582E-005
  8.907666073228860E-005 -5.835229925135692E-005  2.313768793327945E-005
  0.995947319707612       0.997915689535665       8.733364481254515E-006
 -5.580378682488549E-005 -4.795422311042148E-006 -2.260893558227085E-005
  8.733364481254515E-006  0.995947316704696       5.835309134615505E-005
 -3.114876042382713E-005  8.907549008011084E-005 -5.580378682488549E-005
  5.835309134615505E-005  0.995946767902191       9.665499403370268E-005
 -5.835309134527032E-005 -4.795422311042148E-006 -3.114876042382713E-005
  9.665499403370268E-005  0.997921226812388       2.313769571231577E-005
 -2.260893558227085E-005  8.907549008011084E-005 -5.835309134527032E-005
  2.313769571231577E-005  0.995947316704692       0.997900430773186     
  4.199262992253458E-006 -6.468877062478057E-005  1.567477149497228E-005
  4.433105501756684E-005  4.199262992253458E-006  0.995953750982907     
 -4.368824202430464E-005  4.876464747611559E-005  1.035395912758809E-004
 -6.468877062478057E-005 -4.368824202430464E-005  0.995918814036291     
  1.120442373995476E-004  4.368824202518893E-005  1.567477149497228E-005
  4.876464747611559E-005  1.120442373995476E-004  0.997882331106100     
 -2.074565531046716E-005  4.433105501756684E-005  1.035395912758809E-004
  4.368824202518893E-005 -2.074565531046716E-005  0.995953750982903     
  0.997900429907423       4.198981227965651E-006 -6.468927566198032E-005
  1.567469218940322E-005  4.433038894903786E-005  4.198981227965651E-006
  0.995953750166884      -4.368903422445192E-005  4.876404104311399E-005
  1.035386027124273E-004 -6.468927566198032E-005 -4.368903422445192E-005
  0.995918812477540       1.120451121496372E-004  4.368903422533621E-005
  1.567469218940322E-005  4.876404104311399E-005  1.120451121496372E-004
  0.997882330331911      -2.074559610899748E-005  4.433038894903786E-005
  1.035386027124273E-004  4.368903422533621E-005 -2.074559610899748E-005
  0.995953750166880       0.997880666157429       6.704472663213374E-005
  6.454362247293230E-005  4.861908312252254E-005  1.344205756807542E-004
  6.704472663213374E-005  0.995929313053968       9.189176174118575E-005
  7.091519620446341E-005  5.389122046265148E-005  6.454362247293230E-005
  9.189176174118575E-005  0.995932128679810       2.818634413025162E-005
 -4.519963330425780E-005  4.861908312252254E-005  7.091519620446341E-005
  2.818634413025162E-005  0.997926258072207       3.377248637869326E-005
  1.344205756807542E-004  5.389122046265148E-005 -4.519963330425780E-005
  3.377248637869326E-005  0.995975813362172       0.997880663388725     
  6.704432844608805E-005  6.454408840848688E-005  4.861925450337649E-005
  1.344201687665907E-004  6.704432844608805E-005  0.995929309525398     
  9.189236017178917E-005  7.091491667031597E-005  5.389219101984432E-005
  6.454408840848688E-005  9.189236017178917E-005  0.995932124843480     
  2.818568918290184E-005 -4.519910169530079E-005  4.861925450337649E-005
  7.091491667031597E-005  2.818568918290184E-005  0.997926255438176     
  3.377256160124176E-005  1.344201687665907E-004  5.389219101984432E-005
 -4.519910169530079E-005  3.377256160124176E-005  0.995975809210682     
  0.997956965454607       9.645811899377972E-005 -5.668190129458275E-005
  4.567663357976686E-006  9.493672474402152E-005  9.645811899377972E-005
  0.995975813362176       4.519963330514252E-005  9.952539014061856E-005
  5.389122046265151E-005 -5.668190129458275E-005  4.519963330514252E-005
  0.995932128679811      -4.180324464957641E-005 -9.189176174030087E-005
  4.567663357976686E-006  9.952539014061856E-005 -4.180324464957641E-005
  0.997849958775029       2.260483835010646E-005  9.493672474402152E-005
  5.389122046265151E-005 -9.189176174030087E-005  2.260483835010646E-005
  0.995929313053964       0.997956962935328       9.645798068133586E-005
 -5.668156706131699E-005  4.567690733425816E-006  9.493628356732579E-005
  9.645798068133586E-005  0.995975809210686       4.519910169618551E-005
  9.952500013134152E-005  5.389219101984434E-005 -5.668156706131699E-005
  4.519910169618551E-005  0.995932124843479      -4.180397563527811E-005
 -9.189236017090428E-005  4.567690733425816E-006  9.952500013134152E-005
 -4.180397563527811E-005  0.997849955891574       2.260463327794916E-005
  9.493628356732579E-005  5.389219101984434E-005 -9.189236017090428E-005
  2.260463327794916E-005  0.995929309525393       0.000000000000000E+000
  0.000000000000000E+000  0.000000000000000E+000  0.000000000000000E+000
  0.000000000000000E+000  0.000000000000000E+000  0.000000000000000E+000
  0.000000000000000E+000  0.000000000000000E+000  0.000000000000000E+000
  0.000000000000000E+000  0.000000000000000E+000  0.000000000000000E+000
  0.000000000000000E+000  0.000000000000000E+000  0.000000000000000E+000
  0.000000000000000E+000  0.000000000000000E+000  0.000000000000000E+000
  0.000000000000000E+000  0.000000000000000E+000  0.000000000000000E+000
  0.000000000000000E+000  0.000000000000000E+000  0.000000000000000E+000
  0.000000000000000E+000  0.000000000000000E+000  0.000000000000000E+000
  0.000000000000000E+000  0.000000000000000E+000  0.000000000000000E+000
  0.000000000000000E+000  0.000000000000000E+000  0.000000000000000E+000
  0.000000000000000E+000  0.000000000000000E+000  0.000000000000000E+000
  0.000000000000000E+000  0.000000000000000E+000  0.000000000000000E+000
  0.000000000000000E+000  0.000000000000000E+000  0.000000000000000E+000
  0.000000000000000E+000  0.000000000000000E+000  0.000000000000000E+000
  0.000000000000000E+000  0.000000000000000E+000  0.000000000000000E+000
  0.000000000000000E+000  0.000000000000000E+000  0.000000000000000E+000
  0.000000000000000E+000  0.000000000000000E+000  0.000000000000000E+000
  0.000000000000000E+000  0.000000000000000E+000  0.000000000000000E+000
  0.000000000000000E+000  0.000000000000000E+000  0.000000000000000E+000
  0.000000000000000E+000  0.000000000000000E+000  0.000000000000000E+000
  0.000000000000000E+000  0.000000000000000E+000  0.000000000000000E+000
  0.000000000000000E+000  0.000000000000000E+000  0.000000000000000E+000
  0.000000000000000E+000  0.000000000000000E+000  0.000000000000000E+000
  0.000000000000000E+000  0.000000000000000E+000  0.000000000000000E+000
  0.000000000000000E+000  0.000000000000000E+000  0.000000000000000E+000
  0.000000000000000E+000  0.000000000000000E+000  0.000000000000000E+000
  0.000000000000000E+000  0.000000000000000E+000  0.000000000000000E+000
  0.000000000000000E+000  0.000000000000000E+000  0.000000000000000E+000
  0.000000000000000E+000  0.000000000000000E+000  0.000000000000000E+000
  0.000000000000000E+000  0.000000000000000E+000  0.000000000000000E+000
  0.000000000000000E+000  0.000000000000000E+000  0.000000000000000E+000
  0.000000000000000E+000  0.000000000000000E+000  0.000000000000000E+000
  0.000000000000000E+000  0.000000000000000E+000  0.000000000000000E+000
  0.000000000000000E+000  0.000000000000000E+000  0.000000000000000E+000
  0.000000000000000E+000  0.000000000000000E+000  0.000000000000000E+000
  0.000000000000000E+000  0.000000000000000E+000  0.000000000000000E+000
  0.000000000000000E+000  0.000000000000000E+000  0.000000000000000E+000
  0.000000000000000E+000  0.000000000000000E+000  0.000000000000000E+000
  0.000000000000000E+000  0.000000000000000E+000  0.000000000000000E+000
  0.000000000000000E+000  0.000000000000000E+000  0.000000000000000E+000
  0.000000000000000E+000  0.000000000000000E+000  0.000000000000000E+000
  0.000000000000000E+000  0.000000000000000E+000  0.000000000000000E+000
  0.000000000000000E+000  0.000000000000000E+000  0.000000000000000E+000
  0.000000000000000E+000  0.000000000000000E+000  0.000000000000000E+000
  0.000000000000000E+000  0.000000000000000E+000  0.000000000000000E+000
  0.000000000000000E+000  0.000000000000000E+000  0.000000000000000E+000
  0.000000000000000E+000  0.000000000000000E+000  0.000000000000000E+000
  0.000000000000000E+000  0.000000000000000E+000  0.000000000000000E+000
  0.000000000000000E+000  0.000000000000000E+000  0.000000000000000E+000
  0.000000000000000E+000  0.000000000000000E+000  0.000000000000000E+000
  0.000000000000000E+000  0.000000000000000E+000  0.000000000000000E+000
  0.000000000000000E+000  0.000000000000000E+000  0.000000000000000E+000
  0.000000000000000E+000  0.000000000000000E+000  0.000000000000000E+000
  0.000000000000000E+000  0.000000000000000E+000  0.000000000000000E+000
  0.000000000000000E+000  0.000000000000000E+000  0.000000000000000E+000
  0.000000000000000E+000  0.000000000000000E+000  0.000000000000000E+000
  0.000000000000000E+000  0.000000000000000E+000  0.000000000000000E+000
  0.000000000000000E+000  0.000000000000000E+000  0.000000000000000E+000
  0.000000000000000E+000  0.000000000000000E+000  0.000000000000000E+000
  0.000000000000000E+000  0.000000000000000E+000  0.000000000000000E+000
  0.000000000000000E+000  0.000000000000000E+000  0.000000000000000E+000
  0.000000000000000E+000  0.000000000000000E+000  0.000000000000000E+000
  0.000000000000000E+000  0.000000000000000E+000  0.000000000000000E+000
  0.000000000000000E+000  0.000000000000000E+000  0.000000000000000E+000
  0.000000000000000E+000  0.000000000000000E+000  0.000000000000000E+000
  0.000000000000000E+000  0.997925960703704       5.584800016960795E-005
  3.209635676920816E-005  2.015682939566378E-005 -9.119163091668344E-005
  5.584800016960795E-005  0.995718458734414      -4.743833733458185E-005
 -1.375428832474155E-004  2.016067238543408E-004  3.209635676920816E-005
 -4.743833733458185E-005  0.995987171557293      -5.559252066386736E-005
  4.743833733546640E-005  2.015682939566378E-005 -1.375428832474155E-004
 -5.559252066386736E-005  0.997902685601947       1.171372285202723E-004
 -9.119163091668344E-005  2.016067238543408E-004  4.743833733546640E-005
  1.171372285202723E-004  0.995718458734410       0.997925961893902     
  5.584871689647561E-005  3.209644735955671E-005  2.015739629929199E-005
 -9.119010897523548E-005  5.584871689647561E-005  0.995718459489305     
 -4.743727107514857E-005 -1.375415396632562E-004  2.016073088711051E-004
  3.209644735955671E-005 -4.743727107514857E-005  0.995987173115707     
 -5.559267757095372E-005  4.743727107603313E-005  2.015739629929199E-005
 -1.375415396632562E-004 -5.559267757095372E-005  0.997902686137541     
  1.171371774318676E-004 -9.119010897523548E-005  2.016073088711051E-004
  4.743727107603313E-005  1.171371774318676E-004  0.995718459489301     
  0.997927206405992      -2.707620821792640E-005 -1.741005245497938E-005
 -1.114510428576465E-005 -5.771759821315237E-005 -2.707620821792640E-005
  0.995819522267720      -8.614046702281942E-005 -5.101408562804380E-005
  8.965251788132547E-005 -1.741005245497938E-005 -8.614046702281942E-005
  0.995966668958983       3.015509541272203E-005  8.614046702370374E-005
 -1.114510428576465E-005 -5.101408562804380E-005  3.015509541272203E-005
  0.997940075663910       2.058358658267512E-006 -5.771759821315237E-005
  8.965251788132547E-005  8.614046702370374E-005  2.058358658267512E-006
  0.995819522267716       0.997927202393431      -2.707571219739445E-005
 -1.741008242966473E-005 -1.114505558959950E-005 -5.771713725566906E-005
 -2.707571219739445E-005  0.995819515207649      -8.614121450794818E-005
 -5.101383973777731E-005  8.965181360431665E-005 -1.741008242966473E-005
 -8.614121450794818E-005  0.995966662435570       3.015514733040000E-005
  8.614121450883248E-005 -1.114505558959950E-005 -5.101383973777731E-005
  3.015514733040000E-005  0.997940071595119       2.058665279515737E-006
 -5.771713725566906E-005  8.965181360431665E-005  8.614121450883248E-005
  2.058665279515737E-006  0.995819515207645       0.997938443033239     
  4.950943211351187E-005 -1.207099551169518E-005  3.136254493558297E-005
  5.917792818415904E-005  4.950943211351187E-005  0.995748343402882     
  2.243393728947111E-005 -1.163247092735239E-004 -1.909375152563746E-004
 -1.207099551169518E-005  2.243393728947111E-005  0.996020622352293     
  3.751539975828154E-005  4.655733656904071E-005  3.136254493558297E-005
 -1.163247092735239E-004  3.751539975828154E-005  0.997899341510059     
 -9.075941962177335E-005  5.917792818415904E-005 -1.909375152563746E-004
  4.655733656904071E-005 -9.075941962177335E-005  0.995719120676063     
  0.997938444321787       4.950918791914047E-005 -1.207116052962011E-005
  3.136283221952961E-005  5.917873320535134E-005  4.950918791914047E-005
  0.995748343910263       2.243329275309628E-005 -1.163257465920007E-004
 -1.909380180462963E-004 -1.207116052962011E-005  2.243329275309628E-005
  0.996020624706193       3.751556154997028E-005  4.655677989480047E-005
  3.136283221952961E-005 -1.163257465920007E-004  3.751556154997028E-005
  0.997899342192538      -9.075945473300135E-005  5.917873320535134E-005
 -1.909380180462963E-004  4.655677989480047E-005 -9.075945473300135E-005
  0.995719122089387       0.997936277651497      -4.901099893261774E-005
 -2.645379146946119E-005  3.261272866742617E-005 -7.598543726142351E-005
 -4.901099893261774E-005  0.995719120676067      -4.655733656815634E-005
  9.662929896080275E-005 -1.909375152563750E-004 -2.645379146946119E-005
 -4.655733656815634E-005  0.996020622352293       2.921148864036597E-005
 -2.243393728858666E-005  3.261272866742617E-005  9.662929896080275E-005
  2.921148864036597E-005  0.997901506891801       1.010387805731313E-004
 -7.598543726142351E-005 -1.909375152563750E-004 -2.243393728858666E-005
  1.010387805731313E-004  0.995748343402878       0.997936278734288     
 -4.901062682923699E-005 -2.645384907621128E-005  3.261313474452867E-005
 -7.598645770276190E-005 -4.901062682923699E-005  0.995719122089391     
 -4.655677989391610E-005  9.663001368521987E-005 -1.909380180462968E-004
 -2.645384907621128E-005 -4.655677989391610E-005  0.996020624706193     
  2.921171244592540E-005 -2.243329275221183E-005  3.261313474452867E-005
  9.663001368521987E-005  2.921171244592540E-005  0.997901507780037     
  1.010390877538406E-004 -7.598645770276190E-005 -1.909380180462968E-004
 -2.243329275221183E-005  1.010390877538406E-004  0.995748343910259     
  0.000000000000000E+000  0.000000000000000E+000  0.000000000000000E+000
  0.000000000000000E+000  0.000000000000000E+000  0.000000000000000E+000
  0.000000000000000E+000  0.000000000000000E+000  0.000000000000000E+000
  0.000000000000000E+000  0.000000000000000E+000  0.000000000000000E+000
  0.000000000000000E+000  0.000000000000000E+000  0.000000000000000E+000
  0.000000000000000E+000  0.000000000000000E+000  0.000000000000000E+000
  0.000000000000000E+000  0.000000000000000E+000  0.000000000000000E+000
  0.000000000000000E+000  0.000000000000000E+000  0.000000000000000E+000
  0.000000000000000E+000  0.000000000000000E+000  0.000000000000000E+000
  0.000000000000000E+000  0.000000000000000E+000  0.000000000000000E+000
  0.000000000000000E+000  0.000000000000000E+000  0.000000000000000E+000
  0.000000000000000E+000  0.000000000000000E+000  0.000000000000000E+000
  0.000000000000000E+000  0.000000000000000E+000  0.000000000000000E+000
  0.000000000000000E+000  0.000000000000000E+000  0.000000000000000E+000
  0.000000000000000E+000  0.000000000000000E+000  0.000000000000000E+000
  0.000000000000000E+000  0.000000000000000E+000  0.000000000000000E+000
  0.000000000000000E+000  0.000000000000000E+000  0.000000000000000E+000
  0.000000000000000E+000  0.000000000000000E+000  0.000000000000000E+000
  0.000000000000000E+000  0.000000000000000E+000  0.000000000000000E+000
  0.000000000000000E+000  0.000000000000000E+000  0.000000000000000E+000
  0.000000000000000E+000  0.000000000000000E+000  0.000000000000000E+000
  0.000000000000000E+000  0.000000000000000E+000  0.000000000000000E+000
  0.000000000000000E+000  0.000000000000000E+000  0.000000000000000E+000
  0.000000000000000E+000  0.000000000000000E+000  0.000000000000000E+000
  0.000000000000000E+000  0.000000000000000E+000  0.000000000000000E+000
  0.000000000000000E+000  0.000000000000000E+000  0.000000000000000E+000
  0.000000000000000E+000  0.000000000000000E+000  0.000000000000000E+000
  0.000000000000000E+000  0.000000000000000E+000  0.000000000000000E+000
  0.000000000000000E+000  0.000000000000000E+000  0.000000000000000E+000
  0.000000000000000E+000  0.000000000000000E+000  0.000000000000000E+000
  0.000000000000000E+000  0.000000000000000E+000  0.000000000000000E+000
  0.000000000000000E+000  0.000000000000000E+000  0.000000000000000E+000
  0.000000000000000E+000  0.000000000000000E+000  0.000000000000000E+000
  0.000000000000000E+000  0.000000000000000E+000  0.000000000000000E+000
  0.000000000000000E+000  0.000000000000000E+000  0.000000000000000E+000
  0.000000000000000E+000  0.000000000000000E+000  0.000000000000000E+000
  0.000000000000000E+000  0.000000000000000E+000  0.000000000000000E+000
  0.000000000000000E+000  0.000000000000000E+000  0.000000000000000E+000
  0.000000000000000E+000  0.000000000000000E+000  0.000000000000000E+000
  0.000000000000000E+000  0.000000000000000E+000  0.000000000000000E+000
  0.000000000000000E+000  0.000000000000000E+000  0.000000000000000E+000
  0.000000000000000E+000  0.000000000000000E+000  0.000000000000000E+000
  0.000000000000000E+000  0.000000000000000E+000  0.000000000000000E+000
  0.000000000000000E+000  0.000000000000000E+000  0.000000000000000E+000
  0.000000000000000E+000  0.000000000000000E+000  0.000000000000000E+000
  0.000000000000000E+000  0.000000000000000E+000  0.000000000000000E+000
  0.000000000000000E+000  0.000000000000000E+000  0.000000000000000E+000
  0.000000000000000E+000  0.000000000000000E+000  0.000000000000000E+000
  0.000000000000000E+000  0.000000000000000E+000  0.000000000000000E+000
  0.000000000000000E+000  0.000000000000000E+000  0.000000000000000E+000
  0.000000000000000E+000  0.000000000000000E+000  0.000000000000000E+000
  0.000000000000000E+000  0.000000000000000E+000  0.000000000000000E+000
  0.000000000000000E+000  0.000000000000000E+000  0.000000000000000E+000
  0.000000000000000E+000  0.000000000000000E+000  0.000000000000000E+000
  0.000000000000000E+000  0.000000000000000E+000  0.000000000000000E+000
  0.000000000000000E+000  0.000000000000000E+000  0.000000000000000E+000
  0.000000000000000E+000  0.000000000000000E+000  0.000000000000000E+000
  0.000000000000000E+000  0.000000000000000E+000  0.000000000000000E+000
  0.000000000000000E+000  0.000000000000000E+000  0.000000000000000E+000
  0.000000000000000E+000  0.000000000000000E+000  0.000000000000000E+000
  0.000000000000000E+000  0.000000000000000E+000  0.000000000000000E+000
  0.000000000000000E+000  0.000000000000000E+000  0.000000000000000E+000
  0.000000000000000E+000  0.000000000000000E+000  0.000000000000000E+000
  0.000000000000000E+000  0.000000000000000E+000  0.000000000000000E+000
  0.000000000000000E+000  0.000000000000000E+000  0.000000000000000E+000
  0.000000000000000E+000  0.000000000000000E+000  0.000000000000000E+000
  0.000000000000000E+000  0.000000000000000E+000  0.997915692428724     
 -5.580479198172515E-005  8.733464481253714E-006  4.794955780283721E-006
 -2.260872211000579E-005 -5.580479198172515E-005  0.995946772011271     
  5.835229925224135E-005 -9.665673500952180E-005 -5.835229925203856E-005
  8.733464481253714E-006  5.835229925224135E-005  0.995947319707612     
  3.114857166757085E-005  8.907666073297042E-005  4.794955780283721E-006
 -9.665673500952180E-005  3.114857166757085E-005  0.997921229166742     
 -2.313768794366276E-005 -2.260872211000579E-005 -5.835229925203856E-005
  8.907666073297042E-005 -2.313768794366276E-005  0.995947319707612     
  0.997915689535665      -5.580378682559529E-005  8.733364481964263E-006
  4.795422311881797E-006 -2.260893558227082E-005 -5.580378682559529E-005
  0.995946767902195       5.835309134615474E-005 -9.665499402803535E-005
 -5.835309134595196E-005  8.733364481964263E-006  5.835309134615474E-005
  0.995947316704692       3.114876042949352E-005  8.907549008079266E-005
  4.795422311881797E-006 -9.665499402803535E-005  3.114876042949352E-005
  0.997921226812388      -2.313769572269908E-005 -2.260893558227082E-005
 -5.835309134595196E-005  8.907549008079266E-005 -2.313769572269908E-005
  0.995947316704692       0.997880666157429       6.454362247222258E-005
  6.704472663284331E-005 -4.861908312166891E-005  1.344205756807544E-004
  6.454362247222258E-005  0.995932128679814       9.189176174118550E-005
 -2.818634412458431E-005 -4.519963330493974E-005  6.704472663284331E-005
  9.189176174118550E-005  0.995929313053964      -7.091519619879658E-005
  5.389122046333369E-005 -4.861908312166891E-005 -2.818634412458431E-005
 -7.091519619879658E-005  0.997926258072207      -3.377248638907671E-005
  1.344205756807544E-004 -4.519963330493974E-005  5.389122046333369E-005
 -3.377248638907671E-005  0.995975813362172       0.997880663388725     
  6.454408840777718E-005  6.704432844679761E-005 -4.861925450252287E-005
  1.344201687665909E-004  6.454408840777718E-005  0.995932124843483     
  9.189236017178891E-005 -2.818568917723453E-005 -4.519910169598274E-005
  6.704432844679761E-005  9.189236017178891E-005  0.995929309525394     
 -7.091491666464918E-005  5.389219102052653E-005 -4.861925450252287E-005
 -2.818568917723453E-005 -7.091491666464918E-005  0.997926255438176     
 -3.377256161162521E-005  1.344201687665909E-004 -4.519910169598274E-005
  5.389219102052653E-005 -3.377256161162521E-005  0.995975809210682     
  0.997900430773186      -6.468877062549064E-005  4.199262992963422E-006
 -1.567477149410495E-005  4.433105501756688E-005 -6.468877062549064E-005
  0.995918814036295      -4.368824202430467E-005 -1.120442373938821E-004
  4.368824202450767E-005  4.199262992963422E-006 -4.368824202430467E-005
  0.995953750982903      -4.876464747044957E-005  1.035395912765625E-004
 -1.567477149410495E-005 -1.120442373938821E-004 -4.876464747044957E-005
  0.997882331106100       2.074565530008464E-005  4.433105501756688E-005
  4.368824202450767E-005  1.035395912765625E-004  2.074565530008464E-005
  0.995953750982903       0.997900429907423      -6.468927566269039E-005
  4.198981228675616E-006 -1.567469218852895E-005  4.433038894903788E-005
 -6.468927566269039E-005  0.995918812477544      -4.368903422445195E-005
 -1.120451121439717E-004  4.368903422465495E-005  4.198981228675616E-006
 -4.368903422445195E-005  0.995953750166880      -4.876404103744796E-005
  1.035386027131089E-004 -1.567469218852895E-005 -1.120451121439717E-004
 -4.876404103744796E-005  0.997882330331911       2.074559609861496E-005
  4.433038894903788E-005  4.368903422465495E-005  1.035386027131089E-004
  2.074559609861496E-005  0.995953750166880       0.997956965454607     
 -5.668190129529248E-005  9.645811899448948E-005 -4.567663357109388E-006
  9.493672474402148E-005 -5.668190129529248E-005  0.995932128679814     
  4.519963330514236E-005  4.180324465524391E-005 -9.189176174098296E-005
  9.645811899448948E-005  4.519963330514236E-005  0.995975813362172     
 -9.952539013495187E-005  5.389122046333369E-005 -4.567663357109388E-006
  4.180324465524391E-005 -9.952539013495187E-005  0.997849958775029     
 -2.260483836048944E-005  9.493672474402148E-005 -9.189176174098296E-005
  5.389122046333369E-005 -2.260483836048944E-005  0.995929313053964     
  0.997956962935328      -5.668156706202672E-005  9.645798068204564E-005
 -4.567690732551579E-006  9.493628356732571E-005 -5.668156706202672E-005
  0.995932124843483       4.519910169618535E-005  4.180397564094562E-005
 -9.189236017158636E-005  9.645798068204564E-005  4.519910169618535E-005
  0.995975809210682      -9.952500012567483E-005  5.389219102052653E-005
 -4.567690732551579E-006  4.180397564094562E-005 -9.952500012567483E-005
  0.997849955891574      -2.260463328833215E-005  9.493628356732571E-005
 -9.189236017158636E-005  5.389219102052653E-005 -2.260463328833215E-005
  0.995929309525393       0.000000000000000E+000  0.000000000000000E+000
  0.000000000000000E+000  0.000000000000000E+000  0.000000000000000E+000
  0.000000000000000E+000  0.000000000000000E+000  0.000000000000000E+000
  0.000000000000000E+000  0.000000000000000E+000  0.000000000000000E+000
  0.000000000000000E+000  0.000000000000000E+000  0.000000000000000E+000
  0.000000000000000E+000  0.000000000000000E+000  0.000000000000000E+000
  0.000000000000000E+000  0.000000000000000E+000  0.000000000000000E+000
  0.000000000000000E+000  0.000000000000000E+000  0.000000000000000E+000
  0.000000000000000E+000  0.000000000000000E+000  0.000000000000000E+000
  0.000000000000000E+000  0.000000000000000E+000  0.000000000000000E+000
  0.000000000000000E+000  0.000000000000000E+000  0.000000000000000E+000
  0.000000000000000E+000  0.000000000000000E+000  0.000000000000000E+000
  0.000000000000000E+000  0.000000000000000E+000  0.000000000000000E+000
  0.000000000000000E+000  0.000000000000000E+000  0.000000000000000E+000
  0.000000000000000E+000  0.000000000000000E+000  0.000000000000000E+000
  0.000000000000000E+000  0.000000000000000E+000  0.000000000000000E+000
  0.000000000000000E+000  0.000000000000000E+000  0.000000000000000E+000
  0.000000000000000E+000  0.000000000000000E+000  0.000000000000000E+000
  0.000000000000000E+000  0.000000000000000E+000  0.000000000000000E+000
  0.000000000000000E+000  0.000000000000000E+000  0.000000000000000E+000
  0.000000000000000E+000  0.000000000000000E+000  0.000000000000000E+000
  0.000000000000000E+000  0.000000000000000E+000  0.000000000000000E+000
  0.000000000000000E+000  0.000000000000000E+000  0.000000000000000E+000
  0.000000000000000E+000  0.000000000000000E+000  0.000000000000000E+000
  0.000000000000000E+000  0.000000000000000E+000  0.000000000000000E+000
  0.000000000000000E+000  0.000000000000000E+000  0.000000000000000E+000
  0.000000000000000E+000  0.000000000000000E+000  0.000000000000000E+000
  0.000000000000000E+000  0.000000000000000E+000  0.000000000000000E+000
  0.000000000000000E+000  0.000000000000000E+000  0.000000000000000E+000
  0.000000000000000E+000  0.000000000000000E+000  0.000000000000000E+000
  0.000000000000000E+000  0.000000000000000E+000  0.000000000000000E+000
  0.000000000000000E+000  0.000000000000000E+000  0.000000000000000E+000
  0.000000000000000E+000  0.000000000000000E+000  0.000000000000000E+000
  0.000000000000000E+000  0.000000000000000E+000  0.000000000000000E+000
  0.000000000000000E+000  0.000000000000000E+000  0.000000000000000E+000
  0.000000000000000E+000  0.000000000000000E+000  0.000000000000000E+000
  0.000000000000000E+000  0.000000000000000E+000  0.000000000000000E+000
  0.000000000000000E+000  0.000000000000000E+000  0.000000000000000E+000
  0.000000000000000E+000  0.000000000000000E+000  0.000000000000000E+000
  0.000000000000000E+000  0.000000000000000E+000  0.000000000000000E+000
  0.000000000000000E+000  0.000000000000000E+000  0.000000000000000E+000
  0.000000000000000E+000  0.000000000000000E+000  0.000000000000000E+000
  0.000000000000000E+000  0.000000000000000E+000  0.000000000000000E+000
  0.000000000000000E+000  0.000000000000000E+000  0.000000000000000E+000
  0.000000000000000E+000  0.000000000000000E+000  0.000000000000000E+000
  0.000000000000000E+000  0.000000000000000E+000  0.000000000000000E+000
  0.000000000000000E+000  0.000000000000000E+000  0.000000000000000E+000
  0.000000000000000E+000  0.000000000000000E+000  0.000000000000000E+000
  0.000000000000000E+000  0.000000000000000E+000  0.000000000000000E+000
  0.000000000000000E+000  0.000000000000000E+000  0.000000000000000E+000
  0.000000000000000E+000  0.000000000000000E+000  0.000000000000000E+000
  0.000000000000000E+000  0.000000000000000E+000  0.000000000000000E+000
  0.000000000000000E+000  0.000000000000000E+000  0.000000000000000E+000
  0.000000000000000E+000  0.000000000000000E+000  0.000000000000000E+000
  0.000000000000000E+000  0.000000000000000E+000  0.000000000000000E+000
  0.000000000000000E+000  0.000000000000000E+000  0.000000000000000E+000
  0.000000000000000E+000  0.000000000000000E+000  0.000000000000000E+000
  0.000000000000000E+000  0.000000000000000E+000  0.000000000000000E+000
  0.000000000000000E+000  0.000000000000000E+000  0.000000000000000E+000
  0.000000000000000E+000  0.000000000000000E+000  0.000000000000000E+000
  0.000000000000000E+000  0.000000000000000E+000  0.000000000000000E+000
  0.000000000000000E+000  0.000000000000000E+000  0.000000000000000E+000
  0.000000000000000E+000  0.000000000000000E+000  0.000000000000000E+000
  0.000000000000000E+000  0.000000000000000E+000  0.000000000000000E+000
  0.000000000000000E+000  0.000000000000000E+000  0.000000000000000E+000
  0.000000000000000E+000  0.000000000000000E+000  0.000000000000000E+000
  0.000000000000000E+000  0.000000000000000E+000  0.000000000000000E+000
  0.997923997535755      -3.134218659856144E-005 -3.134218659785172E-005
  4.163028703475692E-016 -1.116095839554375E-004 -3.134218659856144E-005
  0.995947319707616      -8.907666073208593E-005 -8.010883723433236E-006
 -5.835229925203874E-005 -3.134218659785172E-005 -8.907666073208593E-005
  0.995947319707612       8.010883729099854E-006 -5.835229925135675E-005
  4.163028703475692E-016 -8.010883723433236E-006  8.010883729099854E-006
  0.997912924059711      -5.191980192421018E-015 -1.116095839554375E-004
 -5.835229925203874E-005 -5.835229925135675E-005 -5.191980192421018E-015
  0.995946772011267       0.997923995450753      -3.134230007153703E-005
 -3.134230007082729E-005  4.301806583388273E-016 -1.116075736431778E-004
 -3.134230007153703E-005  0.995947316704696      -8.907549007990818E-005
 -8.011064706319599E-006 -5.835309134595213E-005 -3.134230007082729E-005
 -8.907549007990818E-005  0.995947316704692       8.011064711986219E-006
 -5.835309134527014E-005  4.301806583388273E-016 -8.011064706319599E-006
  8.011064711986219E-006  0.997912920897301      -5.191981887002124E-015
 -1.116075736431778E-004 -5.835309134595213E-005 -5.835309134527014E-005
 -5.191981887002124E-015  0.995946767902191       0.997872754732422     
  3.796245667896290E-005  2.789199810458569E-005 -4.405141976407406E-005
  7.861721184942773E-006  3.796245667896290E-005  0.995975813362176     
 -5.389122046244907E-005  1.332978765245036E-004 -4.519963330493994E-005
  2.789199810458569E-005 -5.389122046244907E-005  0.995929313053964     
 -9.352003455409441E-005 -9.189176174030076E-005 -4.405141976407406E-005
  1.332978765245036E-004 -9.352003455409441E-005  0.997934169497214     
  6.998958877463622E-005  7.861721184942773E-006 -4.519963330493994E-005
 -9.189176174030076E-005  6.998958877463622E-005  0.995932128679810     
  0.997872751916303       3.796218807724319E-005  2.789195511393564E-005
 -4.405156376956215E-005  7.862521353763123E-006  3.796218807724319E-005
  0.995975809210686      -5.389219101964191E-005  1.332975617377751E-004
 -4.519910169598295E-005  2.789195511393564E-005 -5.389219101964191E-005
  0.995929309525394      -9.351954994778968E-005 -9.189236017090419E-005
 -4.405156376956215E-005  1.332975617377751E-004 -9.351954994778968E-005
  0.997934166910599       6.998966481298815E-005  7.862521353763123E-006
 -4.519910169598295E-005 -9.189236017090419E-005  6.998966481298815E-005
  0.995932124843479       0.997872754732422       2.789199810387610E-005
  3.796245667967252E-005  4.405141976497602E-005  7.861721184942614E-006
  2.789199810387610E-005  0.995929313053968      -5.389122046244905E-005
  9.352003455976145E-005 -9.189176174098307E-005  3.796245667967252E-005
 -5.389122046244905E-005  0.995975813362172      -1.332978765188368E-004
 -4.519963330425759E-005  4.405141976497602E-005  9.352003455976145E-005
 -1.332978765188368E-004  0.997934169497214      -6.998958878501991E-005
  7.861721184942614E-006 -9.189176174098307E-005 -4.519963330425759E-005
 -6.998958878501991E-005  0.995932128679810       0.997872751916302     
  2.789195511322605E-005  3.796218807795281E-005  4.405156377040860E-005
  7.862521353762962E-006  2.789195511322605E-005  0.995929309525398     
 -5.389219101964189E-005  9.351954995345674E-005 -9.189236017158646E-005
  3.796218807795281E-005 -5.389219101964189E-005  0.995975809210682     
 -1.332975617321083E-004 -4.519910169530060E-005  4.405156377040860E-005
  9.351954995345674E-005 -1.332975617321083E-004  0.997934166910599     
 -6.998966482337183E-005  7.862521353762962E-006 -9.189236017158646E-005
 -4.519910169530060E-005 -6.998966482337183E-005  0.995932124843479     
  0.997873281272560       4.013179201730262E-005  4.013179201801201E-005
  4.163612195672494E-016 -1.293775412429698E-004  4.013179201730262E-005
  0.995953750982907      -1.035395912756782E-004  2.801899217083953E-005
  4.368824202450752E-005  4.013179201801201E-005 -1.035395912756782E-004
  0.995953750982903      -2.801899216517373E-005  4.368824202518913E-005
  4.163612195672494E-016  2.801899217083953E-005 -2.801899216517373E-005
  0.997909480606726      -5.191243252307875E-015 -1.293775412429698E-004
  4.368824202450752E-005  4.368824202518913E-005 -5.191243252307875E-015
  0.995918814036291       0.997873280544158       4.013140771306143E-005
  4.013140771377082E-005  4.302390073886687E-016 -1.293785513173693E-004
  4.013140771306143E-005  0.995953750166884      -1.035386027122245E-004
  2.801844493930760E-005  4.368903422465481E-005  4.013140771377082E-005
 -1.035386027122245E-004  0.995953750166880      -2.801844493364182E-005
  4.368903422533642E-005  4.302390073886687E-016  2.801844493930760E-005
 -2.801844493364182E-005  0.997909479695176      -5.191244098496849E-015
 -1.293785513173693E-004  4.368903422465481E-005  4.368903422533642E-005
 -5.191244098496849E-015  0.995918812477540       0.000000000000000E+000
  0.000000000000000E+000  0.000000000000000E+000  0.000000000000000E+000
  0.000000000000000E+000  0.000000000000000E+000  0.000000000000000E+000
  0.000000000000000E+000  0.000000000000000E+000  0.000000000000000E+000
  0.000000000000000E+000  0.000000000000000E+000  0.000000000000000E+000
  0.000000000000000E+000  0.000000000000000E+000  0.000000000000000E+000
  0.000000000000000E+000  0.000000000000000E+000  0.000000000000000E+000
  0.000000000000000E+000  0.000000000000000E+000  0.000000000000000E+000
  0.000000000000000E+000  0.000000000000000E+000  0.000000000000000E+000
  0.000000000000000E+000  0.000000000000000E+000  0.000000000000000E+000
  0.000000000000000E+000  0.000000000000000E+000  0.000000000000000E+000
  0.000000000000000E+000  0.000000000000000E+000  0.000000000000000E+000
  0.000000000000000E+000  0.000000000000000E+000  0.000000000000000E+000
  0.000000000000000E+000  0.000000000000000E+000  0.000000000000000E+000
  0.000000000000000E+000  0.000000000000000E+000  0.000000000000000E+000
  0.000000000000000E+000  0.000000000000000E+000  0.000000000000000E+000
  0.000000000000000E+000  0.000000000000000E+000  0.000000000000000E+000
  0.000000000000000E+000  0.000000000000000E+000  0.000000000000000E+000
  0.000000000000000E+000  0.000000000000000E+000  0.000000000000000E+000
  0.000000000000000E+000  0.000000000000000E+000  0.000000000000000E+000
  0.000000000000000E+000  0.000000000000000E+000  0.000000000000000E+000
  0.000000000000000E+000  0.000000000000000E+000  0.000000000000000E+000
  0.000000000000000E+000  0.000000000000000E+000  0.000000000000000E+000
  0.000000000000000E+000  0.000000000000000E+000  0.000000000000000E+000
  0.000000000000000E+000  0.000000000000000E+000  0.000000000000000E+000
  0.000000000000000E+000  0.000000000000000E+000  0.000000000000000E+000
  0.000000000000000E+000  0.000000000000000E+000  0.000000000000000E+000
  0.000000000000000E+000  0.000000000000000E+000  0.000000000000000E+000
  0.000000000000000E+000  0.000000000000000E+000  0.000000000000000E+000
  0.000000000000000E+000  0.000000000000000E+000  0.000000000000000E+000
  0.000000000000000E+000  0.000000000000000E+000  0.000000000000000E+000
  0.000000000000000E+000  0.000000000000000E+000  0.000000000000000E+000
  0.000000000000000E+000  0.000000000000000E+000  0.000000000000000E+000
  0.000000000000000E+000  0.000000000000000E+000  0.000000000000000E+000
  0.000000000000000E+000  0.000000000000000E+000  0.000000000000000E+000
  0.000000000000000E+000  0.000000000000000E+000  0.000000000000000E+000
  0.000000000000000E+000  0.000000000000000E+000  0.000000000000000E+000
  0.000000000000000E+000  0.000000000000000E+000  0.000000000000000E+000
  0.000000000000000E+000  0.000000000000000E+000  0.000000000000000E+000
  0.000000000000000E+000  0.000000000000000E+000  0.000000000000000E+000
  0.000000000000000E+000  0.000000000000000E+000  0.000000000000000E+000
  0.000000000000000E+000  0.000000000000000E+000  0.000000000000000E+000
  0.000000000000000E+000  0.000000000000000E+000  0.000000000000000E+000
  0.000000000000000E+000  0.000000000000000E+000  0.000000000000000E+000
  0.000000000000000E+000  0.000000000000000E+000  0.000000000000000E+000
  0.000000000000000E+000  0.000000000000000E+000  0.000000000000000E+000
  0.000000000000000E+000  0.000000000000000E+000  0.000000000000000E+000
  0.000000000000000E+000  0.000000000000000E+000  0.000000000000000E+000
  0.000000000000000E+000  0.000000000000000E+000  0.000000000000000E+000
  0.000000000000000E+000  0.000000000000000E+000  0.000000000000000E+000
  0.000000000000000E+000  0.000000000000000E+000  0.000000000000000E+000
  0.000000000000000E+000  0.000000000000000E+000  0.000000000000000E+000
  0.000000000000000E+000  0.000000000000000E+000  0.000000000000000E+000
  0.000000000000000E+000  0.000000000000000E+000  0.000000000000000E+000
  0.000000000000000E+000  0.000000000000000E+000  0.000000000000000E+000
  0.000000000000000E+000  0.000000000000000E+000  0.000000000000000E+000
  0.000000000000000E+000  0.000000000000000E+000  0.000000000000000E+000
  0.000000000000000E+000  0.000000000000000E+000  0.000000000000000E+000
  0.000000000000000E+000  0.000000000000000E+000  0.000000000000000E+000
  0.000000000000000E+000  0.000000000000000E+000  0.000000000000000E+000
  0.000000000000000E+000  0.000000000000000E+000  0.000000000000000E+000
  0.000000000000000E+000  0.000000000000000E+000  0.000000000000000E+000
  0.000000000000000E+000  0.000000000000000E+000  0.000000000000000E+000
  0.000000000000000E+000  0.000000000000000E+000  0.000000000000000E+000
  0.000000000000000E+000  0.000000000000000E+000  0.000000000000000E+000
  0.000000000000000E+000  0.000000000000000E+000  0.000000000000000E+000
  0.000000000000000E+000  0.000000000000000E+000  0.000000000000000E+000
  0.000000000000000E+000  0.993711678588233       7.054804241826827E-005
  7.054804241896813E-005  4.231047696708907E-016  1.410960848444016E-004
  7.054804241826827E-005  0.982356095594511      -3.050003896823493E-003
  1.221927938514461E-004  3.050003896823699E-003  7.054804241896813E-005
 -3.050003896823493E-003  0.982356095594507      -1.221927938458970E-004
  3.050003896824356E-003  4.231047696708907E-016  1.221927938514461E-004
 -1.221927938458970E-004  0.993711678588231      -5.116613598675769E-015
  1.410960848444016E-004  3.050003896823699E-003  3.050003896824356E-003
 -5.116613598675769E-015  0.982356095594507       0.993711675114077     
  7.054647807163050E-005  7.054647807233034E-005  4.439214525462411E-016
  1.410929561511260E-004  7.054647807163050E-005  0.982356134021645     
 -3.049947803118317E-003  1.221900843235888E-004  3.049947803118522E-003
  7.054647807233034E-005 -3.049947803118317E-003  0.982356134021641     
 -1.221900843180397E-004  3.049947803119179E-003  4.439214525462411E-016
  1.221900843235888E-004 -1.221900843180397E-004  0.993711675114075     
 -5.116613665626165E-015  1.410929561511260E-004  3.049947803118522E-003
  3.049947803119179E-003 -5.116613665626165E-015  0.982356134021641     
  0.998482874454530       2.110930322576630E-005 -3.531362998244809E-005
  6.653255866032688E-007 -2.438934256675591E-005  2.110930322576630E-005
  0.996321967484338      -2.295528542723699E-004 -4.034984889296461E-005
 -2.424849305115718E-004 -3.531362998244809E-005 -2.295528542723699E-004
  0.996637009739064       6.116500132754532E-005  2.295528542732539E-004
  6.653255866032688E-007 -4.034984889296461E-005  6.116500132754532E-005
  0.998482106202715       3.845611729531110E-005 -2.438934256675591E-005
 -2.424849305115718E-004  2.295528542732539E-004  3.845611729531110E-005
  0.996321967484334       0.998482873412111       2.110891926669465E-005
 -3.531351730553519E-005  6.652137650651286E-007 -2.438959433604753E-005
  2.110891926669465E-005  0.996321965646003      -2.295546922214429E-004
 -4.034991793222781E-005 -2.424842559660607E-004 -3.531351730553519E-005
 -2.295546922214429E-004  0.996637006113038       6.116480616540732E-005
  2.295546922223269E-004  6.652137650651286E-007 -4.034991793222781E-005
  6.116480616540732E-005  0.998482105289417       3.845581929663264E-005
 -2.438959433604753E-005 -2.424842559660607E-004  2.295546922223269E-004
  3.845581929663264E-005  0.996321965645999       0.998482874454530     
 -3.531362998315862E-005  2.110930322647651E-005 -6.653255857219666E-007
 -2.438934256675652E-005 -3.531362998315862E-005  0.996637009739067     
 -2.295528542723695E-004 -6.116500132187772E-005  2.295528542725727E-004
  2.110930322647651E-005 -2.295528542723695E-004  0.996321967484334     
  4.034984889863396E-005 -2.424849305108900E-004 -6.653255857219666E-007
 -6.116500132187772E-005  4.034984889863396E-005  0.998482106202716     
 -3.845611730569903E-005 -2.438934256675652E-005  2.295528542725727E-004
 -2.424849305108900E-004 -3.845611730569903E-005  0.996321967484334     
  0.998482873412112      -3.531351730624574E-005  2.110891926740485E-005
 -6.652137641977042E-007 -2.438959433604813E-005 -3.531351730624574E-005
  0.996637006113042      -2.295546922214424E-004 -6.116480615973975E-005
  2.295546922216457E-004  2.110891926740485E-005 -2.295546922214424E-004
  0.996321965645999       4.034991793789716E-005 -2.424842559653789E-004
 -6.652137641977042E-007 -6.116480615973975E-005  4.034991793789716E-005
  0.998482105289417      -3.845581930702055E-005 -2.438959433604813E-005
  2.295546922216457E-004 -2.424842559653789E-004 -3.845581930702055E-005
  0.996321965645999       0.998481722076811      -4.549864580053758E-005
 -4.549864579982788E-005  4.440434147048709E-016 -7.062725995830269E-005
 -4.549864580053758E-005  0.996321967484338       2.424849305117750E-004
 -1.893731592459976E-006  2.295528542725723E-004 -4.549864579982788E-005
  2.424849305117750E-004  0.996321967484334       1.893731598128417E-006
  2.295528542732545E-004  4.440434147048709E-016 -1.893731592459976E-006
  1.893731598128417E-006  0.998483258580434      -5.193780208530823E-015
 -7.062725995830269E-005  2.295528542725723E-004  2.295528542732545E-004
 -5.193780208530823E-015  0.996637009739063       0.998481721228073     
 -4.549851361075753E-005 -4.549851361004785E-005  4.371045213736165E-016
 -7.062703460447690E-005 -4.549851361075753E-005  0.996321965646003     
  2.424842559662639E-004 -1.894098630401642E-006  2.295546922216453E-004
 -4.549851361004785E-005  2.424842559662639E-004  0.996321965645999     
  1.894098636070081E-006  2.295546922223275E-004  4.371045213736165E-016
 -1.894098630401642E-006  1.894098636070081E-006  0.998483257473455     
 -5.193778935835829E-015 -7.062703460447690E-005  2.295546922216453E-004
  2.295546922223275E-004 -5.193778935835829E-015  0.996637006113038     
  0.000000000000000E+000  0.000000000000000E+000  0.000000000000000E+000
  0.000000000000000E+000  0.000000000000000E+000  0.000000000000000E+000
  0.000000000000000E+000  0.000000000000000E+000  0.000000000000000E+000
  0.000000000000000E+000  0.000000000000000E+000  0.000000000000000E+000
  0.000000000000000E+000  0.000000000000000E+000  0.000000000000000E+000
  0.000000000000000E+000  0.000000000000000E+000  0.000000000000000E+000
  0.000000000000000E+000  0.000000000000000E+000  0.000000000000000E+000
  0.000000000000000E+000  0.000000000000000E+000  0.000000000000000E+000
  0.000000000000000E+000  0.000000000000000E+000  0.000000000000000E+000
  0.000000000000000E+000  0.000000000000000E+000  0.000000000000000E+000
  0.000000000000000E+000  0.000000000000000E+000  0.000000000000000E+000
  0.000000000000000E+000  0.000000000000000E+000  0.000000000000000E+000
  0.000000000000000E+000  0.000000000000000E+000  0.000000000000000E+000
  0.000000000000000E+000  0.000000000000000E+000  0.000000000000000E+000
  0.000000000000000E+000  0.000000000000000E+000  0.000000000000000E+000
  0.000000000000000E+000  0.000000000000000E+000  0.000000000000000E+000
  0.000000000000000E+000  0.000000000000000E+000  0.000000000000000E+000
  0.000000000000000E+000  0.000000000000000E+000  0.000000000000000E+000
  0.000000000000000E+000  0.000000000000000E+000  0.000000000000000E+000
  0.000000000000000E+000  0.000000000000000E+000  0.000000000000000E+000
  0.000000000000000E+000  0.000000000000000E+000  0.000000000000000E+000
  0.000000000000000E+000  0.000000000000000E+000  0.000000000000000E+000
  0.000000000000000E+000  0.000000000000000E+000  0.000000000000000E+000
  0.000000000000000E+000  0.000000000000000E+000  0.000000000000000E+000
  0.000000000000000E+000  0.000000000000000E+000  0.000000000000000E+000
  0.000000000000000E+000  0.000000000000000E+000  0.000000000000000E+000
  0.000000000000000E+000  0.000000000000000E+000  0.000000000000000E+000
  0.000000000000000E+000  0.000000000000000E+000  0.000000000000000E+000
  0.000000000000000E+000  0.000000000000000E+000  0.000000000000000E+000
  0.000000000000000E+000  0.000000000000000E+000  0.000000000000000E+000
  0.000000000000000E+000  0.000000000000000E+000  0.000000000000000E+000
  0.000000000000000E+000  0.000000000000000E+000  0.000000000000000E+000
  0.000000000000000E+000  0.000000000000000E+000  0.000000000000000E+000
  0.000000000000000E+000  0.000000000000000E+000  0.000000000000000E+000
  0.000000000000000E+000  0.000000000000000E+000  0.000000000000000E+000
  0.000000000000000E+000  0.000000000000000E+000  0.000000000000000E+000
  0.000000000000000E+000  0.000000000000000E+000  0.000000000000000E+000
  0.000000000000000E+000  0.000000000000000E+000  0.000000000000000E+000
  0.000000000000000E+000  0.000000000000000E+000  0.000000000000000E+000
  0.000000000000000E+000  0.000000000000000E+000  0.000000000000000E+000
  0.000000000000000E+000  0.000000000000000E+000  0.000000000000000E+000
  0.000000000000000E+000  0.000000000000000E+000  0.000000000000000E+000
  0.000000000000000E+000  0.000000000000000E+000  0.000000000000000E+000
  0.000000000000000E+000  0.000000000000000E+000  0.000000000000000E+000
  0.000000000000000E+000  0.000000000000000E+000  0.000000000000000E+000
  0.000000000000000E+000  0.000000000000000E+000  0.000000000000000E+000
  0.000000000000000E+000  0.000000000000000E+000  0.000000000000000E+000
  0.000000000000000E+000  0.000000000000000E+000  0.000000000000000E+000
  0.000000000000000E+000  0.000000000000000E+000  0.000000000000000E+000
  0.000000000000000E+000  0.000000000000000E+000  0.000000000000000E+000
