  0.997929029857182      -5.589074718686242E-006 -5.589074717976497E-006
  4.163345782019830E-016 -1.117814942936065E-005 -5.589074718686242E-006
  0.995952978941842      -5.397862340182008E-006 -9.680561371425757E-006
  5.397862340384756E-006 -5.589074717976497E-006 -5.397862340182008E-006
  0.995952978941838       9.680561377092390E-006  5.397862341066582E-006
  4.163345782019830E-016 -9.680561371425757E-006  9.680561377092390E-006
  0.997929029857180      -5.191672241427624E-015 -1.117814942936065E-005
  5.397862340384756E-006  5.397862341066582E-006 -5.191672241427624E-015
  0.995952978941838       0.997929765718651      -5.003720499263124E-006
 -5.003720498553393E-006  4.510288203515215E-016 -1.000744099051450E-005
 -5.003720499263124E-006  0.995942227426859      -5.108308973286075E-006
 -8.666698122960198E-006  5.108308973488822E-006 -5.003720498553393E-006
 -5.108308973286075E-006  0.995942227426855       8.666698128626768E-006
  5.108308974170641E-006  4.510288203515215E-016 -8.666698122960198E-006
  8.666698128626768E-006  0.997929765718649      -5.191634373831121E-015
 -1.000744099051450E-005  5.108308973488822E-006  5.108308974170641E-006
 -5.191634373831121E-015  0.995942227426855       0.997931031192117     
 -8.087924907804471E-006 -2.203564449744806E-006  3.115679780667227E-006
 -5.220042584972419E-006 -8.087924907804471E-006  0.995945730814892     
 -1.283485922519996E-005 -1.358020361137582E-006  4.777797659980609E-006
 -2.203564449744806E-006 -1.283485922519996E-005  0.995963643979380     
  3.816685582968963E-006  1.283485922608451E-005  3.115679780667227E-006
 -1.358020361137582E-006  3.816685582968963E-006  0.997927433514995     
 -6.325338254363674E-006 -5.220042584972419E-006  4.777797659980609E-006
  1.283485922608451E-005 -6.325338254363674E-006  0.995945730814888     
  0.997931656234577      -8.422146500766328E-006 -1.407629154493900E-006
  3.093733687654912E-006 -5.960730412335939E-006 -8.422146500766328E-006
  0.995934435918794      -1.316980233098636E-005 -2.020330067499682E-006
  1.473198984016441E-006 -1.407629154493900E-006 -1.316980233098636E-005
  0.995955482041905       2.438085212057070E-006  1.316980233187092E-005
  3.093733687654912E-006 -2.020330067499682E-006  2.438085212057070E-006
  0.997928083898621      -6.283627791180917E-006 -5.960730412335939E-006
  1.473198984016441E-006  1.316980233187092E-005 -6.283627791180917E-006
  0.995934435918790       0.997931031192117      -2.203564450454579E-006
 -8.087924907094715E-006 -3.115679779799874E-006 -5.220042584972404E-006
 -2.203564450454579E-006  0.995963643979384      -1.283485922519998E-005
 -3.816685577302387E-006  1.283485922540273E-005 -8.087924907094715E-006
 -1.283485922519998E-005  0.995945730814888       1.358020366804158E-006
  4.777797660662427E-006 -3.115679779799874E-006 -3.816685577302387E-006
  1.358020366804158E-006  0.997927433514995       6.325338243980447E-006
 -5.220042584972404E-006  1.283485922540273E-005  4.777797660662427E-006
  6.325338243980447E-006  0.995945730814888       0.997931656234577     
 -1.407629155203656E-006 -8.422146500056596E-006 -3.093733686787559E-006
 -5.960730412335928E-006 -1.407629155203656E-006  0.995955482041909     
 -1.316980233098639E-005 -2.438085206390548E-006  1.316980233118913E-005
 -8.422146500056596E-006 -1.316980233098639E-005  0.995934435918790     
  2.020330073166204E-006  1.473198984698255E-006 -3.093733686787559E-006
 -2.438085206390548E-006  2.020330073166204E-006  0.997928083898621     
  6.283627780797750E-006 -5.960730412335928E-006  1.316980233118913E-005
  1.473198984698255E-006  6.283627780797750E-006  0.995934435918790     
  0.997925634676438       2.867882314820335E-006  2.867882315530057E-006
  4.371590097234290E-016 -4.407128892897328E-006  2.867882314820335E-006
  0.995945730814892      -4.777797659777860E-006 -7.683358610309665E-006
  1.283485922540271E-005  2.867882315530057E-006 -4.777797659777860E-006
  0.995945730814888       7.683358615976200E-006  1.283485922608454E-005
  4.371590097234290E-016 -7.683358610309665E-006  7.683358615976200E-006
  0.997932830030675      -5.191672005428489E-015 -4.407128892897328E-006
  1.283485922540271E-005  1.283485922608454E-005 -5.191672005428489E-015
  0.995963643979380       0.997926297730646       2.461416080418754E-006
  2.461416081128461E-006  4.232813596179490E-016 -2.815258302395565E-006
  2.461416080418754E-006  0.995934435918794      -1.473198983813689E-006
 -8.303957853489039E-006  1.316980233118911E-005  2.461416081128461E-006
 -1.473198983813689E-006  0.995934435918790       8.303957859155520E-006
  1.316980233187095E-005  4.232813596179490E-016 -8.303957853489039E-006
  8.303957859155520E-006  0.997933442402552      -5.191644610674045E-015
 -2.815258302395565E-006  1.316980233118911E-005  1.316980233187095E-005
 -5.191644610674045E-015  0.995955482041905       0.000000000000000E+000
  0.000000000000000E+000  0.000000000000000E+000  0.000000000000000E+000
  0.000000000000000E+000  0.000000000000000E+000  0.000000000000000E+000
  0.000000000000000E+000  0.000000000000000E+000  0.000000000000000E+000
  0.000000000000000E+000  0.000000000000000E+000  0.000000000000000E+000
  0.000000000000000E+000  0.000000000000000E+000  0.000000000000000E+000
  0.000000000000000E+000  0.000000000000000E+000  0.000000000000000E+000
  0.000000000000000E+000  0.000000000000000E+000  0.000000000000000E+000
  0.000000000000000E+000  0.000000000000000E+000  0.000000000000000E+000
  0.000000000000000E+000  0.000000000000000E+000  0.000000000000000E+000
  0.000000000000000E+000  0.000000000000000E+000  0.000000000000000E+000
  0.000000000000000E+000  0.000000000000000E+000  0.000000000000000E+000
  0.000000000000000E+000  0.000000000000000E+000  0.000000000000000E+000
  0.000000000000000E+000  0.000000000000000E+000  0.000000000000000E+000
  0.000000000000000E+000  0.000000000000000E+000  0.000000000000000E+000
  0.000000000000000E+000  0.000000000000000E+000  0.000000000000000E+000
  0.000000000000000E+000  0.000000000000000E+000  0.000000000000000E+000
  0.000000000000000E+000  0.000000000000000E+000  0.000000000000000E+000
  0.000000000000000E+000  0.000000000000000E+000  0.000000000000000E+000
  0.000000000000000E+000  0.000000000000000E+000  0.000000000000000E+000
  0.000000000000000E+000  0.000000000000000E+000  0.000000000000000E+000
  0.000000000000000E+000  0.000000000000000E+000  0.000000000000000E+000
  0.000000000000000E+000  0.000000000000000E+000  0.000000000000000E+000
  0.000000000000000E+000  0.000000000000000E+000  0.000000000000000E+000
  0.000000000000000E+000  0.000000000000000E+000  0.000000000000000E+000
  0.000000000000000E+000  0.000000000000000E+000  0.000000000000000E+000
  0.000000000000000E+000  0.000000000000000E+000  0.000000000000000E+000
  0.000000000000000E+000  0.000000000000000E+000  0.000000000000000E+000
  0.000000000000000E+000  0.000000000000000E+000  0.000000000000000E+000
  0.000000000000000E+000  0.000000000000000E+000  0.000000000000000E+000
  0.000000000000000E+000  0.000000000000000E+000  0.000000000000000E+000
  0.000000000000000E+000  0.000000000000000E+000  0.000000000000000E+000
  0.000000000000000E+000  0.000000000000000E+000  0.000000000000000E+000
  0.000000000000000E+000  0.000000000000000E+000  0.000000000000000E+000
  0.000000000000000E+000  0.000000000000000E+000  0.000000000000000E+000
  0.000000000000000E+000  0.000000000000000E+000  0.000000000000000E+000
  0.000000000000000E+000  0.000000000000000E+000  0.000000000000000E+000
  0.000000000000000E+000  0.000000000000000E+000  0.000000000000000E+000
  0.000000000000000E+000  0.000000000000000E+000  0.000000000000000E+000
  0.000000000000000E+000  0.000000000000000E+000  0.000000000000000E+000
  0.000000000000000E+000  0.000000000000000E+000  0.000000000000000E+000
  0.000000000000000E+000  0.000000000000000E+000  0.000000000000000E+000
  0.000000000000000E+000  0.000000000000000E+000  0.000000000000000E+000
  0.000000000000000E+000  0.000000000000000E+000  0.000000000000000E+000
  0.000000000000000E+000  0.000000000000000E+000  0.000000000000000E+000
  0.000000000000000E+000  0.000000000000000E+000  0.000000000000000E+000
  0.000000000000000E+000  0.000000000000000E+000  0.000000000000000E+000
  0.000000000000000E+000  0.000000000000000E+000  0.000000000000000E+000
  0.000000000000000E+000  0.000000000000000E+000  0.000000000000000E+000
  0.000000000000000E+000  0.000000000000000E+000  0.000000000000000E+000
  0.000000000000000E+000  0.000000000000000E+000  0.000000000000000E+000
  0.000000000000000E+000  0.000000000000000E+000  0.000000000000000E+000
  0.000000000000000E+000  0.000000000000000E+000  0.000000000000000E+000
  0.000000000000000E+000  0.000000000000000E+000  0.000000000000000E+000
  0.000000000000000E+000  0.000000000000000E+000  0.000000000000000E+000
  0.000000000000000E+000  0.000000000000000E+000  0.000000000000000E+000
  0.000000000000000E+000  0.000000000000000E+000  0.000000000000000E+000
  0.000000000000000E+000  0.000000000000000E+000  0.000000000000000E+000
  0.000000000000000E+000  0.000000000000000E+000  0.000000000000000E+000
  0.000000000000000E+000  0.000000000000000E+000  0.000000000000000E+000
  0.000000000000000E+000  0.000000000000000E+000  0.000000000000000E+000
  0.000000000000000E+000  0.000000000000000E+000  0.000000000000000E+000
  0.000000000000000E+000  0.000000000000000E+000  0.000000000000000E+000
  0.000000000000000E+000  0.000000000000000E+000  0.000000000000000E+000
  0.000000000000000E+000  0.000000000000000E+000  0.000000000000000E+000
  0.000000000000000E+000  0.000000000000000E+000  0.000000000000000E+000
  0.000000000000000E+000  0.000000000000000E+000  0.000000000000000E+000
  0.000000000000000E+000  0.997932934626813      -3.650729732522410E-005
 -3.650729732451415E-005  4.163118519799325E-016  3.257313567218341E-005
 -3.650729732522410E-005  0.995936214290749      -1.445217911608198E-005
 -1.344069089318794E-005  2.379674101706473E-005 -3.650729732451415E-005
 -1.445217911608198E-005  0.995936214290745       1.344069089885433E-005
  2.379674101774650E-005  4.163118519799325E-016 -1.344069089318794E-005
  1.344069089885433E-005  0.997926324619368      -5.191606531464078E-015
  3.257313567218341E-005  2.379674101706473E-005  2.379674101774650E-005
 -5.191606531464078E-015  0.995960577377075       0.997906463362522     
 -9.550069154726402E-005 -9.550069154655380E-005  4.370280295305408E-016
  3.206600999118892E-005 -9.550069154726402E-005  0.995812069823706     
 -1.435043873634938E-004 -6.739006028711540E-006  3.483298914518417E-005
 -9.550069154655380E-005 -1.435043873634938E-004  0.995812069823702     
  6.739006034376358E-006  3.483298914586591E-005  4.370280295305408E-016
 -6.739006028711540E-006  6.739006034376358E-006  0.997925320251655     
 -5.191534294567514E-015  3.206600999118892E-005  3.483298914518417E-005
  3.483298914586591E-005 -5.191534294567514E-015  0.995962000599466     
  0.997921502827423       2.534043103641160E-005 -4.325961469566962E-005
  3.531189102165561E-006 -1.310264723706801E-005  2.534043103641160E-005
  0.995911908782404       4.251395567074345E-005  1.307112224064494E-006
  2.335404280828538E-005 -4.325961469566962E-005  4.251395567074345E-005
  0.995927148012361       2.008435884336991E-005 -4.680762554165237E-006
  3.531189102165561E-006  1.307112224064494E-006  2.008435884336991E-005
  0.997947837434329       6.904634465899050E-006 -1.310264723706801E-005
  2.335404280828538E-005 -4.680762554165237E-006  6.904634465899050E-006
  0.995995372082575       0.997899110487070       7.074860543023044E-005
 -8.681781508657743E-005  1.906613445887370E-006 -1.503748250368518E-005
  7.074860543023044E-005  0.995802516833923       1.456818614154362E-004
 -2.415868626905355E-006  3.525200434010933E-005 -8.681781508657743E-005
  1.456818614154362E-004  0.995824718888323       1.037145525461336E-005
 -1.604287631249724E-005  1.906613445887370E-006 -2.415868626905355E-006
  1.037145525461336E-005  0.997946601690082       6.808044599049985E-006
 -1.503748250368518E-005  3.525200434010933E-005 -1.604287631249724E-005
  6.808044599049985E-006  0.995995989071366       0.997921502827423     
 -4.325961469637931E-005  2.534043103712128E-005 -3.531189101277391E-006
 -1.310264723706808E-005 -4.325961469637931E-005  0.995927148012365     
  4.251395567074338E-005 -2.008435883770308E-005 -4.680762554847213E-006
  2.534043103712128E-005  4.251395567074338E-005  0.995911908782400     
 -1.307112218397913E-006  2.335404280896743E-005 -3.531189101277391E-006
 -2.008435883770308E-005 -1.307112218397913E-006  0.997947837434329     
 -6.904634476282733E-006 -1.310264723706808E-005 -4.680762554847213E-006
  2.335404280896743E-005 -6.904634476282733E-006  0.995995372082575     
  0.997899110487070      -8.681781508728690E-005  7.074860543093986E-005
 -1.906613445026957E-006 -1.503748250368534E-005 -8.681781508728690E-005
  0.995824718888327       1.456818614154360E-004 -1.037145524894645E-005
 -1.604287631317953E-005  7.074860543093986E-005  1.456818614154360E-004
  0.995802516833919       2.415868632571749E-006  3.525200434079166E-005
 -1.906613445026957E-006 -1.037145524894645E-005  2.415868632571749E-006
  0.997946601690082      -6.808044609433656E-006 -1.503748250368534E-005
 -1.604287631317953E-005  3.525200434079166E-005 -6.808044609433656E-006
  0.995995989071366       0.997966382217506      -6.756356318994660E-005
 -6.756356318923669E-005  4.370938568553894E-016 -5.852834188861440E-005
 -6.756356318994660E-005  0.995956687592723       5.911519794300675E-006
 -4.643194981337330E-005  9.823079677518801E-005 -6.756356318923669E-005
  5.911519794300675E-006  0.995956687592719       4.643194981903937E-005
  9.823079677586943E-005  4.370938568553894E-016 -4.643194981337330E-005
  4.643194981903937E-005  0.997915777876311      -5.191194491447952E-015
 -5.852834188861440E-005  9.823079677518801E-005  9.823079677586943E-005
 -5.191194491447952E-015  0.995954358770999       0.997958203343164     
 -5.205735981822175E-005 -5.205735981751193E-005  4.301941916352658E-016
 -6.230657001414812E-005 -5.205735981822175E-005  0.995887789022385     
 -5.501523083488007E-005 -5.152295203153585E-005  9.910755097275733E-005
 -5.205735981751193E-005 -5.501523083488007E-005  0.995887789022381     
  5.152295203720111E-005  9.910755097343872E-005  4.301941916352658E-016
 -5.152295203153585E-005  5.152295203720111E-005  0.997913967790151     
 -5.191184392136872E-015 -6.230657001414812E-005  9.910755097275733E-005
  9.910755097343872E-005 -5.191184392136872E-015  0.995952631660293     
  0.000000000000000E+000  0.000000000000000E+000  0.000000000000000E+000
  0.000000000000000E+000  0.000000000000000E+000  0.000000000000000E+000
  0.000000000000000E+000  0.000000000000000E+000  0.000000000000000E+000
  0.000000000000000E+000  0.000000000000000E+000  0.000000000000000E+000
  0.000000000000000E+000  0.000000000000000E+000  0.000000000000000E+000
  0.000000000000000E+000  0.000000000000000E+000  0.000000000000000E+000
  0.000000000000000E+000  0.000000000000000E+000  0.000000000000000E+000
  0.000000000000000E+000  0.000000000000000E+000  0.000000000000000E+000
  0.000000000000000E+000  0.000000000000000E+000  0.000000000000000E+000
  0.000000000000000E+000  0.000000000000000E+000  0.000000000000000E+000
  0.000000000000000E+000  0.000000000000000E+000  0.000000000000000E+000
  0.000000000000000E+000  0.000000000000000E+000  0.000000000000000E+000
  0.000000000000000E+000  0.000000000000000E+000  0.000000000000000E+000
  0.000000000000000E+000  0.000000000000000E+000  0.000000000000000E+000
  0.000000000000000E+000  0.000000000000000E+000  0.000000000000000E+000
  0.000000000000000E+000  0.000000000000000E+000  0.000000000000000E+000
  0.000000000000000E+000  0.000000000000000E+000  0.000000000000000E+000
  0.000000000000000E+000  0.000000000000000E+000  0.000000000000000E+000
  0.000000000000000E+000  0.000000000000000E+000  0.000000000000000E+000
  0.000000000000000E+000  0.000000000000000E+000  0.000000000000000E+000
  0.000000000000000E+000  0.000000000000000E+000  0.000000000000000E+000
  0.000000000000000E+000  0.000000000000000E+000  0.000000000000000E+000
  0.000000000000000E+000  0.000000000000000E+000  0.000000000000000E+000
  0.000000000000000E+000  0.000000000000000E+000  0.000000000000000E+000
  0.000000000000000E+000  0.000000000000000E+000  0.000000000000000E+000
  0.000000000000000E+000  0.000000000000000E+000  0.000000000000000E+000
  0.000000000000000E+000  0.000000000000000E+000  0.000000000000000E+000
  0.000000000000000E+000  0.000000000000000E+000  0.000000000000000E+000
  0.000000000000000E+000  0.000000000000000E+000  0.000000000000000E+000
  0.000000000000000E+000  0.000000000000000E+000  0.000000000000000E+000
  0.000000000000000E+000  0.000000000000000E+000  0.000000000000000E+000
  0.000000000000000E+000  0.000000000000000E+000  0.000000000000000E+000
  0.000000000000000E+000  0.000000000000000E+000  0.000000000000000E+000
  0.000000000000000E+000  0.000000000000000E+000  0.000000000000000E+000
  0.000000000000000E+000  0.000000000000000E+000  0.000000000000000E+000
  0.000000000000000E+000  0.000000000000000E+000  0.000000000000000E+000
  0.000000000000000E+000  0.000000000000000E+000  0.000000000000000E+000
  0.000000000000000E+000  0.000000000000000E+000  0.000000000000000E+000
  0.000000000000000E+000  0.000000000000000E+000  0.000000000000000E+000
  0.000000000000000E+000  0.000000000000000E+000  0.000000000000000E+000
  0.000000000000000E+000  0.000000000000000E+000  0.000000000000000E+000
  0.000000000000000E+000  0.000000000000000E+000  0.000000000000000E+000
  0.000000000000000E+000  0.000000000000000E+000  0.000000000000000E+000
  0.000000000000000E+000  0.000000000000000E+000  0.000000000000000E+000
  0.000000000000000E+000  0.000000000000000E+000  0.000000000000000E+000
  0.000000000000000E+000  0.000000000000000E+000  0.000000000000000E+000
  0.000000000000000E+000  0.000000000000000E+000  0.000000000000000E+000
  0.000000000000000E+000  0.000000000000000E+000  0.000000000000000E+000
  0.000000000000000E+000  0.000000000000000E+000  0.000000000000000E+000
  0.000000000000000E+000  0.000000000000000E+000  0.000000000000000E+000
  0.000000000000000E+000  0.000000000000000E+000  0.000000000000000E+000
  0.000000000000000E+000  0.000000000000000E+000  0.000000000000000E+000
  0.000000000000000E+000  0.000000000000000E+000  0.000000000000000E+000
  0.000000000000000E+000  0.000000000000000E+000  0.000000000000000E+000
  0.000000000000000E+000  0.000000000000000E+000  0.000000000000000E+000
  0.000000000000000E+000  0.000000000000000E+000  0.000000000000000E+000
  0.000000000000000E+000  0.000000000000000E+000  0.000000000000000E+000
  0.000000000000000E+000  0.000000000000000E+000  0.000000000000000E+000
  0.000000000000000E+000  0.000000000000000E+000  0.000000000000000E+000
  0.000000000000000E+000  0.000000000000000E+000  0.000000000000000E+000
  0.000000000000000E+000  0.000000000000000E+000  0.000000000000000E+000
  0.000000000000000E+000  0.000000000000000E+000  0.000000000000000E+000
  0.000000000000000E+000  0.000000000000000E+000  0.000000000000000E+000
  0.000000000000000E+000  0.000000000000000E+000  0.000000000000000E+000
  0.000000000000000E+000  0.000000000000000E+000  0.000000000000000E+000
  0.000000000000000E+000  0.000000000000000E+000  0.000000000000000E+000
  0.000000000000000E+000  0.000000000000000E+000  0.997927977121231     
  1.628656783208597E-005  6.613668897926724E-006  2.862217182764138E-006
 -2.989362841999545E-005  1.628656783208597E-005  0.995960577377079     
 -2.379674101686198E-005  2.820916297472709E-005  2.379674101706470E-005
  6.613668897926724E-006 -2.379674101686198E-005  0.995936214290745     
  3.833659235509722E-005  1.445217911696643E-005  2.862217182764138E-006
  2.820916297472709E-005  3.833659235509722E-005  0.997931282124950     
 -2.489590146143448E-005 -2.989362841999545E-005  2.379674101706470E-005
  1.445217911696643E-005 -2.489590146143448E-005  0.995936214290745     
  0.997920606029373       1.603300499158886E-005  4.191419534974234E-005
 -8.165272513224743E-006 -5.358649619022125E-005  1.603300499158886E-005
  0.995962000599470      -3.483298914498170E-005  2.776997925207449E-005
  3.483298914518445E-005  4.191419534974234E-005 -3.483298914498170E-005
  0.995812069823702       8.607552797461483E-005  1.435043873643779E-004
 -8.165272513224743E-006  2.776997925207449E-005  8.607552797461483E-005
  0.997911177584803      -7.933652194542936E-005 -5.358649619022125E-005
  3.483298914518445E-005  1.435043873643779E-004 -7.933652194542936E-005
  0.995812069823702       0.997944311882072      -5.717347667296489E-007
  4.236242369245563E-006 -9.637624739100560E-006  1.380220791037432E-005
 -5.717347667296489E-007  0.995995372082579       4.680762555049908E-006
 -1.479954259797320E-005  2.335404280828551E-005  4.236242369245563E-006
  4.680762555049908E-006  0.995927148012361       4.750610470519069E-005
 -4.251395566985887E-005 -9.637624739100560E-006 -1.479954259797320E-005
  4.750610470519069E-005  0.997925028379680       2.129190090747490E-005
  1.380220791037432E-005  2.335404280828551E-005 -4.251395566985887E-005
  2.129190090747490E-005  0.995911908782400       0.997936380065010     
 -1.622801678477708E-006  3.442696381707175E-005 -1.961098741011523E-005
  3.328209911254089E-005 -1.622801678477708E-006  0.995995989071370     
  1.604287631338206E-005 -1.642686415757722E-005  3.525200434010958E-005
  3.442696381707175E-005  1.604287631338206E-005  0.995824718888323     
  8.037216099247179E-005 -1.456818614145515E-004 -1.961098741011523E-005
 -1.642686415757722E-005  8.037216099247179E-005  0.997909332112142     
  6.247802389748087E-005  3.328209911254089E-005  3.525200434010958E-005
 -1.456818614145515E-004  6.247802389748087E-005  0.995802516833919     
  0.997928428961611      -2.926417094831255E-005 -6.429466497422215E-006
  2.191232250788739E-005 -7.399302968006725E-005 -2.926417094831255E-005
  0.995954358771003      -9.823079677498497E-005 -5.068703091522196E-005
  9.823079677518798E-005 -6.429466497422215E-006 -9.823079677498497E-005
  0.995956687592719       8.172773700072293E-005 -5.911519793416281E-006
  2.191232250788739E-005 -5.068703091522196E-005  8.172773700072293E-005
  0.997953731132206      -3.529578718687508E-005 -7.399302968006725E-005
  9.823079677518798E-005 -5.911519793416281E-006 -3.529578718687508E-005
  0.995956687592718       0.997925026678406      -3.115328501107941E-005
 -1.859150543493556E-005  1.915455632901797E-005 -7.064886524585656E-005
 -3.115328501107941E-005  0.995952631660297      -9.910755097255439E-005
 -5.395907245322706E-005  9.910755097275739E-005 -1.859150543493556E-005
 -9.910755097255439E-005  0.995887789022381       7.084447207364233E-005
  5.501523083576434E-005  1.915455632901797E-005 -5.395907245322706E-005
  7.084447207364233E-005  0.997947144454909      -1.932152004163234E-005
 -7.064886524585656E-005  9.910755097275739E-005  5.501523083576434E-005
 -1.932152004163234E-005  0.995887789022381       0.997938195683136     
 -1.253091247835051E-005 -1.153822313333927E-005 -1.316881384085673E-005
 -3.902337231983147E-005 -1.253091247835051E-005  0.995995372082579     
 -2.335404280808280E-005 -7.894908126882300E-006 -4.680762554847153E-006
 -1.153822313333927E-005 -2.335404280808280E-005  0.995911908782401     
 -2.259901313106439E-005 -4.251395566985872E-005 -1.316881384085673E-005
 -7.894908126882300E-006 -2.259901313106439E-005  0.997931144578616     
 -2.742174586701236E-005 -3.902337231983147E-005 -4.680762554847153E-006
 -4.251395566985872E-005 -2.742174586701236E-005  0.995927148012361     
  0.997933077713652      -1.341468083321967E-005 -3.746650632499125E-005
 -2.151760085554456E-005 -5.239085126291289E-005 -1.341468083321967E-005
  0.995995989071370      -3.525200433990693E-005 -9.618819553335381E-006
 -1.604287631317934E-005 -3.746650632499125E-005 -3.525200433990693E-005
  0.995802516833919      -6.006215527010046E-005 -1.456818614145513E-004
 -2.151760085554456E-005 -9.618819553335381E-006 -6.006215527010046E-005
  0.997912634463501      -7.000070574304980E-005 -5.239085126291289E-005
 -1.604287631317934E-005 -1.456818614145513E-004 -7.000070574304980E-005
  0.995824718888323       0.000000000000000E+000  0.000000000000000E+000
  0.000000000000000E+000  0.000000000000000E+000  0.000000000000000E+000
  0.000000000000000E+000  0.000000000000000E+000  0.000000000000000E+000
  0.000000000000000E+000  0.000000000000000E+000  0.000000000000000E+000
  0.000000000000000E+000  0.000000000000000E+000  0.000000000000000E+000
  0.000000000000000E+000  0.000000000000000E+000  0.000000000000000E+000
  0.000000000000000E+000  0.000000000000000E+000  0.000000000000000E+000
  0.000000000000000E+000  0.000000000000000E+000  0.000000000000000E+000
  0.000000000000000E+000  0.000000000000000E+000  0.000000000000000E+000
  0.000000000000000E+000  0.000000000000000E+000  0.000000000000000E+000
  0.000000000000000E+000  0.000000000000000E+000  0.000000000000000E+000
  0.000000000000000E+000  0.000000000000000E+000  0.000000000000000E+000
  0.000000000000000E+000  0.000000000000000E+000  0.000000000000000E+000
  0.000000000000000E+000  0.000000000000000E+000  0.000000000000000E+000
  0.000000000000000E+000  0.000000000000000E+000  0.000000000000000E+000
  0.000000000000000E+000  0.000000000000000E+000  0.000000000000000E+000
  0.000000000000000E+000  0.000000000000000E+000  0.000000000000000E+000
  0.000000000000000E+000  0.000000000000000E+000  0.000000000000000E+000
  0.000000000000000E+000  0.000000000000000E+000  0.000000000000000E+000
  0.000000000000000E+000  0.000000000000000E+000  0.000000000000000E+000
  0.000000000000000E+000  0.000000000000000E+000  0.000000000000000E+000
  0.000000000000000E+000  0.000000000000000E+000  0.000000000000000E+000
  0.000000000000000E+000  0.000000000000000E+000  0.000000000000000E+000
  0.000000000000000E+000  0.000000000000000E+000  0.000000000000000E+000
  0.000000000000000E+000  0.000000000000000E+000  0.000000000000000E+000
  0.000000000000000E+000  0.000000000000000E+000  0.000000000000000E+000
  0.000000000000000E+000  0.000000000000000E+000  0.000000000000000E+000
  0.000000000000000E+000  0.000000000000000E+000  0.000000000000000E+000
  0.000000000000000E+000  0.000000000000000E+000  0.000000000000000E+000
  0.000000000000000E+000  0.000000000000000E+000  0.000000000000000E+000
  0.000000000000000E+000  0.000000000000000E+000  0.000000000000000E+000
  0.000000000000000E+000  0.000000000000000E+000  0.000000000000000E+000
  0.000000000000000E+000  0.000000000000000E+000  0.000000000000000E+000
  0.000000000000000E+000  0.000000000000000E+000  0.000000000000000E+000
  0.000000000000000E+000  0.000000000000000E+000  0.000000000000000E+000
  0.000000000000000E+000  0.000000000000000E+000  0.000000000000000E+000
  0.000000000000000E+000  0.000000000000000E+000  0.000000000000000E+000
  0.000000000000000E+000  0.000000000000000E+000  0.000000000000000E+000
  0.000000000000000E+000  0.000000000000000E+000  0.000000000000000E+000
  0.000000000000000E+000  0.000000000000000E+000  0.000000000000000E+000
  0.000000000000000E+000  0.000000000000000E+000  0.000000000000000E+000
  0.000000000000000E+000  0.000000000000000E+000  0.000000000000000E+000
  0.000000000000000E+000  0.000000000000000E+000  0.000000000000000E+000
  0.000000000000000E+000  0.000000000000000E+000  0.000000000000000E+000
  0.000000000000000E+000  0.000000000000000E+000  0.000000000000000E+000
  0.000000000000000E+000  0.000000000000000E+000  0.000000000000000E+000
  0.000000000000000E+000  0.000000000000000E+000  0.000000000000000E+000
  0.000000000000000E+000  0.000000000000000E+000  0.000000000000000E+000
  0.000000000000000E+000  0.000000000000000E+000  0.000000000000000E+000
  0.000000000000000E+000  0.000000000000000E+000  0.000000000000000E+000
  0.000000000000000E+000  0.000000000000000E+000  0.000000000000000E+000
  0.000000000000000E+000  0.000000000000000E+000  0.000000000000000E+000
  0.000000000000000E+000  0.000000000000000E+000  0.000000000000000E+000
  0.000000000000000E+000  0.000000000000000E+000  0.000000000000000E+000
  0.000000000000000E+000  0.000000000000000E+000  0.000000000000000E+000
  0.000000000000000E+000  0.000000000000000E+000  0.000000000000000E+000
  0.000000000000000E+000  0.000000000000000E+000  0.000000000000000E+000
  0.000000000000000E+000  0.000000000000000E+000  0.000000000000000E+000
  0.000000000000000E+000  0.000000000000000E+000  0.000000000000000E+000
  0.000000000000000E+000  0.000000000000000E+000  0.000000000000000E+000
  0.000000000000000E+000  0.000000000000000E+000  0.000000000000000E+000
  0.000000000000000E+000  0.000000000000000E+000  0.000000000000000E+000
  0.000000000000000E+000  0.000000000000000E+000  0.000000000000000E+000
  0.000000000000000E+000  0.000000000000000E+000  0.000000000000000E+000
  0.000000000000000E+000  0.000000000000000E+000  0.000000000000000E+000
  0.000000000000000E+000  0.000000000000000E+000  0.000000000000000E+000
  0.000000000000000E+000  0.000000000000000E+000  0.000000000000000E+000
  0.997936172639783      -4.571030044155161E-006 -1.962405719250339E-005
 -2.302550864958369E-005 -1.136136748017364E-005 -4.571030044155161E-006
  0.995960027081270       1.724914066894130E-005 -1.047989172022794E-005
  3.348685020641631E-005 -1.962405719250339E-005  1.724914066894130E-005
  0.995987367080577       3.398986410631169E-005 -1.724914066805664E-005
 -2.302550864958369E-005 -1.047989172022794E-005  3.398986410631169E-005
  0.997962760207016       1.281317719540770E-006 -1.136136748017364E-005
  3.348685020641631E-005 -1.724914066805664E-005  1.281317719540770E-006
  0.995960027081266       0.997931996197844       1.313359443381753E-006
 -2.763660816449080E-005 -1.183922865851532E-005 -1.399575017453563E-005
  1.313359443381753E-006  0.995954863725641       2.432164023087143E-005
 -1.691916869035075E-005  3.941423026817031E-005 -2.763660816449080E-005
  2.432164023087143E-005  0.995974102921622       4.786800948802926E-005
 -2.432164022998678E-005 -1.183922865851532E-005 -1.691916869035075E-005
  4.786800948802926E-005  0.997945666961549       9.596986986571235E-006
 -1.399575017453563E-005  3.941423026817031E-005 -2.432164022998678E-005
  9.596986986571235E-006  0.995954863725637       0.997921118948079     
  2.037778220463031E-005 -1.446664185996208E-005 -6.803896057713798E-006
  2.666505340376816E-005  2.037778220463031E-005  0.995964885754239     
  4.109594391643309E-006  1.902503347929798E-005  3.419439240666634E-005
 -1.446664185996208E-005  4.109594391643309E-006  0.995976418060517     
  2.505695871461544E-005 -4.109594390758722E-006 -6.803896057713798E-006
  1.902503347929798E-005  2.505695871461544E-005  0.997928975410518     
  8.135160321474435E-006  2.666505340376816E-005  3.419439240666634E-005
 -4.109594390758722E-006  8.135160321474435E-006  0.995964885754235     
  0.997916182444453       1.218734677059769E-005 -2.674502025147440E-005
  6.619829569225178E-006  3.058695903853566E-005  1.218734677059769E-005
  0.995957489353945      -7.403662878835332E-006  2.828241012985571E-005
  4.222076777588279E-005 -2.674502025147440E-005 -7.403662878835332E-006
  0.995952564724444       4.632373392327064E-005  7.403662879719842E-006
  6.619829569225178E-006  2.828241012985571E-005  4.632373392327064E-005
  0.997908538523684      -3.586653157732825E-006  3.058695903853566E-005
  4.222076777588279E-005  7.403662879719842E-006 -3.586653157732825E-006
  0.995957489353941       0.997907612184287       5.147351502343915E-005
  2.255653460698159E-005  3.135681421601727E-005  1.128166530315106E-004
  5.147351502343915E-005  0.995936361650927       1.197686886133571E-004
  8.446324483031456E-005  9.677545834562413E-005  2.255653460698159E-005
  1.197686886133571E-004  0.995981131370169       8.371083723990520E-005
 -4.033174628831528E-006  3.135681421601727E-005  8.446324483031456E-005
  8.371083723990520E-005  0.997955648759927       5.418291457341753E-005
  1.128166530315106E-004  9.677545834562413E-005 -4.033174628831528E-006
  5.418291457341753E-005  0.995985971738964       0.997899652935678     
  5.522898795379228E-005  3.290362746007689E-005  4.043862242565645E-005
  1.184719916927327E-004  5.522898795379228E-005  0.995932574881580     
  1.145338715715054E-004  8.038774669070467E-005  9.331943514013553E-005
  3.290362746007689E-005  1.145338715715054E-004  0.995964462583328     
  7.195440469161198E-005 -1.217069387906875E-005  4.043862242565645E-005
  8.038774669070467E-005  7.195440469161198E-005  0.997945957236530     
  4.711391624094289E-005  1.184719916927327E-004  9.331943514013553E-005
 -1.217069387906875E-005  4.711391624094289E-005  0.995979884128321     
  0.997970795413710       1.033321069879073E-004 -8.377397892682147E-005
 -5.122040300148326E-006  9.888407322136819E-005  1.033321069879073E-004
  0.995985971738968       4.033174629716203E-006  7.061063020761743E-005
  9.677545834562418E-005 -8.377397892682147E-005  4.033174629716203E-006
  0.995981131370169       2.232088662809295E-005 -1.197686886124723E-004
 -5.122040300148326E-006  7.061063020761743E-005  2.232088662809295E-005
  0.997892465530503       2.345749216348202E-006  9.888407322136819E-005
  9.677545834562418E-005 -1.197686886124723E-004  2.345749216348202E-006
  0.995936361650923       0.997969402035633       1.000378441832855E-004
 -7.876615610866896E-005  1.689607909139458E-007  9.723232476456636E-005
  1.000378441832855E-004  0.995979884128325       1.217069387995344E-005
  7.904279632147735E-005  9.331943514013556E-005 -7.876615610866896E-005
  1.217069387995344E-005  0.995964462583328       7.481825087849405E-006
 -1.145338715706205E-004  1.689607909139458E-007  7.904279632147735E-005
  7.481825087849405E-006  0.997876208136576       7.635833247063775E-006
  9.723232476456636E-005  9.331943514013556E-005 -1.145338715706205E-004
  7.635833247063775E-006  0.995932574881576       0.000000000000000E+000
  0.000000000000000E+000  0.000000000000000E+000  0.000000000000000E+000
  0.000000000000000E+000  0.000000000000000E+000  0.000000000000000E+000
  0.000000000000000E+000  0.000000000000000E+000  0.000000000000000E+000
  0.000000000000000E+000  0.000000000000000E+000  0.000000000000000E+000
  0.000000000000000E+000  0.000000000000000E+000  0.000000000000000E+000
  0.000000000000000E+000  0.000000000000000E+000  0.000000000000000E+000
  0.000000000000000E+000  0.000000000000000E+000  0.000000000000000E+000
  0.000000000000000E+000  0.000000000000000E+000  0.000000000000000E+000
  0.000000000000000E+000  0.000000000000000E+000  0.000000000000000E+000
  0.000000000000000E+000  0.000000000000000E+000  0.000000000000000E+000
  0.000000000000000E+000  0.000000000000000E+000  0.000000000000000E+000
  0.000000000000000E+000  0.000000000000000E+000  0.000000000000000E+000
  0.000000000000000E+000  0.000000000000000E+000  0.000000000000000E+000
  0.000000000000000E+000  0.000000000000000E+000  0.000000000000000E+000
  0.000000000000000E+000  0.000000000000000E+000  0.000000000000000E+000
  0.000000000000000E+000  0.000000000000000E+000  0.000000000000000E+000
  0.000000000000000E+000  0.000000000000000E+000  0.000000000000000E+000
  0.000000000000000E+000  0.000000000000000E+000  0.000000000000000E+000
  0.000000000000000E+000  0.000000000000000E+000  0.000000000000000E+000
  0.000000000000000E+000  0.000000000000000E+000  0.000000000000000E+000
  0.000000000000000E+000  0.000000000000000E+000  0.000000000000000E+000
  0.000000000000000E+000  0.000000000000000E+000  0.000000000000000E+000
  0.000000000000000E+000  0.000000000000000E+000  0.000000000000000E+000
  0.000000000000000E+000  0.000000000000000E+000  0.000000000000000E+000
  0.000000000000000E+000  0.000000000000000E+000  0.000000000000000E+000
  0.000000000000000E+000  0.000000000000000E+000  0.000000000000000E+000
  0.000000000000000E+000  0.000000000000000E+000  0.000000000000000E+000
  0.000000000000000E+000  0.000000000000000E+000  0.000000000000000E+000
  0.000000000000000E+000  0.000000000000000E+000  0.000000000000000E+000
  0.000000000000000E+000  0.000000000000000E+000  0.000000000000000E+000
  0.000000000000000E+000  0.000000000000000E+000  0.000000000000000E+000
  0.000000000000000E+000  0.000000000000000E+000  0.000000000000000E+000
  0.000000000000000E+000  0.000000000000000E+000  0.000000000000000E+000
  0.000000000000000E+000  0.000000000000000E+000  0.000000000000000E+000
  0.000000000000000E+000  0.000000000000000E+000  0.000000000000000E+000
  0.000000000000000E+000  0.000000000000000E+000  0.000000000000000E+000
  0.000000000000000E+000  0.000000000000000E+000  0.000000000000000E+000
  0.000000000000000E+000  0.000000000000000E+000  0.000000000000000E+000
  0.000000000000000E+000  0.000000000000000E+000  0.000000000000000E+000
  0.000000000000000E+000  0.000000000000000E+000  0.000000000000000E+000
  0.000000000000000E+000  0.000000000000000E+000  0.000000000000000E+000
  0.000000000000000E+000  0.000000000000000E+000  0.000000000000000E+000
  0.000000000000000E+000  0.000000000000000E+000  0.000000000000000E+000
  0.000000000000000E+000  0.000000000000000E+000  0.000000000000000E+000
  0.000000000000000E+000  0.000000000000000E+000  0.000000000000000E+000
  0.000000000000000E+000  0.000000000000000E+000  0.000000000000000E+000
  0.000000000000000E+000  0.000000000000000E+000  0.000000000000000E+000
  0.000000000000000E+000  0.000000000000000E+000  0.000000000000000E+000
  0.000000000000000E+000  0.000000000000000E+000  0.000000000000000E+000
  0.000000000000000E+000  0.000000000000000E+000  0.000000000000000E+000
  0.000000000000000E+000  0.000000000000000E+000  0.000000000000000E+000
  0.000000000000000E+000  0.000000000000000E+000  0.000000000000000E+000
  0.000000000000000E+000  0.000000000000000E+000  0.000000000000000E+000
  0.000000000000000E+000  0.000000000000000E+000  0.000000000000000E+000
  0.000000000000000E+000  0.000000000000000E+000  0.000000000000000E+000
  0.000000000000000E+000  0.000000000000000E+000  0.000000000000000E+000
  0.000000000000000E+000  0.000000000000000E+000  0.000000000000000E+000
  0.000000000000000E+000  0.000000000000000E+000  0.000000000000000E+000
  0.000000000000000E+000  0.000000000000000E+000  0.000000000000000E+000
  0.000000000000000E+000  0.000000000000000E+000  0.000000000000000E+000
  0.000000000000000E+000  0.000000000000000E+000  0.000000000000000E+000
  0.000000000000000E+000  0.000000000000000E+000  0.000000000000000E+000
  0.000000000000000E+000  0.000000000000000E+000  0.000000000000000E+000
  0.000000000000000E+000  0.000000000000000E+000  0.000000000000000E+000
  0.000000000000000E+000  0.000000000000000E+000  0.000000000000000E+000
  0.000000000000000E+000  0.000000000000000E+000  0.000000000000000E+000
  0.000000000000000E+000  0.997927977121231       6.613668897217021E-006
  1.628656783279559E-005 -2.862217181882868E-006 -2.989362841999539E-005
  6.613668897217021E-006  0.995936214290749      -2.379674101686197E-005
 -3.833659234943106E-005  1.445217911628482E-005  1.628656783279559E-005
 -2.379674101686197E-005  0.995960577377075      -2.820916296906047E-005
  2.379674101774652E-005 -2.862217181882868E-006 -3.833659234943106E-005
 -2.820916296906047E-005  0.997931282124950       2.489590145105147E-005
 -2.989362841999539E-005  1.445217911628482E-005  2.379674101774652E-005
  2.489590145105147E-005  0.995936214290745       0.997920606029373     
  4.191419534903287E-005  1.603300499229838E-005  8.165272514119981E-006
 -5.358649619022127E-005  4.191419534903287E-005  0.995812069823706     
 -3.483298914498118E-005 -8.607552796895064E-005  1.435043873636968E-004
  1.603300499229838E-005 -3.483298914498118E-005  0.995962000599467     
 -2.776997924640781E-005  3.483298914586570E-005  8.165272514119981E-006
 -8.607552796895064E-005 -2.776997924640781E-005  0.997911177584803     
  7.933652193504800E-005 -5.358649619022127E-005  1.435043873636968E-004
  3.483298914586570E-005  7.933652193504800E-005  0.995812069823702     
  0.997928428961612      -6.429466498132077E-006 -2.926417094760276E-005
 -2.191232250702690E-005 -7.399302968006703E-005 -6.429466498132077E-006
  0.995956687592723      -9.823079677498522E-005 -8.172773699505687E-005
 -5.911519794097596E-006 -2.926417094760276E-005 -9.823079677498522E-005
  0.995954358770999       5.068703092088753E-005  9.823079677586940E-005
 -2.191232250702690E-005 -8.172773699505687E-005  5.068703092088753E-005
  0.997953731132206       3.529578717649196E-005 -7.399302968006703E-005
 -5.911519794097596E-006  9.823079677586940E-005  3.529578717649196E-005
  0.995956687592719       0.997925026678406      -1.859150543564533E-005
 -3.115328501036957E-005 -1.915455632812976E-005 -7.064886524585644E-005
 -1.859150543564533E-005  0.995887789022385      -9.910755097255440E-005
 -7.084447206797710E-005  5.501523083508314E-005 -3.115328501036957E-005
 -9.910755097255440E-005  0.995952631660293       5.395907245889252E-005
  9.910755097343860E-005 -1.915455632812976E-005 -7.084447206797710E-005
  5.395907245889252E-005  0.997947144454909       1.932152003125008E-005
 -7.064886524585644E-005  5.501523083508314E-005  9.910755097343860E-005
  1.932152003125008E-005  0.995887789022381       0.997944311882071     
  4.236242368535806E-006 -5.717347660198420E-007  9.637624739988786E-006
  1.380220791037435E-005  4.236242368535806E-006  0.995927148012365     
  4.680762555049903E-006 -4.750610469952374E-005 -4.251395567054059E-005
 -5.717347660198420E-007  4.680762555049903E-006  0.995995372082575     
  1.479954260364001E-005  2.335404280896724E-005  9.637624739988786E-006
 -4.750610469952374E-005  1.479954260364001E-005  0.997925028379680     
 -2.129190091785813E-005  1.380220791037435E-005 -4.251395567054059E-005
  2.335404280896724E-005 -2.129190091785813E-005  0.995911908782400     
  0.997936380065010       3.442696381636211E-005 -1.622801677767934E-006
  1.961098741098965E-005  3.328209911254102E-005  3.442696381636211E-005
  0.995824718888327       1.604287631338203E-005 -8.037216098680463E-005
 -1.456818614152332E-004 -1.622801677767934E-006  1.604287631338203E-005
  0.995995989071366       1.642686416324397E-005  3.525200434079128E-005
  1.961098741098965E-005 -8.037216098680463E-005  1.642686416324397E-005
  0.997909332112142      -6.247802390786381E-005  3.328209911254102E-005
 -1.456818614152332E-004  3.525200434079128E-005 -6.247802390786381E-005
  0.995802516833919       0.997938195683136      -1.153822313404893E-005
 -1.253091247764074E-005  1.316881384168936E-005 -3.902337231983142E-005
 -1.153822313404893E-005  0.995911908782405      -2.335404280808270E-005
  2.259901313673107E-005 -4.251395567054073E-005 -1.253091247764074E-005
 -2.335404280808270E-005  0.995995372082575       7.894908132549141E-006
 -4.680762554165324E-006  1.316881384168936E-005  2.259901313673107E-005
  7.894908132549141E-006  0.997931144578616       2.742174585662893E-005
 -3.902337231983142E-005 -4.251395567054073E-005 -4.680762554165324E-006
  2.742174585662893E-005  0.995927148012361       0.997933077713652     
 -3.746650632570081E-005 -1.341468083250985E-005  2.151760085643957E-005
 -5.239085126291279E-005 -3.746650632570081E-005  0.995802516833923     
 -3.525200433990681E-005  6.006215527576721E-005 -1.456818614152335E-004
 -1.341468083250985E-005 -3.525200433990681E-005  0.995995989071366     
  9.618819559002254E-006 -1.604287631249752E-005  2.151760085643957E-005
  6.006215527576721E-005  9.618819559002254E-006  0.997912634463501     
  7.000070573266662E-005 -5.239085126291279E-005 -1.456818614152335E-004
 -1.604287631249752E-005  7.000070573266662E-005  0.995824718888323     
  0.000000000000000E+000  0.000000000000000E+000  0.000000000000000E+000
  0.000000000000000E+000  0.000000000000000E+000  0.000000000000000E+000
  0.000000000000000E+000  0.000000000000000E+000  0.000000000000000E+000
  0.000000000000000E+000  0.000000000000000E+000  0.000000000000000E+000
  0.000000000000000E+000  0.000000000000000E+000  0.000000000000000E+000
  0.000000000000000E+000  0.000000000000000E+000  0.000000000000000E+000
  0.000000000000000E+000  0.000000000000000E+000  0.000000000000000E+000
  0.000000000000000E+000  0.000000000000000E+000  0.000000000000000E+000
  0.000000000000000E+000  0.000000000000000E+000  0.000000000000000E+000
  0.000000000000000E+000  0.000000000000000E+000  0.000000000000000E+000
  0.000000000000000E+000  0.000000000000000E+000  0.000000000000000E+000
  0.000000000000000E+000  0.000000000000000E+000  0.000000000000000E+000
  0.000000000000000E+000  0.000000000000000E+000  0.000000000000000E+000
  0.000000000000000E+000  0.000000000000000E+000  0.000000000000000E+000
  0.000000000000000E+000  0.000000000000000E+000  0.000000000000000E+000
  0.000000000000000E+000  0.000000000000000E+000  0.000000000000000E+000
  0.000000000000000E+000  0.000000000000000E+000  0.000000000000000E+000
  0.000000000000000E+000  0.000000000000000E+000  0.000000000000000E+000
  0.000000000000000E+000  0.000000000000000E+000  0.000000000000000E+000
  0.000000000000000E+000  0.000000000000000E+000  0.000000000000000E+000
  0.000000000000000E+000  0.000000000000000E+000  0.000000000000000E+000
  0.000000000000000E+000  0.000000000000000E+000  0.000000000000000E+000
  0.000000000000000E+000  0.000000000000000E+000  0.000000000000000E+000
  0.000000000000000E+000  0.000000000000000E+000  0.000000000000000E+000
  0.000000000000000E+000  0.000000000000000E+000  0.000000000000000E+000
  0.000000000000000E+000  0.000000000000000E+000  0.000000000000000E+000
  0.000000000000000E+000  0.000000000000000E+000  0.000000000000000E+000
  0.000000000000000E+000  0.000000000000000E+000  0.000000000000000E+000
  0.000000000000000E+000  0.000000000000000E+000  0.000000000000000E+000
  0.000000000000000E+000  0.000000000000000E+000  0.000000000000000E+000
  0.000000000000000E+000  0.000000000000000E+000  0.000000000000000E+000
  0.000000000000000E+000  0.000000000000000E+000  0.000000000000000E+000
  0.000000000000000E+000  0.000000000000000E+000  0.000000000000000E+000
  0.000000000000000E+000  0.000000000000000E+000  0.000000000000000E+000
  0.000000000000000E+000  0.000000000000000E+000  0.000000000000000E+000
  0.000000000000000E+000  0.000000000000000E+000  0.000000000000000E+000
  0.000000000000000E+000  0.000000000000000E+000  0.000000000000000E+000
  0.000000000000000E+000  0.000000000000000E+000  0.000000000000000E+000
  0.000000000000000E+000  0.000000000000000E+000  0.000000000000000E+000
  0.000000000000000E+000  0.000000000000000E+000  0.000000000000000E+000
  0.000000000000000E+000  0.000000000000000E+000  0.000000000000000E+000
  0.000000000000000E+000  0.000000000000000E+000  0.000000000000000E+000
  0.000000000000000E+000  0.000000000000000E+000  0.000000000000000E+000
  0.000000000000000E+000  0.000000000000000E+000  0.000000000000000E+000
  0.000000000000000E+000  0.000000000000000E+000  0.000000000000000E+000
  0.000000000000000E+000  0.000000000000000E+000  0.000000000000000E+000
  0.000000000000000E+000  0.000000000000000E+000  0.000000000000000E+000
  0.000000000000000E+000  0.000000000000000E+000  0.000000000000000E+000
  0.000000000000000E+000  0.000000000000000E+000  0.000000000000000E+000
  0.000000000000000E+000  0.000000000000000E+000  0.000000000000000E+000
  0.000000000000000E+000  0.000000000000000E+000  0.000000000000000E+000
  0.000000000000000E+000  0.000000000000000E+000  0.000000000000000E+000
  0.000000000000000E+000  0.000000000000000E+000  0.000000000000000E+000
  0.000000000000000E+000  0.000000000000000E+000  0.000000000000000E+000
  0.000000000000000E+000  0.000000000000000E+000  0.000000000000000E+000
  0.000000000000000E+000  0.000000000000000E+000  0.000000000000000E+000
  0.000000000000000E+000  0.000000000000000E+000  0.000000000000000E+000
  0.000000000000000E+000  0.000000000000000E+000  0.000000000000000E+000
  0.000000000000000E+000  0.000000000000000E+000  0.000000000000000E+000
  0.000000000000000E+000  0.000000000000000E+000  0.000000000000000E+000
  0.000000000000000E+000  0.000000000000000E+000  0.000000000000000E+000
  0.000000000000000E+000  0.000000000000000E+000  0.000000000000000E+000
  0.000000000000000E+000  0.000000000000000E+000  0.000000000000000E+000
  0.000000000000000E+000  0.000000000000000E+000  0.000000000000000E+000
  0.000000000000000E+000  0.000000000000000E+000  0.000000000000000E+000
  0.000000000000000E+000  0.000000000000000E+000  0.000000000000000E+000
  0.000000000000000E+000  0.000000000000000E+000  0.997936172639784     
 -1.962405719321321E-005 -4.571030043445400E-006  2.302550865047881E-005
 -1.136136748017367E-005 -1.962405719321321E-005  0.995987367080581     
  1.724914066894114E-005 -3.398986410064458E-005 -1.724914066873839E-005
 -4.571030043445400E-006  1.724914066894114E-005  0.995960027081266     
  1.047989172589456E-005  3.348685020709816E-005  2.302550865047881E-005
 -3.398986410064458E-005  1.047989172589456E-005  0.997962760207016     
 -1.281317729924270E-006 -1.136136748017367E-005 -1.724914066873839E-005
  3.348685020709816E-005 -1.281317729924270E-006  0.995960027081266     
  0.997931996197844      -2.763660816520060E-005  1.313359444091504E-006
  1.183922865940351E-005 -1.399575017453565E-005 -2.763660816520060E-005
  0.995974102921626       2.432164023087126E-005 -4.786800948236216E-005
 -2.432164023066851E-005  1.313359444091504E-006  2.432164023087126E-005
  0.995954863725637       1.691916869601733E-005  3.941423026885217E-005
  1.183922865940351E-005 -4.786800948236216E-005  1.691916869601733E-005
  0.997945666961549      -9.596986996954679E-006 -1.399575017453565E-005
 -2.432164023066851E-005  3.941423026885217E-005 -9.596986996954679E-006
  0.995954863725636       0.997907612184287       2.255653460627178E-005
  5.147351502414876E-005 -3.135681421519145E-005  1.128166530315107E-004
  2.255653460627178E-005  0.995981131370173       1.197686886133568E-004
 -8.371083723423788E-005 -4.033174629513154E-006  5.147351502414876E-005
  1.197686886133568E-004  0.995936361650923      -8.446324482464783E-005
  9.677545834630628E-005 -3.135681421519145E-005 -8.371083723423788E-005
 -8.446324482464783E-005  0.997955648759926      -5.418291458380071E-005
  1.128166530315107E-004 -4.033174629513154E-006  9.677545834630628E-005
 -5.418291458380071E-005  0.995985971738964       0.997899652935678     
  3.290362745936710E-005  5.522898795450189E-005 -4.043862242478204E-005
  1.184719916927328E-004  3.290362745936710E-005  0.995964462583332     
  1.145338715715051E-004 -7.195440468594469E-005 -1.217069387975043E-005
  5.522898795450189E-005  1.145338715715051E-004  0.995932574881576     
 -8.038774668503794E-005  9.331943514081767E-005 -4.043862242478204E-005
 -7.195440468594469E-005 -8.038774668503794E-005  0.997945957236530     
 -4.711391625132603E-005  1.184719916927328E-004 -1.217069387975043E-005
  9.331943514081767E-005 -4.711391625132603E-005  0.995979884128321     
  0.997921118948079      -1.446664186067191E-005  2.037778220534009E-005
  6.803896058560356E-006  2.666505340376812E-005 -1.446664186067191E-005
  0.995976418060521       4.109594391643214E-006 -2.505695870894862E-005
 -4.109594391440454E-006  2.037778220534009E-005  4.109594391643214E-006
  0.995964885754235      -1.902503347363138E-005  3.419439240734820E-005
  6.803896058560356E-006 -2.505695870894862E-005 -1.902503347363138E-005
  0.997928975410518      -8.135160331857739E-006  2.666505340376812E-005
 -4.109594391440454E-006  3.419439240734820E-005 -8.135160331857739E-006
  0.995964885754235       0.997916182444454      -2.674502025218428E-005
  1.218734677130752E-005 -6.619829568323131E-006  3.058695903853565E-005
 -2.674502025218428E-005  0.995952564724448      -7.403662878835382E-006
 -4.632373391760420E-005  7.403662879038199E-006  1.218734677130752E-005
 -7.403662878835382E-006  0.995957489353941      -2.828241012418917E-005
  4.222076777656463E-005 -6.619829568323131E-006 -4.632373391760420E-005
 -2.828241012418917E-005  0.997908538523684       3.586653147349720E-006
  3.058695903853565E-005  7.403662879038199E-006  4.222076777656463E-005
  3.586653147349720E-006  0.995957489353941       0.997970795413710     
 -8.377397892753143E-005  1.033321069886171E-004  5.122040300974043E-006
  9.888407322136815E-005 -8.377397892753143E-005  0.995981131370173     
  4.033174629715810E-006 -2.232088662242531E-005 -1.197686886131541E-004
  1.033321069886171E-004  4.033174629715810E-006  0.995985971738964     
 -7.061063020195107E-005  9.677545834630620E-005  5.122040300974043E-006
 -2.232088662242531E-005 -7.061063020195107E-005  0.997892465530503     
 -2.345749226731415E-006  9.888407322136815E-005 -1.197686886131541E-004
  9.677545834630620E-005 -2.345749226731415E-006  0.995936361650923     
  0.997969402035633      -7.876615610937884E-005  1.000378441839953E-004
 -1.689607900535538E-007  9.723232476456636E-005 -7.876615610937884E-005
  0.995964462583332       1.217069387995308E-005 -7.481825082181845E-006
 -1.145338715713024E-004  1.000378441839953E-004  1.217069387995308E-005
  0.995979884128321      -7.904279631581097E-005  9.331943514081759E-005
 -1.689607900535538E-007 -7.481825082181845E-006 -7.904279631581097E-005
  0.997876208136575      -7.635833257446875E-006  9.723232476456636E-005
 -1.145338715713024E-004  9.331943514081759E-005 -7.635833257446875E-006
  0.995932574881576       0.000000000000000E+000  0.000000000000000E+000
  0.000000000000000E+000  0.000000000000000E+000  0.000000000000000E+000
  0.000000000000000E+000  0.000000000000000E+000  0.000000000000000E+000
  0.000000000000000E+000  0.000000000000000E+000  0.000000000000000E+000
  0.000000000000000E+000  0.000000000000000E+000  0.000000000000000E+000
  0.000000000000000E+000  0.000000000000000E+000  0.000000000000000E+000
  0.000000000000000E+000  0.000000000000000E+000  0.000000000000000E+000
  0.000000000000000E+000  0.000000000000000E+000  0.000000000000000E+000
  0.000000000000000E+000  0.000000000000000E+000  0.000000000000000E+000
  0.000000000000000E+000  0.000000000000000E+000  0.000000000000000E+000
  0.000000000000000E+000  0.000000000000000E+000  0.000000000000000E+000
  0.000000000000000E+000  0.000000000000000E+000  0.000000000000000E+000
  0.000000000000000E+000  0.000000000000000E+000  0.000000000000000E+000
  0.000000000000000E+000  0.000000000000000E+000  0.000000000000000E+000
  0.000000000000000E+000  0.000000000000000E+000  0.000000000000000E+000
  0.000000000000000E+000  0.000000000000000E+000  0.000000000000000E+000
  0.000000000000000E+000  0.000000000000000E+000  0.000000000000000E+000
  0.000000000000000E+000  0.000000000000000E+000  0.000000000000000E+000
  0.000000000000000E+000  0.000000000000000E+000  0.000000000000000E+000
  0.000000000000000E+000  0.000000000000000E+000  0.000000000000000E+000
  0.000000000000000E+000  0.000000000000000E+000  0.000000000000000E+000
  0.000000000000000E+000  0.000000000000000E+000  0.000000000000000E+000
  0.000000000000000E+000  0.000000000000000E+000  0.000000000000000E+000
  0.000000000000000E+000  0.000000000000000E+000  0.000000000000000E+000
  0.000000000000000E+000  0.000000000000000E+000  0.000000000000000E+000
  0.000000000000000E+000  0.000000000000000E+000  0.000000000000000E+000
  0.000000000000000E+000  0.000000000000000E+000  0.000000000000000E+000
  0.000000000000000E+000  0.000000000000000E+000  0.000000000000000E+000
  0.000000000000000E+000  0.000000000000000E+000  0.000000000000000E+000
  0.000000000000000E+000  0.000000000000000E+000  0.000000000000000E+000
  0.000000000000000E+000  0.000000000000000E+000  0.000000000000000E+000
  0.000000000000000E+000  0.000000000000000E+000  0.000000000000000E+000
  0.000000000000000E+000  0.000000000000000E+000  0.000000000000000E+000
  0.000000000000000E+000  0.000000000000000E+000  0.000000000000000E+000
  0.000000000000000E+000  0.000000000000000E+000  0.000000000000000E+000
  0.000000000000000E+000  0.000000000000000E+000  0.000000000000000E+000
  0.000000000000000E+000  0.000000000000000E+000  0.000000000000000E+000
  0.000000000000000E+000  0.000000000000000E+000  0.000000000000000E+000
  0.000000000000000E+000  0.000000000000000E+000  0.000000000000000E+000
  0.000000000000000E+000  0.000000000000000E+000  0.000000000000000E+000
  0.000000000000000E+000  0.000000000000000E+000  0.000000000000000E+000
  0.000000000000000E+000  0.000000000000000E+000  0.000000000000000E+000
  0.000000000000000E+000  0.000000000000000E+000  0.000000000000000E+000
  0.000000000000000E+000  0.000000000000000E+000  0.000000000000000E+000
  0.000000000000000E+000  0.000000000000000E+000  0.000000000000000E+000
  0.000000000000000E+000  0.000000000000000E+000  0.000000000000000E+000
  0.000000000000000E+000  0.000000000000000E+000  0.000000000000000E+000
  0.000000000000000E+000  0.000000000000000E+000  0.000000000000000E+000
  0.000000000000000E+000  0.000000000000000E+000  0.000000000000000E+000
  0.000000000000000E+000  0.000000000000000E+000  0.000000000000000E+000
  0.000000000000000E+000  0.000000000000000E+000  0.000000000000000E+000
  0.000000000000000E+000  0.000000000000000E+000  0.000000000000000E+000
  0.000000000000000E+000  0.000000000000000E+000  0.000000000000000E+000
  0.000000000000000E+000  0.000000000000000E+000  0.000000000000000E+000
  0.000000000000000E+000  0.000000000000000E+000  0.000000000000000E+000
  0.000000000000000E+000  0.000000000000000E+000  0.000000000000000E+000
  0.000000000000000E+000  0.000000000000000E+000  0.000000000000000E+000
  0.000000000000000E+000  0.000000000000000E+000  0.000000000000000E+000
  0.000000000000000E+000  0.000000000000000E+000  0.000000000000000E+000
  0.000000000000000E+000  0.000000000000000E+000  0.000000000000000E+000
  0.000000000000000E+000  0.000000000000000E+000  0.000000000000000E+000
  0.000000000000000E+000  0.000000000000000E+000  0.000000000000000E+000
  0.000000000000000E+000  0.000000000000000E+000  0.000000000000000E+000
  0.000000000000000E+000  0.000000000000000E+000  0.000000000000000E+000
  0.000000000000000E+000  0.000000000000000E+000  0.000000000000000E+000
  0.000000000000000E+000  0.000000000000000E+000  0.000000000000000E+000
  0.000000000000000E+000  0.000000000000000E+000  0.000000000000000E+000
  0.997976053990635      -6.790337444030355E-006 -6.790337443320637E-006
  4.232728801264235E-016 -3.924811437841391E-005 -6.790337444030355E-006
  0.995960027081270      -3.348685020621360E-005 -9.198573995495398E-006
 -1.724914066873849E-005 -6.790337443320637E-006 -3.348685020621360E-005
  0.995960027081266       9.198574001162084E-006 -1.724914066805654E-005
  4.232728801264235E-016 -9.198573995495398E-006  9.198574001162084E-006
  0.997922878856164      -5.191922859983871E-015 -3.924811437841391E-005
 -1.724914066873849E-005 -1.724914066805654E-005 -5.191922859983871E-015
  0.995987367080577       0.997952502343404      -1.530910962592922E-005
 -1.530910962521950E-005  4.371381891676161E-016 -5.527321632238872E-005
 -1.530910962592922E-005  0.995954863725641      -3.941423026796762E-005
 -7.322181698587745E-006 -2.432164023066862E-005 -1.530910962521950E-005
 -3.941423026796762E-005  0.995954863725637       7.322181704254428E-006
 -2.432164022998666E-005  4.371381891676161E-016 -7.322181698587745E-006
  7.322181704254428E-006  0.997925160815989      -5.191911573874750E-015
 -5.527321632238872E-005 -2.432164023066862E-005 -2.432164022998666E-005
 -5.191911573874750E-015  0.995974102921622       0.997916483818326     
  9.484546035592019E-006  4.741055819062692E-005 -3.647885451573554E-005
 -6.121744431324659E-005  9.484546035592019E-006  0.995985971738969     
 -9.677545834542162E-005  1.247935447862266E-004 -4.033174629513520E-006
  4.741055819062692E-005 -9.677545834542162E-005  0.995936361650923     
 -8.680899404618739E-005 -1.197686886124720E-004 -3.647885451573554E-005
  1.247935447862266E-004 -8.680899404618739E-005  0.997946777125887     
  6.138995060662032E-005 -6.121744431324659E-005 -4.033174629513520E-006
 -1.197686886124720E-004  6.138995060662032E-005  0.995981131370169     
  0.997899360287005       1.843414750143594E-005  4.200333680347199E-005
 -4.026966163426384E-005 -4.586252864199880E-005  1.843414750143594E-005
  0.995979884128325      -9.331943513993299E-005  1.261567125676118E-004
 -1.217069387975077E-005  4.200333680347199E-005 -9.331943513993299E-005
  0.995932574881576      -8.802357993729303E-005 -1.145338715706203E-004
 -4.026966163426384E-005  1.261567125676118E-004 -8.802357993729303E-005
  0.997946249885204       6.447257959857066E-005 -4.586252864199880E-005
 -1.217069387975077E-005 -1.145338715706203E-004  6.447257959857066E-005
  0.995964462583328       0.997916483818325       4.741055818991741E-005
  9.484546036301550E-006  3.647885451661670E-005 -6.121744431324653E-005
  4.741055818991741E-005  0.995936361650927      -9.677545834542180E-005
  8.680899405185447E-005 -1.197686886131543E-004  9.484546036301550E-006
 -9.677545834542180E-005  0.995985971738964      -1.247935447805603E-004
 -4.033174628831170E-006  3.647885451661670E-005  8.680899405185447E-005
 -1.247935447805603E-004  0.997946777125888      -6.138995061700435E-005
 -6.121744431324653E-005 -1.197686886131543E-004 -4.033174628831170E-006
 -6.138995061700435E-005  0.995981131370169       0.997899360287005     
  4.200333680276247E-005  1.843414750214549E-005  4.026966163513111E-005
 -4.586252864199882E-005  4.200333680276247E-005  0.995932574881580     
 -9.331943513993317E-005  8.802357994296009E-005 -1.145338715713026E-004
  1.843414750214549E-005 -9.331943513993317E-005  0.995979884128321     
 -1.261567125619455E-004 -1.217069387906843E-005  4.026966163513111E-005
  8.802357994296009E-005 -1.261567125619455E-004  0.997946249885204     
 -6.447257960895458E-005 -4.586252864199882E-005 -1.145338715713026E-004
 -1.217069387906843E-005 -6.447257960895458E-005  0.995964462583328     
  0.997932903641741       6.287271191126100E-006  6.287271191835774E-006
  4.301975341893434E-016 -2.893328371333160E-005  6.287271191126100E-006
  0.995964885754239      -3.419439240646366E-005  2.716019380596407E-005
 -4.109594391440557E-006  6.287271191835774E-006 -3.419439240646366E-005
  0.995964885754235      -2.716019380029745E-005 -4.109594390758602E-006
  4.301975341893434E-016  2.716019380596407E-005 -2.716019380029745E-005
  0.997917190716856      -5.191747252802066E-015 -2.893328371333160E-005
 -4.109594391440557E-006 -4.109594390758602E-006 -5.191747252802066E-015
  0.995976418060516       0.997904716563303       1.839961225992644E-005
  1.839961226063604E-005  4.649092212616087E-016 -5.349004049635658E-005
  1.839961225992644E-005  0.995957489353945      -4.222076777568010E-005
  2.469575697731437E-005  7.403662879038104E-006  1.839961226063604E-005
 -4.222076777568010E-005  0.995957489353941      -2.469575697164793E-005
  7.403662879719963E-006  4.649092212616087E-016  2.469575697731437E-005
 -2.469575697164793E-005  0.997920004404835      -5.191597594751651E-015
 -5.349004049635658E-005  7.403662879038104E-006  7.403662879719963E-006
 -5.191597594751651E-015  0.995952564724444       0.000000000000000E+000
  0.000000000000000E+000  0.000000000000000E+000  0.000000000000000E+000
  0.000000000000000E+000  0.000000000000000E+000  0.000000000000000E+000
  0.000000000000000E+000  0.000000000000000E+000  0.000000000000000E+000
  0.000000000000000E+000  0.000000000000000E+000  0.000000000000000E+000
  0.000000000000000E+000  0.000000000000000E+000  0.000000000000000E+000
  0.000000000000000E+000  0.000000000000000E+000  0.000000000000000E+000
  0.000000000000000E+000  0.000000000000000E+000  0.000000000000000E+000
  0.000000000000000E+000  0.000000000000000E+000  0.000000000000000E+000
  0.000000000000000E+000  0.000000000000000E+000  0.000000000000000E+000
  0.000000000000000E+000  0.000000000000000E+000  0.000000000000000E+000
  0.000000000000000E+000  0.000000000000000E+000  0.000000000000000E+000
  0.000000000000000E+000  0.000000000000000E+000  0.000000000000000E+000
  0.000000000000000E+000  0.000000000000000E+000  0.000000000000000E+000
  0.000000000000000E+000  0.000000000000000E+000  0.000000000000000E+000
  0.000000000000000E+000  0.000000000000000E+000  0.000000000000000E+000
  0.000000000000000E+000  0.000000000000000E+000  0.000000000000000E+000
  0.000000000000000E+000  0.000000000000000E+000  0.000000000000000E+000
  0.000000000000000E+000  0.000000000000000E+000  0.000000000000000E+000
  0.000000000000000E+000  0.000000000000000E+000  0.000000000000000E+000
  0.000000000000000E+000  0.000000000000000E+000  0.000000000000000E+000
  0.000000000000000E+000  0.000000000000000E+000  0.000000000000000E+000
  0.000000000000000E+000  0.000000000000000E+000  0.000000000000000E+000
  0.000000000000000E+000  0.000000000000000E+000  0.000000000000000E+000
  0.000000000000000E+000  0.000000000000000E+000  0.000000000000000E+000
  0.000000000000000E+000  0.000000000000000E+000  0.000000000000000E+000
  0.000000000000000E+000  0.000000000000000E+000  0.000000000000000E+000
  0.000000000000000E+000  0.000000000000000E+000  0.000000000000000E+000
  0.000000000000000E+000  0.000000000000000E+000  0.000000000000000E+000
  0.000000000000000E+000  0.000000000000000E+000  0.000000000000000E+000
  0.000000000000000E+000  0.000000000000000E+000  0.000000000000000E+000
  0.000000000000000E+000  0.000000000000000E+000  0.000000000000000E+000
  0.000000000000000E+000  0.000000000000000E+000  0.000000000000000E+000
  0.000000000000000E+000  0.000000000000000E+000  0.000000000000000E+000
  0.000000000000000E+000  0.000000000000000E+000  0.000000000000000E+000
  0.000000000000000E+000  0.000000000000000E+000  0.000000000000000E+000
  0.000000000000000E+000  0.000000000000000E+000  0.000000000000000E+000
  0.000000000000000E+000  0.000000000000000E+000  0.000000000000000E+000
  0.000000000000000E+000  0.000000000000000E+000  0.000000000000000E+000
  0.000000000000000E+000  0.000000000000000E+000  0.000000000000000E+000
  0.000000000000000E+000  0.000000000000000E+000  0.000000000000000E+000
  0.000000000000000E+000  0.000000000000000E+000  0.000000000000000E+000
  0.000000000000000E+000  0.000000000000000E+000  0.000000000000000E+000
  0.000000000000000E+000  0.000000000000000E+000  0.000000000000000E+000
  0.000000000000000E+000  0.000000000000000E+000  0.000000000000000E+000
  0.000000000000000E+000  0.000000000000000E+000  0.000000000000000E+000
  0.000000000000000E+000  0.000000000000000E+000  0.000000000000000E+000
  0.000000000000000E+000  0.000000000000000E+000  0.000000000000000E+000
  0.000000000000000E+000  0.000000000000000E+000  0.000000000000000E+000
  0.000000000000000E+000  0.000000000000000E+000  0.000000000000000E+000
  0.000000000000000E+000  0.000000000000000E+000  0.000000000000000E+000
  0.000000000000000E+000  0.000000000000000E+000  0.000000000000000E+000
  0.000000000000000E+000  0.000000000000000E+000  0.000000000000000E+000
  0.000000000000000E+000  0.000000000000000E+000  0.000000000000000E+000
  0.000000000000000E+000  0.000000000000000E+000  0.000000000000000E+000
  0.000000000000000E+000  0.000000000000000E+000  0.000000000000000E+000
  0.000000000000000E+000  0.000000000000000E+000  0.000000000000000E+000
  0.000000000000000E+000  0.000000000000000E+000  0.000000000000000E+000
  0.000000000000000E+000  0.000000000000000E+000  0.000000000000000E+000
  0.000000000000000E+000  0.000000000000000E+000  0.000000000000000E+000
  0.000000000000000E+000  0.000000000000000E+000  0.000000000000000E+000
  0.000000000000000E+000  0.000000000000000E+000  0.000000000000000E+000
  0.000000000000000E+000  0.000000000000000E+000  0.000000000000000E+000
  0.000000000000000E+000  0.000000000000000E+000  0.000000000000000E+000
  0.000000000000000E+000  0.000000000000000E+000  0.000000000000000E+000
  0.000000000000000E+000  0.000000000000000E+000  0.000000000000000E+000
  0.000000000000000E+000  0.000000000000000E+000  0.000000000000000E+000
  0.000000000000000E+000  0.994713665835195      -5.192169457526103E-005
 -5.192169457455735E-005  4.441003195257733E-016 -1.038433891425342E-004
 -5.192169457526103E-005  0.990523359297963       1.507380074168634E-003
 -8.993101301081496E-005 -1.507380074168435E-003 -5.192169457455735E-005
  1.507380074168634E-003  0.990523359297959       8.993101301647108E-005
 -1.507380074167749E-003  4.441003195257733E-016 -8.993101301081496E-005
  8.993101301647108E-005  0.994713665835192      -5.174979888532234E-015
 -1.038433891425342E-004 -1.507380074168435E-003 -1.507380074167749E-003
 -5.174979888532234E-015  0.990523359297959       0.994840501587982     
 -1.529863758382855E-004 -1.529863758375815E-004  4.302003392321669E-016
 -3.059727516686065E-004 -1.529863758382855E-004  0.989612842442088     
  1.995758466497474E-004 -2.649801758091520E-004 -1.995758466495457E-004
 -1.529863758375815E-004  1.995758466497474E-004  0.989612842442084     
  2.649801758147855E-004 -1.995758466488678E-004  4.302003392321669E-016
 -2.649801758091520E-004  2.649801758147855E-004  0.994840501587980     
 -5.164621415128384E-015 -3.059727516686065E-004 -1.995758466495457E-004
 -1.995758466488678E-004 -5.164621415128384E-015  0.989612842442084     
  0.998328760136129       2.016667271536591E-006 -4.333130822702536E-005
 -8.997095894060264E-006  4.722710421525692E-005  2.016667271536591E-006
  0.996576134787571      -5.162405273554863E-004  5.336883927074874E-005
 -6.567889702135915E-004 -4.333130822702536E-005 -5.162405273554863E-004
  0.996636858945836       7.505202740589324E-005  5.162405273563690E-004
 -8.997095894060264E-006  5.336883927074874E-005  7.505202740589324E-005
  0.998339149087599      -2.493793454811614E-005  4.722710421525692E-005
 -6.567889702135915E-004  5.162405273563690E-004 -2.493793454811614E-005
  0.996576134787567       0.998421698930503       8.082764283986042E-005
 -1.032324770830905E-004 -6.619474079379281E-006  1.426659614647455E-004
  8.082764283986042E-005  0.996564358624831      -3.574863281874678E-004
  1.180706011595650E-004 -3.748782149910695E-004 -1.032324770830905E-004
 -3.574863281874678E-004  0.996738378581988       1.788038952973602E-004
  3.574863281883512E-004 -6.619474079379281E-006  1.180706011595650E-004
  1.788038952973602E-004  0.998429342440784       1.096349144667883E-005
  1.426659614647455E-004 -3.748782149910695E-004  3.574863281883512E-004
  1.096349144667883E-005  0.996564358624827       0.998328760136128     
 -4.333130822773646E-005  2.016667272247539E-006  8.997095894899836E-006
  4.722710421525564E-005 -4.333130822773646E-005  0.996636858945840     
 -5.162405273554839E-004 -7.505202740022990E-005  5.162405273556875E-004
  2.016667272247539E-006 -5.162405273554839E-004  0.996576134787567     
 -5.336883926507604E-005 -6.567889702129097E-004  8.997095894899836E-006
 -7.505202740022990E-005 -5.336883926507604E-005  0.998339149087600     
  2.493793453772604E-005  4.722710421525564E-005  5.162405273556875E-004
 -6.567889702129097E-004  2.493793453772604E-005  0.996576134787567     
  0.998421698930502      -1.032324770838018E-004  8.082764284057129E-005
  6.619474080253604E-006  1.426659614647444E-004 -1.032324770838018E-004
  0.996738378581992      -3.574863281874665E-004 -1.788038952916944E-004
  3.574863281876701E-004  8.082764284057129E-005 -3.574863281874665E-004
  0.996564358624827      -1.180706011538934E-004 -3.748782149903872E-004
  6.619474080253604E-006 -1.788038952916944E-004 -1.180706011538934E-004
  0.998429342440784      -1.096349145706844E-005  1.426659614647444E-004
  3.574863281876701E-004 -3.748782149903872E-004 -1.096349145706844E-005
  0.996564358624827       0.998344343563338       4.521043693570212E-005
  4.521043693641129E-005  4.579994603529685E-016 -8.666261644746173E-005
  4.521043693570212E-005  0.996576134787571       6.567889702137952E-004
  2.843090472782624E-005  5.162405273556877E-004  4.521043693641129E-005
  6.567889702137952E-004  0.996576134787567      -2.843090472215625E-005
  5.162405273563691E-004  4.579994603529685E-016  2.843090472782624E-005
 -2.843090472215625E-005  0.998323565660390      -5.191911676406097E-015
 -8.666261644746173E-005  5.162405273556877E-004  5.162405273563691E-004
 -5.191911676406097E-015  0.996636858945836       0.998433164195928     
  6.183831861686802E-005  6.183831861757705E-005  4.440699310773132E-016
 -2.064649541595893E-004  6.183831861686802E-005  0.996564358624831     
  3.748782149912727E-004  1.290340926114375E-004  3.574863281876698E-004
  6.183831861757705E-005  3.748782149912727E-004  0.996564358624827     
 -1.290340926057680E-004  3.574863281883520E-004  4.440699310773132E-016
  1.290340926114375E-004 -1.290340926057680E-004  0.998417877175359     
 -5.193177697357586E-015 -2.064649541595893E-004  3.574863281876698E-004
  3.574863281883520E-004 -5.193177697357586E-015  0.996738378581988     
  0.000000000000000E+000  0.000000000000000E+000  0.000000000000000E+000
  0.000000000000000E+000  0.000000000000000E+000  0.000000000000000E+000
  0.000000000000000E+000  0.000000000000000E+000  0.000000000000000E+000
  0.000000000000000E+000  0.000000000000000E+000  0.000000000000000E+000
  0.000000000000000E+000  0.000000000000000E+000  0.000000000000000E+000
  0.000000000000000E+000  0.000000000000000E+000  0.000000000000000E+000
  0.000000000000000E+000  0.000000000000000E+000  0.000000000000000E+000
  0.000000000000000E+000  0.000000000000000E+000  0.000000000000000E+000
  0.000000000000000E+000  0.000000000000000E+000  0.000000000000000E+000
  0.000000000000000E+000  0.000000000000000E+000  0.000000000000000E+000
  0.000000000000000E+000  0.000000000000000E+000  0.000000000000000E+000
  0.000000000000000E+000  0.000000000000000E+000  0.000000000000000E+000
  0.000000000000000E+000  0.000000000000000E+000  0.000000000000000E+000
  0.000000000000000E+000  0.000000000000000E+000  0.000000000000000E+000
  0.000000000000000E+000  0.000000000000000E+000  0.000000000000000E+000
  0.000000000000000E+000  0.000000000000000E+000  0.000000000000000E+000
  0.000000000000000E+000  0.000000000000000E+000  0.000000000000000E+000
  0.000000000000000E+000  0.000000000000000E+000  0.000000000000000E+000
  0.000000000000000E+000  0.000000000000000E+000  0.000000000000000E+000
  0.000000000000000E+000  0.000000000000000E+000  0.000000000000000E+000
  0.000000000000000E+000  0.000000000000000E+000  0.000000000000000E+000
  0.000000000000000E+000  0.000000000000000E+000  0.000000000000000E+000
  0.000000000000000E+000  0.000000000000000E+000  0.000000000000000E+000
  0.000000000000000E+000  0.000000000000000E+000  0.000000000000000E+000
  0.000000000000000E+000  0.000000000000000E+000  0.000000000000000E+000
  0.000000000000000E+000  0.000000000000000E+000  0.000000000000000E+000
  0.000000000000000E+000  0.000000000000000E+000  0.000000000000000E+000
  0.000000000000000E+000  0.000000000000000E+000  0.000000000000000E+000
  0.000000000000000E+000  0.000000000000000E+000  0.000000000000000E+000
  0.000000000000000E+000  0.000000000000000E+000  0.000000000000000E+000
  0.000000000000000E+000  0.000000000000000E+000  0.000000000000000E+000
  0.000000000000000E+000  0.000000000000000E+000  0.000000000000000E+000
  0.000000000000000E+000  0.000000000000000E+000  0.000000000000000E+000
  0.000000000000000E+000  0.000000000000000E+000  0.000000000000000E+000
  0.000000000000000E+000  0.000000000000000E+000  0.000000000000000E+000
  0.000000000000000E+000  0.000000000000000E+000  0.000000000000000E+000
  0.000000000000000E+000  0.000000000000000E+000  0.000000000000000E+000
  0.000000000000000E+000  0.000000000000000E+000  0.000000000000000E+000
  0.000000000000000E+000  0.000000000000000E+000  0.000000000000000E+000
  0.000000000000000E+000  0.000000000000000E+000  0.000000000000000E+000
  0.000000000000000E+000  0.000000000000000E+000  0.000000000000000E+000
  0.000000000000000E+000  0.000000000000000E+000  0.000000000000000E+000
  0.000000000000000E+000  0.000000000000000E+000  0.000000000000000E+000
  0.000000000000000E+000  0.000000000000000E+000  0.000000000000000E+000
  0.000000000000000E+000  0.000000000000000E+000  0.000000000000000E+000
  0.000000000000000E+000  0.000000000000000E+000  0.000000000000000E+000
  0.000000000000000E+000  0.000000000000000E+000  0.000000000000000E+000
  0.000000000000000E+000  0.000000000000000E+000  0.000000000000000E+000
  0.000000000000000E+000  0.000000000000000E+000  0.000000000000000E+000
  0.000000000000000E+000  0.000000000000000E+000  0.000000000000000E+000
