5.00	9.15	-487.44666292
5.00	9.17	-487.44666292
5.00	9.19	-487.44666292
5.00	9.21	-487.44670517
5.00	9.23	-487.44670517
5.00	9.25	-487.44668358
5.02	9.15	-487.44684591
5.02	9.17	-487.44684591
5.02	9.19	-487.44689953
5.02	9.21	-487.44689953
5.02	9.23	-487.44689953
5.02	9.25	-487.44688440
5.04	9.15	-487.44692048
5.04	9.17	-487.44692048
5.04	9.19	-487.44698182
5.04	9.21	-487.44698182
5.04	9.23	-487.44697339
5.04	9.25	-487.44697339
5.06	9.15	-487.44692619
5.06	9.17	-487.44696057
5.06	9.19	-487.44696057
5.06	9.21	-487.44696019
5.06	9.23	-487.44696019
5.06	9.25	-487.44696019
5.08	9.15	-487.44687664
5.08	9.17	-487.44687664
5.08	9.19	-487.44687664
5.08	9.21	-487.44685342
5.08	9.23	-487.44685342
5.08	9.25	-487.44679188
5.10	9.15	-487.44673976
5.10	9.17	-487.44673976
5.10	9.19	-487.44316486
5.10	9.21	-487.44316486
5.10	9.23	-487.44316486
5.10	9.25	-487.44660745
