  0.997920412244589      -1.044449465988732E-005 -1.044449465917761E-005
  4.232740290611265E-016 -2.088898931176321E-005 -1.044449465988732E-005
  0.995914872141692      -1.352918087416581E-005 -1.809039540166957E-005
  1.352918087436858E-005 -1.044449465917761E-005 -1.352918087416581E-005
  0.995914872141688       1.809039540733585E-005  1.352918087505032E-005
  4.232740290611265E-016 -1.809039540166957E-005  1.809039540733585E-005
  0.997920412244587      -5.191486227591862E-015 -2.088898931176321E-005
  1.352918087436858E-005  1.352918087505032E-005 -5.191486227591862E-015
  0.995914872141688       0.997920410573983      -1.044445763068428E-005
 -1.044445762997456E-005  4.440907107292664E-016 -2.088891525335713E-005
 -1.044445763068428E-005  0.995914869152709      -1.352822171715860E-005
 -1.809033126520854E-005  1.352822171736138E-005 -1.044445762997456E-005
 -1.352822171715860E-005  0.995914869152705       1.809033127087482E-005
  1.352822171804312E-005  4.440907107292664E-016 -1.809033126520854E-005
  1.809033127087482E-005  0.997920410573980      -5.191486545638716E-015
 -2.088891525335713E-005  1.352822171736138E-005  1.352822171804312E-005
 -5.191486545638716E-015  0.995914869152704       0.997923462952876     
 -5.335809684753902E-006 -7.378986928352832E-006  4.119155217495442E-006
  1.741926673251166E-006 -5.335809684753902E-006  0.995905225286815     
 -9.309484769328500E-006  5.092034824643896E-006  4.751981080472120E-006
 -7.378986928352832E-006 -9.309484769328500E-006  0.995932831054033     
  1.278078026655216E-005  9.309484770213035E-006  4.119155217495442E-006
  5.092034824643896E-006  1.278078026655216E-005  0.997918706562127     
 -7.166964149950765E-006  1.741926673251166E-006  4.751981080472120E-006
  9.309484770213035E-006 -7.166964149950765E-006  0.995905225286811     
  0.997923465062802      -5.335893345939698E-006 -7.376515006232389E-006
  4.119654558869247E-006  1.741151806251137E-006 -5.335893345939698E-006
  0.995905228632724      -9.309516327428219E-006  5.091188387109930E-006
  4.750786157869231E-006 -7.376515006232389E-006 -9.309516327428219E-006
  0.995932834809543       1.277649877184721E-005  9.309516328312752E-006
  4.119654558869247E-006  5.091188387109930E-006  1.277649877184721E-005
  0.997918708095464      -7.166613383895995E-006  1.741151806251137E-006
  4.750786157869231E-006  9.309516328312752E-006 -7.166613383895995E-006
  0.995905228632720       0.997923462952876      -7.378986929062586E-006
 -5.335809684044193E-006 -4.119155216635028E-006  1.741926673251177E-006
 -7.378986929062586E-006  0.995932831054037      -9.309484769328546E-006
 -1.278078026088576E-005  9.309484769531304E-006 -5.335809684044193E-006
 -9.309484769328546E-006  0.995905225286811      -5.092034818977520E-006
  4.751981081153938E-006 -4.119155216635028E-006 -1.278078026088576E-005
 -5.092034818977520E-006  0.997918706562127       7.166964139567833E-006
  1.741926673251177E-006  9.309484769531304E-006  4.751981081153938E-006
  7.166964139567833E-006  0.995905225286811       0.997923465062802     
 -7.376515006942145E-006 -5.335893345229989E-006 -4.119654558022711E-006
  1.741151806251148E-006 -7.376515006942145E-006  0.995932834809547     
 -9.309516327428263E-006 -1.277649876618081E-005  9.309516327631023E-006
 -5.335893345229989E-006 -9.309516327428263E-006  0.995905228632720     
 -5.091188381443554E-006  4.750786158551051E-006 -4.119654558022711E-006
 -1.277649876618081E-005 -5.091188381443554E-006  0.997918708095464     
  7.166613373513061E-006  1.741151806251148E-006  9.309516327631023E-006
  4.750786158551051E-006  7.166613373513061E-006  0.995905228632720     
  0.997916328366756       7.077736349993696E-006  7.077736350703325E-006
  4.510369977860412E-016 -1.475797385011353E-005  7.077736349993696E-006
  0.995905225286815      -4.751981080269392E-006 -2.074929320115445E-006
  9.309484769531246E-006  7.077736350703325E-006 -4.751981080269392E-006
  0.995905225286811       2.074929325781762E-006  9.309484770213109E-006
  4.510369977860412E-016 -2.074929320115445E-006  2.074929325781762E-006
  0.997925841148247      -5.191567098944599E-015 -1.475797385011353E-005
  9.309484769531246E-006  9.309484770213109E-006 -5.191567098944599E-015
  0.995932831054032       0.997916329611798       7.077045144179465E-006
  7.077045144889094E-006  4.371592093411224E-016 -1.475303000587265E-005
  7.077045144179465E-006  0.995905228632724      -4.750786157666504E-006
 -2.075424991594639E-006  9.309516327630963E-006  7.077045144889094E-006
 -4.750786157666504E-006  0.995905228632720       2.075424997260956E-006
  9.309516328312828E-006  4.371592093411224E-016 -2.075424991594639E-006
  2.075424997260956E-006  0.997925843546469      -5.191567204868388E-015
 -1.475303000587265E-005  9.309516327630963E-006  9.309516328312828E-006
 -5.191567204868388E-015  0.995932834809543       0.000000000000000E+000
  0.000000000000000E+000  0.000000000000000E+000  0.000000000000000E+000
  0.000000000000000E+000  0.000000000000000E+000  0.000000000000000E+000
  0.000000000000000E+000  0.000000000000000E+000  0.000000000000000E+000
  0.000000000000000E+000  0.000000000000000E+000  0.000000000000000E+000
  0.000000000000000E+000  0.000000000000000E+000  0.000000000000000E+000
  0.000000000000000E+000  0.000000000000000E+000  0.000000000000000E+000
  0.000000000000000E+000  0.000000000000000E+000  0.000000000000000E+000
  0.000000000000000E+000  0.000000000000000E+000  0.000000000000000E+000
  0.000000000000000E+000  0.000000000000000E+000  0.000000000000000E+000
  0.000000000000000E+000  0.000000000000000E+000  0.000000000000000E+000
  0.000000000000000E+000  0.000000000000000E+000  0.000000000000000E+000
  0.000000000000000E+000  0.000000000000000E+000  0.000000000000000E+000
  0.000000000000000E+000  0.000000000000000E+000  0.000000000000000E+000
  0.000000000000000E+000  0.000000000000000E+000  0.000000000000000E+000
  0.000000000000000E+000  0.000000000000000E+000  0.000000000000000E+000
  0.000000000000000E+000  0.000000000000000E+000  0.000000000000000E+000
  0.000000000000000E+000  0.000000000000000E+000  0.000000000000000E+000
  0.000000000000000E+000  0.000000000000000E+000  0.000000000000000E+000
  0.000000000000000E+000  0.000000000000000E+000  0.000000000000000E+000
  0.000000000000000E+000  0.000000000000000E+000  0.000000000000000E+000
  0.000000000000000E+000  0.000000000000000E+000  0.000000000000000E+000
  0.000000000000000E+000  0.000000000000000E+000  0.000000000000000E+000
  0.000000000000000E+000  0.000000000000000E+000  0.000000000000000E+000
  0.000000000000000E+000  0.000000000000000E+000  0.000000000000000E+000
  0.000000000000000E+000  0.000000000000000E+000  0.000000000000000E+000
  0.000000000000000E+000  0.000000000000000E+000  0.000000000000000E+000
  0.000000000000000E+000  0.000000000000000E+000  0.000000000000000E+000
  0.000000000000000E+000  0.000000000000000E+000  0.000000000000000E+000
  0.000000000000000E+000  0.000000000000000E+000  0.000000000000000E+000
  0.000000000000000E+000  0.000000000000000E+000  0.000000000000000E+000
  0.000000000000000E+000  0.000000000000000E+000  0.000000000000000E+000
  0.000000000000000E+000  0.000000000000000E+000  0.000000000000000E+000
  0.000000000000000E+000  0.000000000000000E+000  0.000000000000000E+000
  0.000000000000000E+000  0.000000000000000E+000  0.000000000000000E+000
  0.000000000000000E+000  0.000000000000000E+000  0.000000000000000E+000
  0.000000000000000E+000  0.000000000000000E+000  0.000000000000000E+000
  0.000000000000000E+000  0.000000000000000E+000  0.000000000000000E+000
  0.000000000000000E+000  0.000000000000000E+000  0.000000000000000E+000
  0.000000000000000E+000  0.000000000000000E+000  0.000000000000000E+000
  0.000000000000000E+000  0.000000000000000E+000  0.000000000000000E+000
  0.000000000000000E+000  0.000000000000000E+000  0.000000000000000E+000
  0.000000000000000E+000  0.000000000000000E+000  0.000000000000000E+000
  0.000000000000000E+000  0.000000000000000E+000  0.000000000000000E+000
  0.000000000000000E+000  0.000000000000000E+000  0.000000000000000E+000
  0.000000000000000E+000  0.000000000000000E+000  0.000000000000000E+000
  0.000000000000000E+000  0.000000000000000E+000  0.000000000000000E+000
  0.000000000000000E+000  0.000000000000000E+000  0.000000000000000E+000
  0.000000000000000E+000  0.000000000000000E+000  0.000000000000000E+000
  0.000000000000000E+000  0.000000000000000E+000  0.000000000000000E+000
  0.000000000000000E+000  0.000000000000000E+000  0.000000000000000E+000
  0.000000000000000E+000  0.000000000000000E+000  0.000000000000000E+000
  0.000000000000000E+000  0.000000000000000E+000  0.000000000000000E+000
  0.000000000000000E+000  0.000000000000000E+000  0.000000000000000E+000
  0.000000000000000E+000  0.000000000000000E+000  0.000000000000000E+000
  0.000000000000000E+000  0.000000000000000E+000  0.000000000000000E+000
  0.000000000000000E+000  0.000000000000000E+000  0.000000000000000E+000
  0.000000000000000E+000  0.000000000000000E+000  0.000000000000000E+000
  0.000000000000000E+000  0.000000000000000E+000  0.000000000000000E+000
  0.000000000000000E+000  0.000000000000000E+000  0.000000000000000E+000
  0.000000000000000E+000  0.000000000000000E+000  0.000000000000000E+000
  0.000000000000000E+000  0.000000000000000E+000  0.000000000000000E+000
  0.000000000000000E+000  0.000000000000000E+000  0.000000000000000E+000
  0.000000000000000E+000  0.000000000000000E+000  0.000000000000000E+000
  0.000000000000000E+000  0.000000000000000E+000  0.000000000000000E+000
  0.000000000000000E+000  0.000000000000000E+000  0.000000000000000E+000
  0.000000000000000E+000  0.000000000000000E+000  0.000000000000000E+000
  0.000000000000000E+000  0.997891021360821      -1.506011549524650E-004
 -1.506011549517545E-004  4.369616974741426E-016  6.463955769300001E-005
 -1.506011549524650E-004  0.995714096026434      -2.061720989360944E-004
 -2.062433970889527E-005  4.807957278550095E-005 -1.506011549517545E-004
 -2.061720989360944E-004  0.995714096026430       2.062433971455904E-005
  4.807957278618267E-005  4.369616974741426E-016 -2.062433970889527E-005
  2.062433971455904E-005  0.997937314473329      -5.191592920755995E-015
  6.463955769300001E-005  4.807957278550095E-005  4.807957278618267E-005
 -5.191592920755995E-015  0.995986522629696       0.997891021574985     
 -1.506005548661348E-004 -1.506005548654243E-004  4.439005915032880E-016
  6.463991088648269E-005 -1.506005548661348E-004  0.995714095879401     
 -2.061737499757798E-004 -2.062358417327535E-005  4.807853021867150E-005
 -1.506005548654243E-004 -2.061737499757798E-004  0.995714095879397     
  2.062358417893913E-005  4.807853021935321E-005  4.439005915032880E-016
 -2.062358417327535E-005  2.062358417893913E-005  0.997937315475044     
 -5.191589957381538E-015  6.463991088648269E-005  4.807853021867150E-005
  4.807853021935321E-005 -5.191589957381538E-015  0.995986523347022     
  0.997881385971184       1.101129392852140E-004 -1.286063420813050E-004
  1.651320193613173E-006 -3.848158126190889E-005  1.101129392852140E-004
  0.995713984809077       1.971386368073931E-004  5.720799929760327E-006
  4.658504968265032E-005 -1.286063420813050E-004  1.971386368073931E-004
  0.995742216680660       1.665969105351169E-005 -2.150487460389172E-005
  1.651320193613173E-006  5.720799929760327E-006  1.665969105351169E-005
  0.997957030077933       8.817254820988506E-006 -3.848158126190889E-005
  4.658504968265032E-005 -2.150487460389172E-005  8.817254820988506E-006
  0.996022288233287       0.997881386847827       1.101134648283631E-004
 -1.286071326991026E-004  1.651364092567090E-006 -3.848146319119911E-005
  1.101134648283631E-004  0.995713986929706       1.971391665675012E-004
  5.721686215457649E-006  4.658466013969291E-005 -1.286071326991026E-004
  1.971391665675012E-004  0.995742218085550       1.666033429162678E-005
 -2.150419831181678E-005  1.651364092567090E-006  5.721686215457649E-006
  1.666033429162678E-005  0.997957031749024       8.817221749042770E-006
 -3.848146319119911E-005  4.658466013969291E-005 -2.150419831181678E-005
  8.817221749042770E-006  0.996022291016904       0.997881385971184     
 -1.286063420820143E-004  1.101129392859232E-004 -1.651320192752767E-006
 -3.848158126190914E-005 -1.286063420820143E-004  0.995742216680664     
  1.971386368073931E-004 -1.665969104784496E-005 -2.150487460457423E-005
  1.101129392859232E-004  1.971386368073931E-004  0.995713984809074     
 -5.720799924094216E-006  4.658504968333294E-005 -1.651320192752767E-006
 -1.665969104784496E-005 -5.720799924094216E-006  0.997957030077933     
 -8.817254831372379E-006 -3.848158126190914E-005 -2.150487460457423E-005
  4.658504968333294E-005 -8.817254831372379E-006  0.996022288233287     
  0.997881386847827      -1.286071326998119E-004  1.101134648290723E-004
 -1.651364091699745E-006 -3.848146319119936E-005 -1.286071326998119E-004
  0.995742218085554       1.971391665675011E-004 -1.666033428596005E-005
 -2.150419831249928E-005  1.101134648290723E-004  1.971391665675011E-004
  0.995713986929702      -5.721686209791538E-006  4.658466014037553E-005
 -1.651364091699745E-006 -1.666033428596005E-005 -5.721686209791538E-006
  0.997957031749024      -8.817221759426639E-006 -3.848146319119936E-005
 -2.150419831249928E-005  4.658466014037553E-005 -8.817221759426639E-006
  0.996022291016904       0.997948796783138      -3.797461736959091E-005
 -3.797461736888113E-005  4.510388615652183E-016 -3.981820146448066E-005
 -3.797461736959091E-005  0.995825904895669      -8.094155567075447E-005
 -5.229277156503889E-005  9.157596554327923E-005 -3.797461736888113E-005
 -8.094155567075447E-005  0.995825904895665       5.229277157070366E-005
  9.157596554396072E-005  4.510388615652183E-016 -5.229277156503889E-005
  5.229277157070366E-005  0.997918790822277      -5.191283234200954E-015
 -3.981820146448066E-005  9.157596554327923E-005  9.157596554396072E-005
 -5.191283234200954E-015  0.995964379282753       0.997948793449301     
 -3.797415259824484E-005 -3.797415259753506E-005  4.232832862989026E-016
 -3.981803791803508E-005 -3.797415259824484E-005  0.995825898457611     
 -8.094106271584167E-005 -5.229201525846301E-005  9.157665877992410E-005
 -3.797415259753506E-005 -8.094106271584167E-005  0.995825898457607     
  5.229201526412779E-005  9.157665878060561E-005  4.232832862989026E-016
 -5.229201525846301E-005  5.229201526412779E-005  0.997918787335931     
 -5.191282809085181E-015 -3.981803791803508E-005  9.157665877992410E-005
  9.157665878060561E-005 -5.191282809085181E-015  0.995964373817464     
  0.000000000000000E+000  0.000000000000000E+000  0.000000000000000E+000
  0.000000000000000E+000  0.000000000000000E+000  0.000000000000000E+000
  0.000000000000000E+000  0.000000000000000E+000  0.000000000000000E+000
  0.000000000000000E+000  0.000000000000000E+000  0.000000000000000E+000
  0.000000000000000E+000  0.000000000000000E+000  0.000000000000000E+000
  0.000000000000000E+000  0.000000000000000E+000  0.000000000000000E+000
  0.000000000000000E+000  0.000000000000000E+000  0.000000000000000E+000
  0.000000000000000E+000  0.000000000000000E+000  0.000000000000000E+000
  0.000000000000000E+000  0.000000000000000E+000  0.000000000000000E+000
  0.000000000000000E+000  0.000000000000000E+000  0.000000000000000E+000
  0.000000000000000E+000  0.000000000000000E+000  0.000000000000000E+000
  0.000000000000000E+000  0.000000000000000E+000  0.000000000000000E+000
  0.000000000000000E+000  0.000000000000000E+000  0.000000000000000E+000
  0.000000000000000E+000  0.000000000000000E+000  0.000000000000000E+000
  0.000000000000000E+000  0.000000000000000E+000  0.000000000000000E+000
  0.000000000000000E+000  0.000000000000000E+000  0.000000000000000E+000
  0.000000000000000E+000  0.000000000000000E+000  0.000000000000000E+000
  0.000000000000000E+000  0.000000000000000E+000  0.000000000000000E+000
  0.000000000000000E+000  0.000000000000000E+000  0.000000000000000E+000
  0.000000000000000E+000  0.000000000000000E+000  0.000000000000000E+000
  0.000000000000000E+000  0.000000000000000E+000  0.000000000000000E+000
  0.000000000000000E+000  0.000000000000000E+000  0.000000000000000E+000
  0.000000000000000E+000  0.000000000000000E+000  0.000000000000000E+000
  0.000000000000000E+000  0.000000000000000E+000  0.000000000000000E+000
  0.000000000000000E+000  0.000000000000000E+000  0.000000000000000E+000
  0.000000000000000E+000  0.000000000000000E+000  0.000000000000000E+000
  0.000000000000000E+000  0.000000000000000E+000  0.000000000000000E+000
  0.000000000000000E+000  0.000000000000000E+000  0.000000000000000E+000
  0.000000000000000E+000  0.000000000000000E+000  0.000000000000000E+000
  0.000000000000000E+000  0.000000000000000E+000  0.000000000000000E+000
  0.000000000000000E+000  0.000000000000000E+000  0.000000000000000E+000
  0.000000000000000E+000  0.000000000000000E+000  0.000000000000000E+000
  0.000000000000000E+000  0.000000000000000E+000  0.000000000000000E+000
  0.000000000000000E+000  0.000000000000000E+000  0.000000000000000E+000
  0.000000000000000E+000  0.000000000000000E+000  0.000000000000000E+000
  0.000000000000000E+000  0.000000000000000E+000  0.000000000000000E+000
  0.000000000000000E+000  0.000000000000000E+000  0.000000000000000E+000
  0.000000000000000E+000  0.000000000000000E+000  0.000000000000000E+000
  0.000000000000000E+000  0.000000000000000E+000  0.000000000000000E+000
  0.000000000000000E+000  0.000000000000000E+000  0.000000000000000E+000
  0.000000000000000E+000  0.000000000000000E+000  0.000000000000000E+000
  0.000000000000000E+000  0.000000000000000E+000  0.000000000000000E+000
  0.000000000000000E+000  0.000000000000000E+000  0.000000000000000E+000
  0.000000000000000E+000  0.000000000000000E+000  0.000000000000000E+000
  0.000000000000000E+000  0.000000000000000E+000  0.000000000000000E+000
  0.000000000000000E+000  0.000000000000000E+000  0.000000000000000E+000
  0.000000000000000E+000  0.000000000000000E+000  0.000000000000000E+000
  0.000000000000000E+000  0.000000000000000E+000  0.000000000000000E+000
  0.000000000000000E+000  0.000000000000000E+000  0.000000000000000E+000
  0.000000000000000E+000  0.000000000000000E+000  0.000000000000000E+000
  0.000000000000000E+000  0.000000000000000E+000  0.000000000000000E+000
  0.000000000000000E+000  0.000000000000000E+000  0.000000000000000E+000
  0.000000000000000E+000  0.000000000000000E+000  0.000000000000000E+000
  0.000000000000000E+000  0.000000000000000E+000  0.000000000000000E+000
  0.000000000000000E+000  0.000000000000000E+000  0.000000000000000E+000
  0.000000000000000E+000  0.000000000000000E+000  0.000000000000000E+000
  0.000000000000000E+000  0.000000000000000E+000  0.000000000000000E+000
  0.000000000000000E+000  0.000000000000000E+000  0.000000000000000E+000
  0.000000000000000E+000  0.000000000000000E+000  0.000000000000000E+000
  0.000000000000000E+000  0.000000000000000E+000  0.000000000000000E+000
  0.000000000000000E+000  0.000000000000000E+000  0.000000000000000E+000
  0.000000000000000E+000  0.000000000000000E+000  0.000000000000000E+000
  0.000000000000000E+000  0.000000000000000E+000  0.000000000000000E+000
  0.000000000000000E+000  0.000000000000000E+000  0.000000000000000E+000
  0.000000000000000E+000  0.000000000000000E+000  0.000000000000000E+000
  0.000000000000000E+000  0.000000000000000E+000  0.000000000000000E+000
  0.000000000000000E+000  0.000000000000000E+000  0.997925741195204     
  3.231977884249449E-005  5.743937534528097E-005 -2.004550572663050E-005
 -9.316177959988451E-005  3.231977884249449E-005  0.995986522629700     
 -4.807957278529870E-005  5.597949905322724E-005  4.807957278550143E-005
  5.743937534528097E-005 -4.807957278529870E-005  0.995714096026430     
  1.407365958839049E-004  2.061720989369783E-004 -2.004550572663050E-005
  5.597949905322724E-005  1.407365958839049E-004  0.997902594638946     
 -1.201122561745363E-004 -9.316177959988451E-005  4.807957278550143E-005
  2.061720989369783E-004 -1.201122561745363E-004  0.995714096026430     
  0.997925742000031       3.231995543923582E-005  5.743972961515615E-005
 -2.004584674617644E-005 -9.316082524367909E-005  3.231995543923582E-005
  0.995986523347026      -4.807853021846924E-005  5.597980492775569E-005
  4.807853021867197E-005  5.743972961515615E-005 -4.807853021846924E-005
  0.995714095879397       1.407356984260885E-004  2.061737499766637E-004
 -2.004584674617644E-005  5.597980492775569E-005  1.407356984260885E-004
  0.997902595049998      -1.201121142523398E-004 -9.316082524367909E-005
  4.807853021867197E-005  2.061737499766637E-004 -1.201121142523398E-004
  0.995714095879397       0.997939549136484      -1.160482396384750E-005
  4.987545536760292E-005 -3.192919894929451E-005  6.001082771227919E-005
 -1.160482396384750E-005  0.996022288233291       2.150487460477661E-005
 -3.773465436199950E-005  4.658504968265077E-005  4.987545536760292E-005
  2.150487460477661E-005  0.995742216680660       1.197062048560868E-004
 -1.971386368065085E-004 -3.192919894929451E-005 -3.773465436199950E-005
  1.197062048560868E-004  0.997898866912633       9.250020274061550E-005
  6.001082771227919E-005  4.658504968265077E-005 -1.971386368065085E-004
  9.250020274061550E-005  0.995713984809073       0.997939550646981     
 -1.160479356963777E-005  4.987529361595337E-005 -3.192952100626588E-005
  6.001185802978262E-005 -1.160479356963777E-005  0.996022291016908     
  2.150419831270165E-005 -3.773453557379251E-005  4.658466013969336E-005
  4.987529361595337E-005  2.150419831270165E-005  0.995742218085550     
  1.197072111702418E-004 -1.971391665666166E-004 -3.192952100626588E-005
 -3.773453557379251E-005  1.197072111702418E-004  0.997898867949870     
  9.250021473148474E-005  6.001185802978262E-005  4.658466013969336E-005
 -1.971391665666166E-004  9.250021473148474E-005  0.995713986929702     
  0.997926292312494      -1.990910073624576E-005 -2.629955993159358E-005
  1.299296218472413E-005 -6.427417729388431E-005 -1.990910073624576E-005
  0.995964379282757      -9.157596554307650E-005 -3.448357399954800E-005
  9.157596554327943E-005 -2.629955993159358E-005 -9.157596554307650E-005
  0.995825904895665       5.903336912492598E-005  8.094155567163866E-005
  1.299296218472413E-005 -3.448357399954800E-005  5.903336912492598E-005
  0.997941295292921      -6.740597559413126E-006 -6.427417729388431E-005
  9.157596554327943E-005  8.094155567163866E-005 -6.740597559413126E-006
  0.995825904895665       0.997926288864275      -1.990901896302297E-005
 -2.629913733655886E-005  1.299302822332233E-005 -6.427328992750351E-005
 -1.990901896302297E-005  0.995964373817468      -9.157665877972139E-005
 -3.448343236417142E-005  9.157665877992432E-005 -2.629913733655886E-005
 -9.157665877972139E-005  0.995825898457607       5.903258846784539E-005
  8.094106271672585E-005  1.299302822332233E-005 -3.448343236417142E-005
  5.903258846784539E-005  0.997941291920957      -6.740573208908417E-006
 -6.427328992750351E-005  9.157665877992432E-005  8.094106271672585E-005
 -6.740573208908417E-006  0.995825898457607       0.997936688966010     
 -2.687675730607387E-005 -5.010211158023613E-005 -3.358051914249124E-005
 -7.873088670710940E-005 -2.687675730607387E-005  0.996022288233291     
 -4.658504968244816E-005 -2.891739953581906E-005 -2.150487460457387E-005
 -5.010211158023613E-005 -4.658504968244816E-005  0.995713984809073     
 -9.822100266990081E-005 -1.971386368065081E-004 -3.358051914249124E-005
 -2.891739953581906E-005 -9.822100266990081E-005  0.997901727083107     
 -1.030465138077662E-004 -7.873088670710940E-005 -2.150487460457387E-005
 -1.971386368065081E-004 -1.030465138077662E-004  0.995742216680660     
  0.997936690400472      -2.687666962957382E-005 -5.010160680588179E-005
 -3.358088509838183E-005 -7.873183907655654E-005 -2.687666962957382E-005
  0.996022291016908      -4.658466013949074E-005 -2.891731381955781E-005
 -2.150419831249892E-005 -5.010160680588179E-005 -4.658466013949074E-005
  0.995713986929702      -9.822190094646737E-005 -1.971391665666162E-004
 -3.358088509838183E-005 -2.891731381955781E-005 -9.822190094646737E-005
  0.997901728196380      -1.030468768838061E-004 -7.873183907655654E-005
 -2.150419831249892E-005 -1.971391665666162E-004 -1.030468768838061E-004
  0.995742218085550       0.000000000000000E+000  0.000000000000000E+000
  0.000000000000000E+000  0.000000000000000E+000  0.000000000000000E+000
  0.000000000000000E+000  0.000000000000000E+000  0.000000000000000E+000
  0.000000000000000E+000  0.000000000000000E+000  0.000000000000000E+000
  0.000000000000000E+000  0.000000000000000E+000  0.000000000000000E+000
  0.000000000000000E+000  0.000000000000000E+000  0.000000000000000E+000
  0.000000000000000E+000  0.000000000000000E+000  0.000000000000000E+000
  0.000000000000000E+000  0.000000000000000E+000  0.000000000000000E+000
  0.000000000000000E+000  0.000000000000000E+000  0.000000000000000E+000
  0.000000000000000E+000  0.000000000000000E+000  0.000000000000000E+000
  0.000000000000000E+000  0.000000000000000E+000  0.000000000000000E+000
  0.000000000000000E+000  0.000000000000000E+000  0.000000000000000E+000
  0.000000000000000E+000  0.000000000000000E+000  0.000000000000000E+000
  0.000000000000000E+000  0.000000000000000E+000  0.000000000000000E+000
  0.000000000000000E+000  0.000000000000000E+000  0.000000000000000E+000
  0.000000000000000E+000  0.000000000000000E+000  0.000000000000000E+000
  0.000000000000000E+000  0.000000000000000E+000  0.000000000000000E+000
  0.000000000000000E+000  0.000000000000000E+000  0.000000000000000E+000
  0.000000000000000E+000  0.000000000000000E+000  0.000000000000000E+000
  0.000000000000000E+000  0.000000000000000E+000  0.000000000000000E+000
  0.000000000000000E+000  0.000000000000000E+000  0.000000000000000E+000
  0.000000000000000E+000  0.000000000000000E+000  0.000000000000000E+000
  0.000000000000000E+000  0.000000000000000E+000  0.000000000000000E+000
  0.000000000000000E+000  0.000000000000000E+000  0.000000000000000E+000
  0.000000000000000E+000  0.000000000000000E+000  0.000000000000000E+000
  0.000000000000000E+000  0.000000000000000E+000  0.000000000000000E+000
  0.000000000000000E+000  0.000000000000000E+000  0.000000000000000E+000
  0.000000000000000E+000  0.000000000000000E+000  0.000000000000000E+000
  0.000000000000000E+000  0.000000000000000E+000  0.000000000000000E+000
  0.000000000000000E+000  0.000000000000000E+000  0.000000000000000E+000
  0.000000000000000E+000  0.000000000000000E+000  0.000000000000000E+000
  0.000000000000000E+000  0.000000000000000E+000  0.000000000000000E+000
  0.000000000000000E+000  0.000000000000000E+000  0.000000000000000E+000
  0.000000000000000E+000  0.000000000000000E+000  0.000000000000000E+000
  0.000000000000000E+000  0.000000000000000E+000  0.000000000000000E+000
  0.000000000000000E+000  0.000000000000000E+000  0.000000000000000E+000
  0.000000000000000E+000  0.000000000000000E+000  0.000000000000000E+000
  0.000000000000000E+000  0.000000000000000E+000  0.000000000000000E+000
  0.000000000000000E+000  0.000000000000000E+000  0.000000000000000E+000
  0.000000000000000E+000  0.000000000000000E+000  0.000000000000000E+000
  0.000000000000000E+000  0.000000000000000E+000  0.000000000000000E+000
  0.000000000000000E+000  0.000000000000000E+000  0.000000000000000E+000
  0.000000000000000E+000  0.000000000000000E+000  0.000000000000000E+000
  0.000000000000000E+000  0.000000000000000E+000  0.000000000000000E+000
  0.000000000000000E+000  0.000000000000000E+000  0.000000000000000E+000
  0.000000000000000E+000  0.000000000000000E+000  0.000000000000000E+000
  0.000000000000000E+000  0.000000000000000E+000  0.000000000000000E+000
  0.000000000000000E+000  0.000000000000000E+000  0.000000000000000E+000
  0.000000000000000E+000  0.000000000000000E+000  0.000000000000000E+000
  0.000000000000000E+000  0.000000000000000E+000  0.000000000000000E+000
  0.000000000000000E+000  0.000000000000000E+000  0.000000000000000E+000
  0.000000000000000E+000  0.000000000000000E+000  0.000000000000000E+000
  0.000000000000000E+000  0.000000000000000E+000  0.000000000000000E+000
  0.000000000000000E+000  0.000000000000000E+000  0.000000000000000E+000
  0.000000000000000E+000  0.000000000000000E+000  0.000000000000000E+000
  0.000000000000000E+000  0.000000000000000E+000  0.000000000000000E+000
  0.000000000000000E+000  0.000000000000000E+000  0.000000000000000E+000
  0.000000000000000E+000  0.000000000000000E+000  0.000000000000000E+000
  0.000000000000000E+000  0.000000000000000E+000  0.000000000000000E+000
  0.000000000000000E+000  0.000000000000000E+000  0.000000000000000E+000
  0.000000000000000E+000  0.000000000000000E+000  0.000000000000000E+000
  0.000000000000000E+000  0.000000000000000E+000  0.000000000000000E+000
  0.000000000000000E+000  0.000000000000000E+000  0.000000000000000E+000
  0.000000000000000E+000  0.000000000000000E+000  0.000000000000000E+000
  0.000000000000000E+000  0.000000000000000E+000  0.000000000000000E+000
  0.000000000000000E+000  0.000000000000000E+000  0.000000000000000E+000
  0.000000000000000E+000  0.000000000000000E+000  0.000000000000000E+000
  0.997915372742543       9.230098494754378E-006 -5.781457278631492E-005
 -3.992457452778281E-006 -2.290693800479015E-005  9.230098494754378E-006
  0.995947519649000       6.001992223044910E-005 -3.177965349795828E-005
  9.139717357276580E-005 -5.781457278631492E-005  6.001992223044910E-005
  0.995945913199126       1.001377774820447E-004 -6.001992222956439E-005
 -3.992457452778281E-006 -3.177965349795828E-005  1.001377774820447E-004
  0.997919982835312       2.388332652399603E-005 -2.290693800479015E-005
  9.139717357276580E-005 -6.001992222956439E-005  2.388332652399603E-005
  0.995947519648995       0.997915370575594       9.229832425477875E-006
 -5.781359260718602E-005 -3.992746963152288E-006 -2.290738386104129E-005
  9.229832425477875E-006  0.995947517194634       6.002052484777747E-005
 -3.178001471324310E-005  9.139602023791783E-005 -5.781359260718602E-005
  6.002052484777747E-005  0.995945909972294       1.001360797619929E-004
 -6.002052484689275E-005 -3.992746963152288E-006 -3.178001471324310E-005
  1.001360797619929E-004  0.997919981002660       2.388327670888582E-005
 -2.290738386104129E-005  9.139602023791783E-005 -6.002052484689275E-005
  2.388327670888582E-005  0.995947517194630       0.997900076090540     
  4.245020330489965E-006 -6.603366744754959E-005  1.627246587877075E-005
  4.565130832906652E-005  4.245020330489965E-006  0.995953405821159     
 -4.465918307998393E-005  5.026272667415304E-005  1.058229494333070E-004
 -6.603366744754959E-005 -4.465918307998393E-005  0.995917860932189     
  1.143736670275214E-004  4.465918308086819E-005  1.627246587877075E-005
  5.026272667415304E-005  1.143736670275214E-004  0.997881286265428     
 -2.145506789216351E-005  4.565130832906652E-005  1.058229494333070E-004
  4.465918308086819E-005 -2.145506789216351E-005  0.995953405821155     
  0.997900075223427       4.244520544195300E-006 -6.603437930744365E-005
  1.627252058226943E-005  4.565070188010967E-005  4.244520544195300E-006
  0.995953404229125      -4.465968216944161E-005  5.026231495896786E-005
  1.058219967632779E-004 -6.603437930744365E-005 -4.465968216944161E-005
  0.995917858800174       1.143749000050258E-004  4.465968217032588E-005
  1.627252058226943E-005  5.026231495896786E-005  1.143749000050258E-004
  0.997881285335148      -2.145529486219856E-005  4.565070188010967E-005
  1.058219967632779E-004  4.465968217032588E-005 -2.145529486219856E-005
  0.995953404229121       0.997880239303002       6.930345169071613E-005
  6.413198359934492E-005  4.942146076934026E-005  1.400183772771762E-004
  6.930345169071613E-005  0.995928631052759       9.671354175631922E-005
  7.697565242024230E-005  5.667527220978649E-005  6.413198359934492E-005
  9.671354175631922E-005  0.995930289893477       3.147115531643851E-005
 -5.042546904967546E-005  4.942146076934026E-005  7.697565242024230E-005
  3.147115531643851E-005  0.997928882267055       3.321505567348701E-005
  1.400183772771762E-004  5.667527220978649E-005 -5.042546904967546E-005
  3.321505567348701E-005  0.995973771421619       0.997880237051017     
  6.930299295917783E-005  6.413234233519806E-005  4.942159634296204E-005
  1.400182256252747E-004  6.930299295917783E-005  0.995928628334311     
  9.671435077814296E-005  7.697522034517116E-005  5.667613598770544E-005
  6.413234233519806E-005  9.671435077814296E-005  0.995930286100328     
  3.147063922987278E-005 -5.042479003839370E-005  4.942159634296204E-005
  7.697522034517116E-005  3.147063922987278E-005  0.997928879883695     
  3.321525353204211E-005  1.400182256252747E-004  5.667613598770544E-005
 -5.042479003839370E-005  3.321525353204211E-005  0.995973767560139     
  0.997959521766561       9.877427064043260E-005 -5.932081179166222E-005
  3.647709091399202E-006  1.013145963147006E-004  9.877427064043260E-005
  0.995973771421623       5.042546905056020E-005  1.046519438810682E-004
  5.667527220978651E-005 -5.932081179166222E-005  5.042546905056020E-005
  0.995930289893477      -3.980434933477113E-005 -9.671354175543436E-005
  3.647709091399202E-006  1.046519438810682E-004 -3.980434933477113E-005
  0.997849599803495       2.153072352311386E-005  1.013145963147006E-004
  5.667527220978651E-005 -9.671354175543436E-005  2.153072352311386E-005
  0.995928631052755       0.997959519533455       9.877436616501691E-005
 -5.932054421551232E-005  3.647833765337042E-006  1.013139927609435E-004
  9.877436616501691E-005  0.995973767560143       5.042479003927844E-005
  1.046517136173914E-004  5.667613598770547E-005 -5.932054421551232E-005
  5.042479003927844E-005  0.995930286100328      -3.980491805241606E-005
 -9.671435077725807E-005  3.647833765337042E-006  1.046517136173914E-004
 -3.980491805241606E-005  0.997849597401257       2.153054228748375E-005
  1.013139927609435E-004  5.667613598770547E-005 -9.671435077725807E-005
  2.153054228748375E-005  0.995928628334307       0.000000000000000E+000
  0.000000000000000E+000  0.000000000000000E+000  0.000000000000000E+000
  0.000000000000000E+000  0.000000000000000E+000  0.000000000000000E+000
  0.000000000000000E+000  0.000000000000000E+000  0.000000000000000E+000
  0.000000000000000E+000  0.000000000000000E+000  0.000000000000000E+000
  0.000000000000000E+000  0.000000000000000E+000  0.000000000000000E+000
  0.000000000000000E+000  0.000000000000000E+000  0.000000000000000E+000
  0.000000000000000E+000  0.000000000000000E+000  0.000000000000000E+000
  0.000000000000000E+000  0.000000000000000E+000  0.000000000000000E+000
  0.000000000000000E+000  0.000000000000000E+000  0.000000000000000E+000
  0.000000000000000E+000  0.000000000000000E+000  0.000000000000000E+000
  0.000000000000000E+000  0.000000000000000E+000  0.000000000000000E+000
  0.000000000000000E+000  0.000000000000000E+000  0.000000000000000E+000
  0.000000000000000E+000  0.000000000000000E+000  0.000000000000000E+000
  0.000000000000000E+000  0.000000000000000E+000  0.000000000000000E+000
  0.000000000000000E+000  0.000000000000000E+000  0.000000000000000E+000
  0.000000000000000E+000  0.000000000000000E+000  0.000000000000000E+000
  0.000000000000000E+000  0.000000000000000E+000  0.000000000000000E+000
  0.000000000000000E+000  0.000000000000000E+000  0.000000000000000E+000
  0.000000000000000E+000  0.000000000000000E+000  0.000000000000000E+000
  0.000000000000000E+000  0.000000000000000E+000  0.000000000000000E+000
  0.000000000000000E+000  0.000000000000000E+000  0.000000000000000E+000
  0.000000000000000E+000  0.000000000000000E+000  0.000000000000000E+000
  0.000000000000000E+000  0.000000000000000E+000  0.000000000000000E+000
  0.000000000000000E+000  0.000000000000000E+000  0.000000000000000E+000
  0.000000000000000E+000  0.000000000000000E+000  0.000000000000000E+000
  0.000000000000000E+000  0.000000000000000E+000  0.000000000000000E+000
  0.000000000000000E+000  0.000000000000000E+000  0.000000000000000E+000
  0.000000000000000E+000  0.000000000000000E+000  0.000000000000000E+000
  0.000000000000000E+000  0.000000000000000E+000  0.000000000000000E+000
  0.000000000000000E+000  0.000000000000000E+000  0.000000000000000E+000
  0.000000000000000E+000  0.000000000000000E+000  0.000000000000000E+000
  0.000000000000000E+000  0.000000000000000E+000  0.000000000000000E+000
  0.000000000000000E+000  0.000000000000000E+000  0.000000000000000E+000
  0.000000000000000E+000  0.000000000000000E+000  0.000000000000000E+000
  0.000000000000000E+000  0.000000000000000E+000  0.000000000000000E+000
  0.000000000000000E+000  0.000000000000000E+000  0.000000000000000E+000
  0.000000000000000E+000  0.000000000000000E+000  0.000000000000000E+000
  0.000000000000000E+000  0.000000000000000E+000  0.000000000000000E+000
  0.000000000000000E+000  0.000000000000000E+000  0.000000000000000E+000
  0.000000000000000E+000  0.000000000000000E+000  0.000000000000000E+000
  0.000000000000000E+000  0.000000000000000E+000  0.000000000000000E+000
  0.000000000000000E+000  0.000000000000000E+000  0.000000000000000E+000
  0.000000000000000E+000  0.000000000000000E+000  0.000000000000000E+000
  0.000000000000000E+000  0.000000000000000E+000  0.000000000000000E+000
  0.000000000000000E+000  0.000000000000000E+000  0.000000000000000E+000
  0.000000000000000E+000  0.000000000000000E+000  0.000000000000000E+000
  0.000000000000000E+000  0.000000000000000E+000  0.000000000000000E+000
  0.000000000000000E+000  0.000000000000000E+000  0.000000000000000E+000
  0.000000000000000E+000  0.000000000000000E+000  0.000000000000000E+000
  0.000000000000000E+000  0.000000000000000E+000  0.000000000000000E+000
  0.000000000000000E+000  0.000000000000000E+000  0.000000000000000E+000
  0.000000000000000E+000  0.000000000000000E+000  0.000000000000000E+000
  0.000000000000000E+000  0.000000000000000E+000  0.000000000000000E+000
  0.000000000000000E+000  0.000000000000000E+000  0.000000000000000E+000
  0.000000000000000E+000  0.000000000000000E+000  0.000000000000000E+000
  0.000000000000000E+000  0.000000000000000E+000  0.000000000000000E+000
  0.000000000000000E+000  0.000000000000000E+000  0.000000000000000E+000
  0.000000000000000E+000  0.000000000000000E+000  0.000000000000000E+000
  0.000000000000000E+000  0.000000000000000E+000  0.000000000000000E+000
  0.000000000000000E+000  0.000000000000000E+000  0.000000000000000E+000
  0.000000000000000E+000  0.000000000000000E+000  0.000000000000000E+000
  0.000000000000000E+000  0.000000000000000E+000  0.000000000000000E+000
  0.000000000000000E+000  0.000000000000000E+000  0.000000000000000E+000
  0.000000000000000E+000  0.000000000000000E+000  0.000000000000000E+000
  0.000000000000000E+000  0.000000000000000E+000  0.000000000000000E+000
  0.000000000000000E+000  0.000000000000000E+000  0.000000000000000E+000
  0.000000000000000E+000  0.997925741195204       5.743937534457171E-005
  3.231977884320387E-005  2.004550572749805E-005 -9.316177959988461E-005
  5.743937534457171E-005  0.995714096026434      -4.807957278529782E-005
 -1.407365958782420E-004  2.061720989362975E-004  3.231977884320387E-005
 -4.807957278529782E-005  0.995986522629696      -5.597949904756035E-005
  4.807957278618237E-005  2.004550572749805E-005 -1.407365958782420E-004
 -5.597949904756035E-005  0.997902594638946       1.201122561641561E-004
 -9.316177959988461E-005  2.061720989362975E-004  4.807957278618237E-005
  1.201122561641561E-004  0.995714096026430       0.997925742000031     
  5.743972961444689E-005  3.231995543994521E-005  2.004584674703011E-005
 -9.316082524367915E-005  5.743972961444689E-005  0.995714095879401     
 -4.807853021846837E-005 -1.407356984204256E-004  2.061737499759829E-004
  3.231995543994521E-005 -4.807853021846837E-005  0.995986523347022     
 -5.597980492208880E-005  4.807853021935292E-005  2.004584674703011E-005
 -1.407356984204256E-004 -5.597980492208880E-005  0.997902595049999     
  1.201121142419596E-004 -9.316082524367915E-005  2.061737499759829E-004
  4.807853021935292E-005  1.201121142419596E-004  0.995714095879397     
  0.997926292312494      -2.629955993230327E-005 -1.990910073553592E-005
 -1.299296218386369E-005 -6.427417729388425E-005 -2.629955993230327E-005
  0.995825904895669      -9.157596554307623E-005 -5.903336911926123E-005
  8.094155567095747E-005 -1.990910073553592E-005 -9.157596554307623E-005
  0.995964379282753       3.448357400521360E-005  9.157596554396048E-005
 -1.299296218386369E-005 -5.903336911926123E-005  3.448357400521360E-005
  0.997941295292921       6.740597549031482E-006 -6.427417729388425E-005
  8.094155567095747E-005  9.157596554396048E-005  6.740597549031482E-006
  0.995825904895665       0.997926288864275      -2.629913733726855E-005
 -1.990901896231313E-005 -1.299302822245496E-005 -6.427328992750345E-005
 -2.629913733726855E-005  0.995825898457611      -9.157665877972110E-005
 -5.903258846218066E-005  8.094106271604466E-005 -1.990901896231313E-005
 -9.157665877972110E-005  0.995964373817464       3.448343236983703E-005
  9.157665878060538E-005 -1.299302822245496E-005 -5.903258846218066E-005
  3.448343236983703E-005  0.997941291920957       6.740573198526773E-006
 -6.427328992750345E-005  8.094106271604466E-005  9.157665878060538E-005
  6.740573198526773E-006  0.995825898457607       0.997939549136484     
  4.987545536689333E-005 -1.160482396313765E-005  3.192919895018286E-005
  6.001082771227938E-005  4.987545536689333E-005  0.995742216680664     
  2.150487460477666E-005 -1.197062048504197E-004 -1.971386368071902E-004
 -1.160482396313765E-005  2.150487460477666E-005  0.996022288233288     
  3.773465436766631E-005  4.658504968333226E-005  3.192919895018286E-005
 -1.197062048504197E-004  3.773465436766631E-005  0.997898866912633     
 -9.250020275099806E-005  6.001082771227938E-005 -1.971386368071902E-004
  4.658504968333226E-005 -9.250020275099806E-005  0.995713984809073     
  0.997939550646981       4.987529361524378E-005 -1.160479356892792E-005
  3.192952100712648E-005  6.001185802978281E-005  4.987529361524378E-005
  0.995742218085554       2.150419831270171E-005 -1.197072111645746E-004
 -1.971391665672982E-004 -1.160479356892792E-005  2.150419831270171E-005
  0.996022291016904       3.773453557945932E-005  4.658466014037485E-005
  3.192952100712648E-005 -1.197072111645746E-004  3.773453557945932E-005
  0.997898867949870      -9.250021474186730E-005  6.001185802978281E-005
 -1.971391665672982E-004  4.658466014037485E-005 -9.250021474186730E-005
  0.995713986929702       0.997936688966010      -5.010211158094554E-005
 -2.687675730536399E-005  3.358051914334455E-005 -7.873088670710925E-005
 -5.010211158094554E-005  0.995713984809077      -4.658504968244789E-005
  9.822100267556740E-005 -1.971386368071906E-004 -2.687675730536399E-005
 -4.658504968244789E-005  0.996022288233288       2.891739954148600E-005
 -2.150487460389221E-005  3.358051914334455E-005  9.822100267556740E-005
  2.891739954148600E-005  0.997901727083107       1.030465137973834E-004
 -7.873088670710925E-005 -1.971386368071906E-004 -2.150487460389221E-005
  1.030465137973834E-004  0.995742216680660       0.997936690400472     
 -5.010160680659118E-005 -2.687666962886394E-005  3.358088509922820E-005
 -7.873183907655638E-005 -5.010160680659118E-005  0.995713986929706     
 -4.658466013949048E-005  9.822190095213396E-005 -1.971391665672986E-004
 -2.687666962886394E-005 -4.658466013949048E-005  0.996022291016904     
  2.891731382522476E-005 -2.150419831181726E-005  3.358088509922820E-005
  9.822190095213396E-005  2.891731382522476E-005  0.997901728196379     
  1.030468768734233E-004 -7.873183907655638E-005 -1.971391665672986E-004
 -2.150419831181726E-005  1.030468768734233E-004  0.995742218085550     
  0.000000000000000E+000  0.000000000000000E+000  0.000000000000000E+000
  0.000000000000000E+000  0.000000000000000E+000  0.000000000000000E+000
  0.000000000000000E+000  0.000000000000000E+000  0.000000000000000E+000
  0.000000000000000E+000  0.000000000000000E+000  0.000000000000000E+000
  0.000000000000000E+000  0.000000000000000E+000  0.000000000000000E+000
  0.000000000000000E+000  0.000000000000000E+000  0.000000000000000E+000
  0.000000000000000E+000  0.000000000000000E+000  0.000000000000000E+000
  0.000000000000000E+000  0.000000000000000E+000  0.000000000000000E+000
  0.000000000000000E+000  0.000000000000000E+000  0.000000000000000E+000
  0.000000000000000E+000  0.000000000000000E+000  0.000000000000000E+000
  0.000000000000000E+000  0.000000000000000E+000  0.000000000000000E+000
  0.000000000000000E+000  0.000000000000000E+000  0.000000000000000E+000
  0.000000000000000E+000  0.000000000000000E+000  0.000000000000000E+000
  0.000000000000000E+000  0.000000000000000E+000  0.000000000000000E+000
  0.000000000000000E+000  0.000000000000000E+000  0.000000000000000E+000
  0.000000000000000E+000  0.000000000000000E+000  0.000000000000000E+000
  0.000000000000000E+000  0.000000000000000E+000  0.000000000000000E+000
  0.000000000000000E+000  0.000000000000000E+000  0.000000000000000E+000
  0.000000000000000E+000  0.000000000000000E+000  0.000000000000000E+000
  0.000000000000000E+000  0.000000000000000E+000  0.000000000000000E+000
  0.000000000000000E+000  0.000000000000000E+000  0.000000000000000E+000
  0.000000000000000E+000  0.000000000000000E+000  0.000000000000000E+000
  0.000000000000000E+000  0.000000000000000E+000  0.000000000000000E+000
  0.000000000000000E+000  0.000000000000000E+000  0.000000000000000E+000
  0.000000000000000E+000  0.000000000000000E+000  0.000000000000000E+000
  0.000000000000000E+000  0.000000000000000E+000  0.000000000000000E+000
  0.000000000000000E+000  0.000000000000000E+000  0.000000000000000E+000
  0.000000000000000E+000  0.000000000000000E+000  0.000000000000000E+000
  0.000000000000000E+000  0.000000000000000E+000  0.000000000000000E+000
  0.000000000000000E+000  0.000000000000000E+000  0.000000000000000E+000
  0.000000000000000E+000  0.000000000000000E+000  0.000000000000000E+000
  0.000000000000000E+000  0.000000000000000E+000  0.000000000000000E+000
  0.000000000000000E+000  0.000000000000000E+000  0.000000000000000E+000
  0.000000000000000E+000  0.000000000000000E+000  0.000000000000000E+000
  0.000000000000000E+000  0.000000000000000E+000  0.000000000000000E+000
  0.000000000000000E+000  0.000000000000000E+000  0.000000000000000E+000
  0.000000000000000E+000  0.000000000000000E+000  0.000000000000000E+000
  0.000000000000000E+000  0.000000000000000E+000  0.000000000000000E+000
  0.000000000000000E+000  0.000000000000000E+000  0.000000000000000E+000
  0.000000000000000E+000  0.000000000000000E+000  0.000000000000000E+000
  0.000000000000000E+000  0.000000000000000E+000  0.000000000000000E+000
  0.000000000000000E+000  0.000000000000000E+000  0.000000000000000E+000
  0.000000000000000E+000  0.000000000000000E+000  0.000000000000000E+000
  0.000000000000000E+000  0.000000000000000E+000  0.000000000000000E+000
  0.000000000000000E+000  0.000000000000000E+000  0.000000000000000E+000
  0.000000000000000E+000  0.000000000000000E+000  0.000000000000000E+000
  0.000000000000000E+000  0.000000000000000E+000  0.000000000000000E+000
  0.000000000000000E+000  0.000000000000000E+000  0.000000000000000E+000
  0.000000000000000E+000  0.000000000000000E+000  0.000000000000000E+000
  0.000000000000000E+000  0.000000000000000E+000  0.000000000000000E+000
  0.000000000000000E+000  0.000000000000000E+000  0.000000000000000E+000
  0.000000000000000E+000  0.000000000000000E+000  0.000000000000000E+000
  0.000000000000000E+000  0.000000000000000E+000  0.000000000000000E+000
  0.000000000000000E+000  0.000000000000000E+000  0.000000000000000E+000
  0.000000000000000E+000  0.000000000000000E+000  0.000000000000000E+000
  0.000000000000000E+000  0.000000000000000E+000  0.000000000000000E+000
  0.000000000000000E+000  0.000000000000000E+000  0.000000000000000E+000
  0.000000000000000E+000  0.000000000000000E+000  0.000000000000000E+000
  0.000000000000000E+000  0.000000000000000E+000  0.000000000000000E+000
  0.000000000000000E+000  0.000000000000000E+000  0.000000000000000E+000
  0.000000000000000E+000  0.000000000000000E+000  0.000000000000000E+000
  0.000000000000000E+000  0.000000000000000E+000  0.000000000000000E+000
  0.000000000000000E+000  0.000000000000000E+000  0.000000000000000E+000
  0.000000000000000E+000  0.000000000000000E+000  0.000000000000000E+000
  0.000000000000000E+000  0.000000000000000E+000  0.000000000000000E+000
  0.000000000000000E+000  0.000000000000000E+000  0.000000000000000E+000
  0.000000000000000E+000  0.000000000000000E+000  0.997915372742543     
 -5.781457278702471E-005  9.230098495464133E-006  3.992457453666503E-006
 -2.290693800479012E-005 -5.781457278702471E-005  0.995945913199129     
  6.001992223044881E-005 -1.001377774763773E-004 -6.001992223024600E-005
  9.230098495464133E-006  6.001992223044881E-005  0.995947519648996     
  3.177965350362469E-005  9.139717357344763E-005  3.992457453666503E-006
 -1.001377774763773E-004  3.177965350362469E-005  0.997919982835312     
 -2.388332653437935E-005 -2.290693800479012E-005 -6.001992223024600E-005
  9.139717357344763E-005 -2.388332653437935E-005  0.995947519648995     
  0.997915370575594      -5.781359260789581E-005  9.229832426187629E-006
  3.992746964033572E-006 -2.290738386104126E-005 -5.781359260789581E-005
  0.995945909972298       6.002052484777718E-005 -1.001360797563256E-004
 -6.002052484757437E-005  9.229832426187629E-006  6.002052484777718E-005
  0.995947517194630       3.178001471890949E-005  9.139602023859966E-005
  3.992746964033572E-006 -1.001360797563256E-004  3.178001471890949E-005
  0.997919981002660      -2.388327671926914E-005 -2.290738386104126E-005
 -6.002052484757437E-005  9.139602023859966E-005 -2.388327671926914E-005
  0.995947517194630       0.997880239303002       6.413198359863522E-005
  6.930345169142571E-005 -4.942146076845889E-005  1.400183772771765E-004
  6.413198359863522E-005  0.995930289893480       9.671354175631899E-005
 -3.147115531077116E-005 -5.042546905035741E-005  6.930345169142571E-005
  9.671354175631899E-005  0.995928631052755      -7.697565241457550E-005
  5.667527221046874E-005 -4.942146076845889E-005 -3.147115531077116E-005
 -7.697565241457550E-005  0.997928882267055      -3.321505568387048E-005
  1.400183772771765E-004 -5.042546905035741E-005  5.667527221046874E-005
 -3.321505568387048E-005  0.995973771421619       0.997880237051017     
  6.413234233448835E-005  6.930299295988739E-005 -4.942159634210842E-005
  1.400182256252749E-004  6.413234233448835E-005  0.995930286100332     
  9.671435077814271E-005 -3.147063922420544E-005 -5.042479003907565E-005
  6.930299295988739E-005  9.671435077814271E-005  0.995928628334307     
 -7.697522033950433E-005  5.667613598838768E-005 -4.942159634210842E-005
 -3.147063922420544E-005 -7.697522033950433E-005  0.997928879883695     
 -3.321525354242558E-005  1.400182256252749E-004 -5.042479003907565E-005
  5.667613598838768E-005 -3.321525354242558E-005  0.995973767560139     
  0.997900076090541      -6.603366744825965E-005  4.245020331199934E-006
 -1.627246587786179E-005  4.565130832906656E-005 -6.603366744825965E-005
  0.995917860932193      -4.465918307998394E-005 -1.143736670218560E-004
  4.465918308018695E-005  4.245020331199934E-006 -4.465918307998394E-005
  0.995953405821155      -5.026272666848703E-005  1.058229494339886E-004
 -1.627246587786179E-005 -1.143736670218560E-004 -5.026272666848703E-005
  0.997881286265428       2.145506788178102E-005  4.565130832906656E-005
  4.465918308018695E-005  1.058229494339886E-004  2.145506788178102E-005
  0.995953405821155       0.997900075223427      -6.603437930815371E-005
  4.244520544905270E-006 -1.627252058137434E-005  4.565070188010972E-005
 -6.603437930815371E-005  0.995917858800177      -4.465968216944163E-005
 -1.143748999993603E-004  4.465968216964463E-005  4.244520544905270E-006
 -4.465968216944163E-005  0.995953404229121      -5.026231495330184E-005
  1.058219967639595E-004 -1.627252058137434E-005 -1.143748999993603E-004
 -5.026231495330184E-005  0.997881285335148       2.145529485181606E-005
  4.565070188010972E-005  4.465968216964463E-005  1.058219967639595E-004
  2.145529485181606E-005  0.995953404229121       0.997959521766561     
 -5.932081179237197E-005  9.877427064114234E-005 -3.647709090518030E-006
  1.013145963147005E-004 -5.932081179237197E-005  0.995930289893481     
  5.042546905056001E-005  3.980434934043864E-005 -9.671354175611640E-005
  9.877427064114234E-005  5.042546905056001E-005  0.995973771421619     
 -1.046519438754015E-004  5.667527221046875E-005 -3.647709090518030E-006
  3.980434934043864E-005 -1.046519438754015E-004  0.997849599803496     
 -2.153072353349686E-005  1.013145963147005E-004 -9.671354175611640E-005
  5.667527221046875E-005 -2.153072353349686E-005  0.995928631052755     
  0.997959519533455      -5.932054421622206E-005  9.877436616572663E-005
 -3.647833764462809E-006  1.013139927609434E-004 -5.932054421622206E-005
  0.995930286100332       5.042479003927826E-005  3.980491805808357E-005
 -9.671435077794014E-005  9.877436616572663E-005  5.042479003927826E-005
  0.995973767560139      -1.046517136117247E-004  5.667613598838769E-005
 -3.647833764462809E-006  3.980491805808357E-005 -1.046517136117247E-004
  0.997849597401257      -2.153054229786674E-005  1.013139927609434E-004
 -9.671435077794014E-005  5.667613598838769E-005 -2.153054229786674E-005
  0.995928628334307       0.000000000000000E+000  0.000000000000000E+000
  0.000000000000000E+000  0.000000000000000E+000  0.000000000000000E+000
  0.000000000000000E+000  0.000000000000000E+000  0.000000000000000E+000
  0.000000000000000E+000  0.000000000000000E+000  0.000000000000000E+000
  0.000000000000000E+000  0.000000000000000E+000  0.000000000000000E+000
  0.000000000000000E+000  0.000000000000000E+000  0.000000000000000E+000
  0.000000000000000E+000  0.000000000000000E+000  0.000000000000000E+000
  0.000000000000000E+000  0.000000000000000E+000  0.000000000000000E+000
  0.000000000000000E+000  0.000000000000000E+000  0.000000000000000E+000
  0.000000000000000E+000  0.000000000000000E+000  0.000000000000000E+000
  0.000000000000000E+000  0.000000000000000E+000  0.000000000000000E+000
  0.000000000000000E+000  0.000000000000000E+000  0.000000000000000E+000
  0.000000000000000E+000  0.000000000000000E+000  0.000000000000000E+000
  0.000000000000000E+000  0.000000000000000E+000  0.000000000000000E+000
  0.000000000000000E+000  0.000000000000000E+000  0.000000000000000E+000
  0.000000000000000E+000  0.000000000000000E+000  0.000000000000000E+000
  0.000000000000000E+000  0.000000000000000E+000  0.000000000000000E+000
  0.000000000000000E+000  0.000000000000000E+000  0.000000000000000E+000
  0.000000000000000E+000  0.000000000000000E+000  0.000000000000000E+000
  0.000000000000000E+000  0.000000000000000E+000  0.000000000000000E+000
  0.000000000000000E+000  0.000000000000000E+000  0.000000000000000E+000
  0.000000000000000E+000  0.000000000000000E+000  0.000000000000000E+000
  0.000000000000000E+000  0.000000000000000E+000  0.000000000000000E+000
  0.000000000000000E+000  0.000000000000000E+000  0.000000000000000E+000
  0.000000000000000E+000  0.000000000000000E+000  0.000000000000000E+000
  0.000000000000000E+000  0.000000000000000E+000  0.000000000000000E+000
  0.000000000000000E+000  0.000000000000000E+000  0.000000000000000E+000
  0.000000000000000E+000  0.000000000000000E+000  0.000000000000000E+000
  0.000000000000000E+000  0.000000000000000E+000  0.000000000000000E+000
  0.000000000000000E+000  0.000000000000000E+000  0.000000000000000E+000
  0.000000000000000E+000  0.000000000000000E+000  0.000000000000000E+000
  0.000000000000000E+000  0.000000000000000E+000  0.000000000000000E+000
  0.000000000000000E+000  0.000000000000000E+000  0.000000000000000E+000
  0.000000000000000E+000  0.000000000000000E+000  0.000000000000000E+000
  0.000000000000000E+000  0.000000000000000E+000  0.000000000000000E+000
  0.000000000000000E+000  0.000000000000000E+000  0.000000000000000E+000
  0.000000000000000E+000  0.000000000000000E+000  0.000000000000000E+000
  0.000000000000000E+000  0.000000000000000E+000  0.000000000000000E+000
  0.000000000000000E+000  0.000000000000000E+000  0.000000000000000E+000
  0.000000000000000E+000  0.000000000000000E+000  0.000000000000000E+000
  0.000000000000000E+000  0.000000000000000E+000  0.000000000000000E+000
  0.000000000000000E+000  0.000000000000000E+000  0.000000000000000E+000
  0.000000000000000E+000  0.000000000000000E+000  0.000000000000000E+000
  0.000000000000000E+000  0.000000000000000E+000  0.000000000000000E+000
  0.000000000000000E+000  0.000000000000000E+000  0.000000000000000E+000
  0.000000000000000E+000  0.000000000000000E+000  0.000000000000000E+000
  0.000000000000000E+000  0.000000000000000E+000  0.000000000000000E+000
  0.000000000000000E+000  0.000000000000000E+000  0.000000000000000E+000
  0.000000000000000E+000  0.000000000000000E+000  0.000000000000000E+000
  0.000000000000000E+000  0.000000000000000E+000  0.000000000000000E+000
  0.000000000000000E+000  0.000000000000000E+000  0.000000000000000E+000
  0.000000000000000E+000  0.000000000000000E+000  0.000000000000000E+000
  0.000000000000000E+000  0.000000000000000E+000  0.000000000000000E+000
  0.000000000000000E+000  0.000000000000000E+000  0.000000000000000E+000
  0.000000000000000E+000  0.000000000000000E+000  0.000000000000000E+000
  0.000000000000000E+000  0.000000000000000E+000  0.000000000000000E+000
  0.000000000000000E+000  0.000000000000000E+000  0.000000000000000E+000
  0.000000000000000E+000  0.000000000000000E+000  0.000000000000000E+000
  0.000000000000000E+000  0.000000000000000E+000  0.000000000000000E+000
  0.000000000000000E+000  0.000000000000000E+000  0.000000000000000E+000
  0.000000000000000E+000  0.000000000000000E+000  0.000000000000000E+000
  0.000000000000000E+000  0.000000000000000E+000  0.000000000000000E+000
  0.000000000000000E+000  0.000000000000000E+000  0.000000000000000E+000
  0.000000000000000E+000  0.000000000000000E+000  0.000000000000000E+000
  0.000000000000000E+000  0.000000000000000E+000  0.000000000000000E+000
  0.000000000000000E+000  0.000000000000000E+000  0.000000000000000E+000
  0.000000000000000E+000  0.000000000000000E+000  0.000000000000000E+000
  0.997922287881699      -3.213703650755620E-005 -3.213703650684646E-005
  4.371185019949725E-016 -1.156291455660366E-004 -3.213703650755620E-005
  0.995947519648999      -9.139717357256315E-005 -7.896326968770488E-006
 -6.001992223024619E-005 -3.213703650684646E-005 -9.139717357256315E-005
  0.995947519648995       7.896326974437106E-006 -6.001992222956420E-005
  4.371185019949725E-016 -7.896326968770488E-006  7.896326974437106E-006
  0.997913067696156      -5.191988742274632E-015 -1.156291455660366E-004
 -6.001992223024619E-005 -6.001992222956420E-005 -5.191988742274632E-015
  0.995945913199125       0.997922286216196      -3.213721629453083E-005
 -3.213721629382109E-005  4.509962899716212E-016 -1.156271852077788E-004
 -3.213721629453083E-005  0.995947517194634      -9.139602023771518E-005
 -7.896737999165512E-006 -6.002052484757456E-005 -3.213721629382109E-005
 -9.139602023771518E-005  0.995947517194630       7.896738004832131E-006
 -6.002052484689256E-005  4.509962899716212E-016 -7.896737999165512E-006
  7.896738004832131E-006  0.997913065362058      -5.191986201723207E-015
 -1.156271852077788E-004 -6.002052484757456E-005 -6.002052484689256E-005
 -5.191986201723207E-015  0.995945909972294       0.997873921285525     
  4.124410662873201E-005  3.201114461668231E-005 -4.577375167749703E-005
  4.811171814276006E-006  4.124410662873201E-005  0.995973771421623     
 -5.667527220958409E-005  1.378669995597470E-004 -5.042546905035761E-005
  3.201114461668231E-005 -5.667527220958409E-005  0.995928631052755     
 -9.850637594288068E-005 -9.671354175543422E-005 -4.577375167749703E-005
  1.378669995597470E-004 -9.850637594288068E-005  0.997935200284532     
  7.127550464601780E-005  4.811171814276006E-006 -5.042546905035761E-005
 -9.671354175543422E-005  7.127550464601780E-005  0.995930289893476     
  0.997873918817598       4.124385945224617E-005  3.201099979446351E-005
 -4.577376257716709E-005  4.811798126279046E-006  4.124385945224617E-005
  0.995973767560143      -5.667613598750305E-005  1.378669671546254E-004
 -5.042479003907586E-005  3.201099979446351E-005 -5.667613598750305E-005
  0.995928628334307      -9.850576263217939E-005 -9.671435077725794E-005
 -4.577376257716709E-005  1.378669671546254E-004 -9.850576263217939E-005
  0.997935198117113       7.127555727709701E-005  4.811798126279046E-006
 -5.042479003907586E-005 -9.671435077725794E-005  7.127555727709701E-005
  0.995930286100328       0.997873921285525       3.201114461597275E-005
  4.124410662944162E-005  4.577375167836431E-005  4.811171814275843E-006
  3.201114461597275E-005  0.995928631052759      -5.667527220958407E-005
  9.850637594854779E-005 -9.671354175611654E-005  4.124410662944162E-005
 -5.667527220958407E-005  0.995973771421619      -1.378669995540802E-004
 -5.042546904967523E-005  4.577375167836431E-005  9.850637594854779E-005
 -1.378669995540802E-004  0.997935200284532      -7.127550465640154E-005
  4.811171814275843E-006 -9.671354175611654E-005 -5.042546904967523E-005
 -7.127550465640154E-005  0.995930289893476       0.997873918817599     
  3.201099979375394E-005  4.124385945295577E-005  4.577376257803437E-005
  4.811798126278885E-006  3.201099979375394E-005  0.995928628334311     
 -5.667613598750302E-005  9.850576263784650E-005 -9.671435077794027E-005
  4.124385945295577E-005 -5.667613598750302E-005  0.995973767560139     
 -1.378669671489585E-004 -5.042479003839348E-005  4.577376257803437E-005
  9.850576263784650E-005 -1.378669671489585E-004  0.997935198117113     
 -7.127555728748073E-005  4.811798126278885E-006 -9.671435077794027E-005
 -5.042479003839348E-005 -7.127555728748073E-005  0.995930286100328     
  0.997871891352875       4.140628799056583E-005  4.140628799127521E-005
  4.371788669899080E-016 -1.320673348885079E-004  4.140628799056583E-005
  0.995953405821159      -1.058229494331043E-004  2.880765878718061E-005
  4.465918308018680E-005  4.140628799127521E-005 -1.058229494331043E-004
  0.995953405821155      -2.880765878151484E-005  4.465918308086841E-005
  4.371788669899080E-016  2.880765878718061E-005 -2.880765878151484E-005
  0.997909471003094      -5.191234328255808E-015 -1.320673348885079E-004
  4.465918308018680E-005  4.465918308086841E-005 -5.191234328255808E-015
  0.995917860932189       0.997871890391012       4.140618132790366E-005
  4.140618132861303E-005  4.510566553493663E-016 -1.320687586082960E-004
  4.140618132790366E-005  0.995953404229125      -1.058219967630752E-004
  2.880702010196037E-005  4.465968216964448E-005  4.140618132861303E-005
 -1.058219967630752E-004  0.995953404229121      -2.880702009629460E-005
  4.465968217032610E-005  4.510566553493663E-016  2.880702010196037E-005
 -2.880702009629460E-005  0.997909470167563      -5.191231786472695E-015
 -1.320687586082960E-004  4.465968216964448E-005  4.465968217032610E-005
 -5.191231786472695E-015  0.995917858800173       0.000000000000000E+000
  0.000000000000000E+000  0.000000000000000E+000  0.000000000000000E+000
  0.000000000000000E+000  0.000000000000000E+000  0.000000000000000E+000
  0.000000000000000E+000  0.000000000000000E+000  0.000000000000000E+000
  0.000000000000000E+000  0.000000000000000E+000  0.000000000000000E+000
  0.000000000000000E+000  0.000000000000000E+000  0.000000000000000E+000
  0.000000000000000E+000  0.000000000000000E+000  0.000000000000000E+000
  0.000000000000000E+000  0.000000000000000E+000  0.000000000000000E+000
  0.000000000000000E+000  0.000000000000000E+000  0.000000000000000E+000
  0.000000000000000E+000  0.000000000000000E+000  0.000000000000000E+000
  0.000000000000000E+000  0.000000000000000E+000  0.000000000000000E+000
  0.000000000000000E+000  0.000000000000000E+000  0.000000000000000E+000
  0.000000000000000E+000  0.000000000000000E+000  0.000000000000000E+000
  0.000000000000000E+000  0.000000000000000E+000  0.000000000000000E+000
  0.000000000000000E+000  0.000000000000000E+000  0.000000000000000E+000
  0.000000000000000E+000  0.000000000000000E+000  0.000000000000000E+000
  0.000000000000000E+000  0.000000000000000E+000  0.000000000000000E+000
  0.000000000000000E+000  0.000000000000000E+000  0.000000000000000E+000
  0.000000000000000E+000  0.000000000000000E+000  0.000000000000000E+000
  0.000000000000000E+000  0.000000000000000E+000  0.000000000000000E+000
  0.000000000000000E+000  0.000000000000000E+000  0.000000000000000E+000
  0.000000000000000E+000  0.000000000000000E+000  0.000000000000000E+000
  0.000000000000000E+000  0.000000000000000E+000  0.000000000000000E+000
  0.000000000000000E+000  0.000000000000000E+000  0.000000000000000E+000
  0.000000000000000E+000  0.000000000000000E+000  0.000000000000000E+000
  0.000000000000000E+000  0.000000000000000E+000  0.000000000000000E+000
  0.000000000000000E+000  0.000000000000000E+000  0.000000000000000E+000
  0.000000000000000E+000  0.000000000000000E+000  0.000000000000000E+000
  0.000000000000000E+000  0.000000000000000E+000  0.000000000000000E+000
  0.000000000000000E+000  0.000000000000000E+000  0.000000000000000E+000
  0.000000000000000E+000  0.000000000000000E+000  0.000000000000000E+000
  0.000000000000000E+000  0.000000000000000E+000  0.000000000000000E+000
  0.000000000000000E+000  0.000000000000000E+000  0.000000000000000E+000
  0.000000000000000E+000  0.000000000000000E+000  0.000000000000000E+000
  0.000000000000000E+000  0.000000000000000E+000  0.000000000000000E+000
  0.000000000000000E+000  0.000000000000000E+000  0.000000000000000E+000
  0.000000000000000E+000  0.000000000000000E+000  0.000000000000000E+000
  0.000000000000000E+000  0.000000000000000E+000  0.000000000000000E+000
  0.000000000000000E+000  0.000000000000000E+000  0.000000000000000E+000
  0.000000000000000E+000  0.000000000000000E+000  0.000000000000000E+000
  0.000000000000000E+000  0.000000000000000E+000  0.000000000000000E+000
  0.000000000000000E+000  0.000000000000000E+000  0.000000000000000E+000
  0.000000000000000E+000  0.000000000000000E+000  0.000000000000000E+000
  0.000000000000000E+000  0.000000000000000E+000  0.000000000000000E+000
  0.000000000000000E+000  0.000000000000000E+000  0.000000000000000E+000
  0.000000000000000E+000  0.000000000000000E+000  0.000000000000000E+000
  0.000000000000000E+000  0.000000000000000E+000  0.000000000000000E+000
  0.000000000000000E+000  0.000000000000000E+000  0.000000000000000E+000
  0.000000000000000E+000  0.000000000000000E+000  0.000000000000000E+000
  0.000000000000000E+000  0.000000000000000E+000  0.000000000000000E+000
  0.000000000000000E+000  0.000000000000000E+000  0.000000000000000E+000
  0.000000000000000E+000  0.000000000000000E+000  0.000000000000000E+000
  0.000000000000000E+000  0.000000000000000E+000  0.000000000000000E+000
  0.000000000000000E+000  0.000000000000000E+000  0.000000000000000E+000
  0.000000000000000E+000  0.000000000000000E+000  0.000000000000000E+000
  0.000000000000000E+000  0.000000000000000E+000  0.000000000000000E+000
  0.000000000000000E+000  0.000000000000000E+000  0.000000000000000E+000
  0.000000000000000E+000  0.000000000000000E+000  0.000000000000000E+000
  0.000000000000000E+000  0.000000000000000E+000  0.000000000000000E+000
  0.000000000000000E+000  0.000000000000000E+000  0.000000000000000E+000
  0.000000000000000E+000  0.000000000000000E+000  0.000000000000000E+000
  0.000000000000000E+000  0.000000000000000E+000  0.000000000000000E+000
  0.000000000000000E+000  0.000000000000000E+000  0.000000000000000E+000
  0.000000000000000E+000  0.000000000000000E+000  0.000000000000000E+000
  0.000000000000000E+000  0.000000000000000E+000  0.000000000000000E+000
  0.000000000000000E+000  0.000000000000000E+000  0.000000000000000E+000
  0.000000000000000E+000  0.000000000000000E+000  0.000000000000000E+000
  0.000000000000000E+000  0.995122517655326       4.235565778702607E-007
  4.235565785739980E-007  4.232068612819608E-016  8.471131636857495E-007
  4.235565778702607E-007  0.988664392839692      -6.903523722366573E-004
  7.336215213173552E-007  6.903523722368598E-004  4.235565785739980E-007
 -6.903523722366573E-004  0.988664392839689      -7.336215157010816E-007
  6.903523722375331E-004  4.232068612819608E-016  7.336215213173552E-007
 -7.336215157010816E-007  0.995122517655324      -5.156050358400688E-015
  8.471131636857495E-007  6.903523722368598E-004  6.903523722375331E-004
 -5.156050358400688E-015  0.988664392839688       0.995122511375783     
  4.235894445857473E-007  4.235894452894858E-007  4.440235448600124E-016
  8.471788971167253E-007  4.235894445857473E-007  0.988664380912212     
 -6.903401157557673E-004  7.336784481384579E-007  6.903401157559699E-004
  4.235894452894858E-007 -6.903401157557673E-004  0.988664380912208     
 -7.336784425221856E-007  6.903401157566431E-004  4.440235448600124E-016
  7.336784481384579E-007 -7.336784425221856E-007  0.995122511375781     
 -5.156049525246220E-015  8.471788971167253E-007  6.903401157559699E-004
  6.903401157566431E-004 -5.156049525246220E-015  0.988664380912208     
  0.998484956257547       1.779983714317092E-005 -3.376650372939335E-005
  1.062727761000975E-007 -2.764305013661499E-005  1.779983714317092E-005
  0.996312087732378      -2.193289714528904E-004 -4.219618564194915E-005
 -2.329028680622565E-004 -3.376650372939335E-005 -2.193289714528904E-004
  0.996628477211845       5.848530005153080E-005  2.193289714537745E-004
  1.062727761000975E-007 -4.219618564194915E-005  5.848530005153080E-005
  0.998484833544314       3.651320396931279E-005 -2.764305013661499E-005
 -2.329028680622565E-004  2.193289714537745E-004  3.651320396931279E-005
  0.996312087732374       0.998484955301479       1.779981212584252E-005
 -3.376617497750545E-005  1.064126930253655E-007 -2.764315578069040E-005
  1.779981212584252E-005  0.996312085706342      -2.193305889829820E-004
 -4.219629318545863E-005 -2.329018663355983E-004 -3.376617497750545E-005
 -2.193305889829820E-004  0.996628473971729       5.848473063655789E-005
  2.193305889838661E-004  1.064126930253655E-007 -4.219629318545863E-005
  5.848473063655789E-005  0.998484832426683       3.651323607542562E-005
 -2.764315578069040E-005 -2.329018663355983E-004  2.193305889838661E-004
  3.651323607542562E-005  0.996312085706338       0.998484956257547     
 -3.376650373010386E-005  1.779983714388109E-005 -1.062727752604312E-007
 -2.764305013661558E-005 -3.376650373010386E-005  0.996628477211849     
 -2.193289714528901E-004 -5.848530004586315E-005  2.193289714530932E-004
  1.779983714388109E-005 -2.193289714528901E-004  0.996312087732374     
  4.219618564761842E-005 -2.329028680615747E-004 -1.062727752604312E-007
 -5.848530004586315E-005  4.219618564761842E-005  0.998484833544314     
 -3.651320397970066E-005 -2.764305013661558E-005  2.193289714530932E-004
 -2.329028680615747E-004 -3.651320397970066E-005  0.996312087732374     
  0.998484955301479      -3.376617497821597E-005  1.779981212655270E-005
 -1.064126921510048E-007 -2.764315578069099E-005 -3.376617497821597E-005
  0.996628473971733      -2.193305889829817E-004 -5.848473063089024E-005
  2.193305889831849E-004  1.779981212655270E-005 -2.193305889829817E-004
  0.996312085706338       4.219629319112790E-005 -2.329018663349165E-004
 -1.064126921510048E-007 -5.848473063089024E-005  4.219629319112790E-005
  0.998484832426683      -3.651323608581348E-005 -2.764315578069099E-005
  2.193305889831849E-004 -2.329018663349165E-004 -3.651323608581348E-005
  0.996312085706338       0.998484772187700      -4.544288728780118E-005
 -4.544288728709147E-005  4.232296529471583E-016 -6.753300745219308E-005
 -4.544288728780118E-005  0.996312087732378       2.329028680624597E-004
 -5.682981667442838E-006  2.193289714530929E-004 -4.544288728709147E-005
  2.329028680624597E-004  0.996312087732374       5.682981673111246E-006
  2.193289714537751E-004  4.232296529471583E-016 -5.682981667442838E-006
  5.682981673111246E-006  0.998485017614161      -5.193812708278322E-015
 -6.753300745219308E-005  2.193289714530929E-004  2.193289714537751E-004
 -5.193812708278322E-015  0.996628477211845       0.998484770989289     
 -4.544296791454820E-005 -4.544296791383849E-005  4.440463347240218E-016
 -6.753234994841729E-005 -4.544296791454820E-005  0.996312085706342     
  2.329018663358016E-004 -5.683057104839496E-006  2.193305889831846E-004
 -4.544296791383849E-005  2.329018663358016E-004  0.996312085706338     
  5.683057110507905E-006  2.193305889838668E-004  4.440463347240218E-016
 -5.683057104839496E-006  5.683057110507905E-006  0.998485016738873     
 -5.193813976596227E-015 -6.753234994841729E-005  2.193305889831846E-004
  2.193305889838668E-004 -5.193813976596227E-015  0.996628473971729     
  0.000000000000000E+000  0.000000000000000E+000  0.000000000000000E+000
  0.000000000000000E+000  0.000000000000000E+000  0.000000000000000E+000
  0.000000000000000E+000  0.000000000000000E+000  0.000000000000000E+000
  0.000000000000000E+000  0.000000000000000E+000  0.000000000000000E+000
  0.000000000000000E+000  0.000000000000000E+000  0.000000000000000E+000
  0.000000000000000E+000  0.000000000000000E+000  0.000000000000000E+000
  0.000000000000000E+000  0.000000000000000E+000  0.000000000000000E+000
  0.000000000000000E+000  0.000000000000000E+000  0.000000000000000E+000
  0.000000000000000E+000  0.000000000000000E+000  0.000000000000000E+000
  0.000000000000000E+000  0.000000000000000E+000  0.000000000000000E+000
  0.000000000000000E+000  0.000000000000000E+000  0.000000000000000E+000
  0.000000000000000E+000  0.000000000000000E+000  0.000000000000000E+000
  0.000000000000000E+000  0.000000000000000E+000  0.000000000000000E+000
  0.000000000000000E+000  0.000000000000000E+000  0.000000000000000E+000
  0.000000000000000E+000  0.000000000000000E+000  0.000000000000000E+000
  0.000000000000000E+000  0.000000000000000E+000  0.000000000000000E+000
  0.000000000000000E+000  0.000000000000000E+000  0.000000000000000E+000
  0.000000000000000E+000  0.000000000000000E+000  0.000000000000000E+000
  0.000000000000000E+000  0.000000000000000E+000  0.000000000000000E+000
  0.000000000000000E+000  0.000000000000000E+000  0.000000000000000E+000
  0.000000000000000E+000  0.000000000000000E+000  0.000000000000000E+000
  0.000000000000000E+000  0.000000000000000E+000  0.000000000000000E+000
  0.000000000000000E+000  0.000000000000000E+000  0.000000000000000E+000
  0.000000000000000E+000  0.000000000000000E+000  0.000000000000000E+000
  0.000000000000000E+000  0.000000000000000E+000  0.000000000000000E+000
  0.000000000000000E+000  0.000000000000000E+000  0.000000000000000E+000
  0.000000000000000E+000  0.000000000000000E+000  0.000000000000000E+000
  0.000000000000000E+000  0.000000000000000E+000  0.000000000000000E+000
  0.000000000000000E+000  0.000000000000000E+000  0.000000000000000E+000
  0.000000000000000E+000  0.000000000000000E+000  0.000000000000000E+000
  0.000000000000000E+000  0.000000000000000E+000  0.000000000000000E+000
  0.000000000000000E+000  0.000000000000000E+000  0.000000000000000E+000
  0.000000000000000E+000  0.000000000000000E+000  0.000000000000000E+000
  0.000000000000000E+000  0.000000000000000E+000  0.000000000000000E+000
  0.000000000000000E+000  0.000000000000000E+000  0.000000000000000E+000
  0.000000000000000E+000  0.000000000000000E+000  0.000000000000000E+000
  0.000000000000000E+000  0.000000000000000E+000  0.000000000000000E+000
  0.000000000000000E+000  0.000000000000000E+000  0.000000000000000E+000
  0.000000000000000E+000  0.000000000000000E+000  0.000000000000000E+000
  0.000000000000000E+000  0.000000000000000E+000  0.000000000000000E+000
  0.000000000000000E+000  0.000000000000000E+000  0.000000000000000E+000
  0.000000000000000E+000  0.000000000000000E+000  0.000000000000000E+000
  0.000000000000000E+000  0.000000000000000E+000  0.000000000000000E+000
  0.000000000000000E+000  0.000000000000000E+000  0.000000000000000E+000
  0.000000000000000E+000  0.000000000000000E+000  0.000000000000000E+000
  0.000000000000000E+000  0.000000000000000E+000  0.000000000000000E+000
  0.000000000000000E+000  0.000000000000000E+000  0.000000000000000E+000
  0.000000000000000E+000  0.000000000000000E+000  0.000000000000000E+000
  0.000000000000000E+000  0.000000000000000E+000  0.000000000000000E+000
  0.000000000000000E+000  0.000000000000000E+000  0.000000000000000E+000
