  0.997938575616318       4.204993560616915E-007  4.204993567714337E-007
  4.440894581258651E-016  8.409987201353903E-007  4.204993560616915E-007
  0.995965230080051       1.977505864021112E-006  7.283262578865724E-007
 -1.977505863818391E-006  4.204993567714337E-007  1.977505864021112E-006
  0.995965230080047      -7.283262522197675E-007 -1.977505863136495E-006
  4.440894581258651E-016  7.283262578865724E-007 -7.283262522197675E-007
  0.997938575616316      -5.191758480978164E-015  8.409987201353903E-007
 -1.977505863818391E-006 -1.977505863136495E-006 -5.191758480978164E-015
  0.995965230080046       0.997938573717861       4.215757316989461E-007
  4.215757324086884E-007  4.649061399834353E-016  8.431514714098999E-007
  4.215757316989461E-007  0.995965228359120       1.980497708251024E-006
  7.301905951783268E-007 -1.980497708048305E-006  4.215757324086884E-007
  1.980497708251024E-006  0.995965228359116      -7.301905895115220E-007
 -1.980497707366408E-006  4.649061399834353E-016  7.301905951783268E-007
 -7.301905895115220E-007  0.997938573717858      -5.191758483384805E-015
  8.431514714098999E-007 -1.980497708048305E-006 -1.980497707366408E-006
 -5.191758483384805E-015  0.995965228359116       0.997940170659361     
 -1.131236494732800E-005  4.048871184725462E-006  2.532049850241518E-006
 -1.384232279933111E-005 -1.131236494732800E-005  0.995959414649610     
 -1.724987379902599E-005 -9.452540641909632E-006 -2.539849571195705E-006
  4.048871184725462E-006 -1.724987379902599E-005  0.995972923272702     
 -7.012850606987701E-006  1.724987379991054E-005  2.532049850241518E-006
 -9.452540641909632E-006 -7.012850606987701E-006  0.997937246900034     
 -5.070525101184748E-006 -1.384232279933111E-005 -2.539849571195705E-006
  1.724987379991054E-005 -5.070525101184748E-006  0.995959414649606     
  0.997940171746838      -1.131241426995668E-005  4.051292304890535E-006
  2.532540737953941E-006 -1.384323361343455E-005 -1.131241426995668E-005
  0.995959417898321      -1.724977633587824E-005 -9.453563883012290E-006
 -2.540475540074563E-006  4.051292304890535E-006 -1.724977633587824E-005
  0.995972927358617      -7.017044110124840E-006  1.724977633676280E-005
  2.532540737953941E-006 -9.453563883012290E-006 -7.017044110124840E-006
  0.997937247420683      -5.070056195282833E-006 -1.384323361343455E-005
 -2.540475540074563E-006  1.724977633676280E-005 -5.070056195282833E-006
  0.995959417898317       0.997940170659361       4.048871184015710E-006
 -1.131236494661825E-005 -2.532049849360285E-006 -1.384232279933110E-005
  4.048871184015710E-006  0.995972923272705      -1.724987379902598E-005
  7.012850612654315E-006  1.724987379922872E-005 -1.131236494661825E-005
 -1.724987379902598E-005  0.995959414649606       9.452540647576283E-006
 -2.539849570513898E-006 -2.532049849360285E-006  7.012850612654315E-006
  9.452540647576283E-006  0.997937246900034       5.070525090801378E-006
 -1.384232279933110E-005  1.724987379922872E-005 -2.539849570513898E-006
  5.070525090801378E-006  0.995959414649606       0.997940171746838     
  4.051292304180784E-006 -1.131241426924692E-005 -2.532540737065769E-006
 -1.384323361343453E-005  4.051292304180784E-006  0.995972927358621     
 -1.724977633587823E-005  7.017044115791452E-006  1.724977633608098E-005
 -1.131241426924692E-005 -1.724977633587823E-005  0.995959417898317     
  9.453563888678937E-006 -2.540475539392757E-006 -2.532540737065769E-006
  7.017044115791452E-006  9.453563888678937E-006  0.997937247420683     
  5.070056184899463E-006 -1.384323361343453E-005  1.724977633608098E-005
 -2.540475539392757E-006  5.070056184899463E-006  0.995959417898316     
  0.997935785020374      -2.529957860014979E-006 -2.529957859305200E-006
  4.371577960443031E-016  8.097742376043232E-006 -2.529957860014979E-006
  0.995959414649610       2.539849571398479E-006 -1.452306573790271E-005
  1.724987379922873E-005 -2.529957859305200E-006  2.539849571398479E-006
  0.995959414649606       1.452306574356933E-005  1.724987379991053E-005
  4.371577960443031E-016 -1.452306573790271E-005  1.452306574356933E-005
  0.997941632539022      -5.191703742652957E-015  8.097742376043232E-006
  1.724987379922873E-005  1.724987379991053E-005 -5.191703742652957E-015
  0.995972923272701       0.997935785257609      -2.530819351489738E-006
 -2.530819350779959E-006  4.579744773869801E-016  8.102584616373379E-006
 -2.530819351489738E-006  0.995959417898320       2.540475540277338E-006
 -1.452362007310345E-005  1.724977633608099E-005 -2.530819350779959E-006
  2.540475540277338E-006  0.995959417898317       1.452362007877007E-005
  1.724977633676279E-005  4.579744773869801E-016 -1.452362007310345E-005
  1.452362007877007E-005  0.997941633909913      -5.191703795881354E-015
  8.102584616373379E-006  1.724977633608099E-005  1.724977633676279E-005
 -5.191703795881354E-015  0.995972927358617       0.000000000000000E+000
  0.000000000000000E+000  0.000000000000000E+000  0.000000000000000E+000
  0.000000000000000E+000  0.000000000000000E+000  0.000000000000000E+000
  0.000000000000000E+000  0.000000000000000E+000  0.000000000000000E+000
  0.000000000000000E+000  0.000000000000000E+000  0.000000000000000E+000
  0.000000000000000E+000  0.000000000000000E+000  0.000000000000000E+000
  0.000000000000000E+000  0.000000000000000E+000  0.000000000000000E+000
  0.000000000000000E+000  0.000000000000000E+000  0.000000000000000E+000
  0.000000000000000E+000  0.000000000000000E+000  0.000000000000000E+000
  0.000000000000000E+000  0.000000000000000E+000  0.000000000000000E+000
  0.000000000000000E+000  0.000000000000000E+000  0.000000000000000E+000
  0.000000000000000E+000  0.000000000000000E+000  0.000000000000000E+000
  0.000000000000000E+000  0.000000000000000E+000  0.000000000000000E+000
  0.000000000000000E+000  0.000000000000000E+000  0.000000000000000E+000
  0.000000000000000E+000  0.000000000000000E+000  0.000000000000000E+000
  0.000000000000000E+000  0.000000000000000E+000  0.000000000000000E+000
  0.000000000000000E+000  0.000000000000000E+000  0.000000000000000E+000
  0.000000000000000E+000  0.000000000000000E+000  0.000000000000000E+000
  0.000000000000000E+000  0.000000000000000E+000  0.000000000000000E+000
  0.000000000000000E+000  0.000000000000000E+000  0.000000000000000E+000
  0.000000000000000E+000  0.000000000000000E+000  0.000000000000000E+000
  0.000000000000000E+000  0.000000000000000E+000  0.000000000000000E+000
  0.000000000000000E+000  0.000000000000000E+000  0.000000000000000E+000
  0.000000000000000E+000  0.000000000000000E+000  0.000000000000000E+000
  0.000000000000000E+000  0.000000000000000E+000  0.000000000000000E+000
  0.000000000000000E+000  0.000000000000000E+000  0.000000000000000E+000
  0.000000000000000E+000  0.000000000000000E+000  0.000000000000000E+000
  0.000000000000000E+000  0.000000000000000E+000  0.000000000000000E+000
  0.000000000000000E+000  0.000000000000000E+000  0.000000000000000E+000
  0.000000000000000E+000  0.000000000000000E+000  0.000000000000000E+000
  0.000000000000000E+000  0.000000000000000E+000  0.000000000000000E+000
  0.000000000000000E+000  0.000000000000000E+000  0.000000000000000E+000
  0.000000000000000E+000  0.000000000000000E+000  0.000000000000000E+000
  0.000000000000000E+000  0.000000000000000E+000  0.000000000000000E+000
  0.000000000000000E+000  0.000000000000000E+000  0.000000000000000E+000
  0.000000000000000E+000  0.000000000000000E+000  0.000000000000000E+000
  0.000000000000000E+000  0.000000000000000E+000  0.000000000000000E+000
  0.000000000000000E+000  0.000000000000000E+000  0.000000000000000E+000
  0.000000000000000E+000  0.000000000000000E+000  0.000000000000000E+000
  0.000000000000000E+000  0.000000000000000E+000  0.000000000000000E+000
  0.000000000000000E+000  0.000000000000000E+000  0.000000000000000E+000
  0.000000000000000E+000  0.000000000000000E+000  0.000000000000000E+000
  0.000000000000000E+000  0.000000000000000E+000  0.000000000000000E+000
  0.000000000000000E+000  0.000000000000000E+000  0.000000000000000E+000
  0.000000000000000E+000  0.000000000000000E+000  0.000000000000000E+000
  0.000000000000000E+000  0.000000000000000E+000  0.000000000000000E+000
  0.000000000000000E+000  0.000000000000000E+000  0.000000000000000E+000
  0.000000000000000E+000  0.000000000000000E+000  0.000000000000000E+000
  0.000000000000000E+000  0.000000000000000E+000  0.000000000000000E+000
  0.000000000000000E+000  0.000000000000000E+000  0.000000000000000E+000
  0.000000000000000E+000  0.000000000000000E+000  0.000000000000000E+000
  0.000000000000000E+000  0.000000000000000E+000  0.000000000000000E+000
  0.000000000000000E+000  0.000000000000000E+000  0.000000000000000E+000
  0.000000000000000E+000  0.000000000000000E+000  0.000000000000000E+000
  0.000000000000000E+000  0.000000000000000E+000  0.000000000000000E+000
  0.000000000000000E+000  0.000000000000000E+000  0.000000000000000E+000
  0.000000000000000E+000  0.000000000000000E+000  0.000000000000000E+000
  0.000000000000000E+000  0.000000000000000E+000  0.000000000000000E+000
  0.000000000000000E+000  0.000000000000000E+000  0.000000000000000E+000
  0.000000000000000E+000  0.000000000000000E+000  0.000000000000000E+000
  0.000000000000000E+000  0.000000000000000E+000  0.000000000000000E+000
  0.000000000000000E+000  0.000000000000000E+000  0.000000000000000E+000
  0.000000000000000E+000  0.000000000000000E+000  0.000000000000000E+000
  0.000000000000000E+000  0.000000000000000E+000  0.000000000000000E+000
  0.000000000000000E+000  0.000000000000000E+000  0.000000000000000E+000
  0.000000000000000E+000  0.000000000000000E+000  0.000000000000000E+000
  0.000000000000000E+000  0.000000000000000E+000  0.000000000000000E+000
  0.000000000000000E+000  0.997934387686675      -1.395706612528510E-005
 -1.395706612457532E-005  4.163267927348300E-016 -8.196872113697330E-006
 -1.395706612528510E-005  0.995942798034973      -2.991073991207152E-005
  9.006178799715794E-007 -4.409876105833928E-006 -1.395706612457532E-005
 -2.991073991207152E-005  0.995942798034969      -9.006178743050163E-007
 -4.409876105152095E-006  4.163267927348300E-016  9.006178799715794E-007
 -9.006178743050163E-007  0.997912286370709      -5.191621102831259E-015
 -8.196872113697330E-006 -4.409876105833928E-006 -4.409876105152095E-006
 -5.191621102831259E-015  0.995933836623975       0.997934388285529     
 -1.395568181709781E-005 -1.395568181638801E-005  4.371434766535570E-016
 -8.197409998087674E-006 -1.395568181709781E-005  0.995942798582012     
 -2.991144831765323E-005  9.003379452946001E-007 -4.410324447064974E-006
 -1.395568181638801E-005 -2.991144831765323E-005  0.995942798582008     
 -9.003379396280374E-007 -4.410324446383139E-006  4.371434766535570E-016
  9.003379452946001E-007 -9.003379396280374E-007  0.997912288167818     
 -5.191621209056311E-015 -8.197409998087674E-006 -4.410324447064974E-006
 -4.410324446383139E-006 -5.191621209056311E-015  0.995933837832030     
  0.997928119544984       4.629594442169286E-006 -2.083693912594376E-005
  3.045478134448833E-006  2.324506318128605E-005  4.629594442169286E-006
  0.995929857808921       4.736812457156691E-005 -9.602845205770161E-006
 -3.836189080037906E-006 -2.083693912594376E-005  4.736812457156691E-005
  0.995939905884415       7.969316024556058E-006  1.767806929658467E-005
  3.045478134448833E-006 -9.602845205770161E-006  7.969316024556058E-006
  0.997932401260040       5.673155713478627E-006  2.324506318128605E-005
 -3.836189080037906E-006  1.767806929658467E-005  5.673155713478627E-006
  0.995965545105672       0.997928120870403       4.630363895851095E-006
 -2.083737915919146E-005  3.045281404663593E-006  2.324519139019523E-005
  4.630363895851095E-006  0.995929859765282       4.736861751400194E-005
 -9.601909278662218E-006 -3.836461049545375E-006 -2.083737915919146E-005
  4.736861751400194E-005  0.995939907995342       7.969684143156241E-006
  1.767921122369332E-005  3.045281404663593E-006 -9.601909278662218E-006
  7.969684143156241E-006  0.997932403182083       5.672837279799623E-006
  2.324519139019523E-005 -3.836461049545375E-006  1.767921122369332E-005
  5.672837279799623E-006  0.995965548208854       0.997928119544984     
 -2.083693912665353E-005  4.629594442879053E-006 -3.045478133588418E-006
  2.324506318128599E-005 -2.083693912665353E-005  0.995939905884419     
  4.736812457156695E-005 -7.969316018889271E-006  1.767806929590275E-005
  4.629594442879053E-006  4.736812457156695E-005  0.995929857808917     
  9.602845211437032E-006 -3.836189079355966E-006 -3.045478133588418E-006
 -7.969316018889271E-006  9.602845211437032E-006  0.997932401260040     
 -5.673155723862063E-006  2.324506318128599E-005  1.767806929590275E-005
 -3.836189079355966E-006 -5.673155723862063E-006  0.995965545105672     
  0.997928120870403      -2.083737915990123E-005  4.630363896560863E-006
 -3.045281403768483E-006  2.324519139019517E-005 -2.083737915990123E-005
  0.995939907995346       4.736861751400199E-005 -7.969684137489452E-006
  1.767921122301140E-005  4.630363896560863E-006  4.736861751400199E-005
  0.995929859765278       9.601909284329087E-006 -3.836461048863435E-006
 -3.045281403768483E-006 -7.969684137489452E-006  9.601909284329087E-006
  0.997932403182084      -5.672837290183058E-006  2.324519139019517E-005
  1.767921122301140E-005 -3.836461048863435E-006 -5.672837290183058E-006
  0.995965548208854       0.997964176360532      -6.920839746558812E-005
 -6.920839746487821E-005  4.579092487226375E-016 -8.031358560274707E-005
 -6.920839746558812E-005  0.995966228419465      -7.265055330101332E-006
 -4.652796040437605E-005  1.077694826639374E-004 -6.920839746487821E-005
 -7.265055330101332E-006  0.995966228419461       4.652796041004198E-005
  1.077694826646188E-004  4.579092487226375E-016 -4.652796040437605E-005
  4.652796041004198E-005  0.997908340306673      -5.191058164120320E-015
 -8.031358560274707E-005  1.077694826639374E-004  1.077694826646188E-004
 -5.191058164120320E-015  0.995935956432394       0.997964173784314     
 -6.920797639560096E-005 -6.920797639489105E-005  4.301536733376960E-016
 -8.031381234606154E-005 -6.920797639560096E-005  0.995966224246494     
 -7.263679260575197E-006 -4.652703077673269E-005  1.077695689929796E-004
 -6.920797639489105E-005 -7.263679260575197E-006  0.995966224246490     
  4.652703078239863E-005  1.077695689936609E-004  4.301536733376960E-016
 -4.652703077673269E-005  4.652703078239863E-005  0.997908337521623     
 -5.191058587169543E-015 -8.031381234606154E-005  1.077695689929796E-004
  1.077695689936609E-004 -5.191058587169543E-015  0.995935951638640     
  0.000000000000000E+000  0.000000000000000E+000  0.000000000000000E+000
  0.000000000000000E+000  0.000000000000000E+000  0.000000000000000E+000
  0.000000000000000E+000  0.000000000000000E+000  0.000000000000000E+000
  0.000000000000000E+000  0.000000000000000E+000  0.000000000000000E+000
  0.000000000000000E+000  0.000000000000000E+000  0.000000000000000E+000
  0.000000000000000E+000  0.000000000000000E+000  0.000000000000000E+000
  0.000000000000000E+000  0.000000000000000E+000  0.000000000000000E+000
  0.000000000000000E+000  0.000000000000000E+000  0.000000000000000E+000
  0.000000000000000E+000  0.000000000000000E+000  0.000000000000000E+000
  0.000000000000000E+000  0.000000000000000E+000  0.000000000000000E+000
  0.000000000000000E+000  0.000000000000000E+000  0.000000000000000E+000
  0.000000000000000E+000  0.000000000000000E+000  0.000000000000000E+000
  0.000000000000000E+000  0.000000000000000E+000  0.000000000000000E+000
  0.000000000000000E+000  0.000000000000000E+000  0.000000000000000E+000
  0.000000000000000E+000  0.000000000000000E+000  0.000000000000000E+000
  0.000000000000000E+000  0.000000000000000E+000  0.000000000000000E+000
  0.000000000000000E+000  0.000000000000000E+000  0.000000000000000E+000
  0.000000000000000E+000  0.000000000000000E+000  0.000000000000000E+000
  0.000000000000000E+000  0.000000000000000E+000  0.000000000000000E+000
  0.000000000000000E+000  0.000000000000000E+000  0.000000000000000E+000
  0.000000000000000E+000  0.000000000000000E+000  0.000000000000000E+000
  0.000000000000000E+000  0.000000000000000E+000  0.000000000000000E+000
  0.000000000000000E+000  0.000000000000000E+000  0.000000000000000E+000
  0.000000000000000E+000  0.000000000000000E+000  0.000000000000000E+000
  0.000000000000000E+000  0.000000000000000E+000  0.000000000000000E+000
  0.000000000000000E+000  0.000000000000000E+000  0.000000000000000E+000
  0.000000000000000E+000  0.000000000000000E+000  0.000000000000000E+000
  0.000000000000000E+000  0.000000000000000E+000  0.000000000000000E+000
  0.000000000000000E+000  0.000000000000000E+000  0.000000000000000E+000
  0.000000000000000E+000  0.000000000000000E+000  0.000000000000000E+000
  0.000000000000000E+000  0.000000000000000E+000  0.000000000000000E+000
  0.000000000000000E+000  0.000000000000000E+000  0.000000000000000E+000
  0.000000000000000E+000  0.000000000000000E+000  0.000000000000000E+000
  0.000000000000000E+000  0.000000000000000E+000  0.000000000000000E+000
  0.000000000000000E+000  0.000000000000000E+000  0.000000000000000E+000
  0.000000000000000E+000  0.000000000000000E+000  0.000000000000000E+000
  0.000000000000000E+000  0.000000000000000E+000  0.000000000000000E+000
  0.000000000000000E+000  0.000000000000000E+000  0.000000000000000E+000
  0.000000000000000E+000  0.000000000000000E+000  0.000000000000000E+000
  0.000000000000000E+000  0.000000000000000E+000  0.000000000000000E+000
  0.000000000000000E+000  0.000000000000000E+000  0.000000000000000E+000
  0.000000000000000E+000  0.000000000000000E+000  0.000000000000000E+000
  0.000000000000000E+000  0.000000000000000E+000  0.000000000000000E+000
  0.000000000000000E+000  0.000000000000000E+000  0.000000000000000E+000
  0.000000000000000E+000  0.000000000000000E+000  0.000000000000000E+000
  0.000000000000000E+000  0.000000000000000E+000  0.000000000000000E+000
  0.000000000000000E+000  0.000000000000000E+000  0.000000000000000E+000
  0.000000000000000E+000  0.000000000000000E+000  0.000000000000000E+000
  0.000000000000000E+000  0.000000000000000E+000  0.000000000000000E+000
  0.000000000000000E+000  0.000000000000000E+000  0.000000000000000E+000
  0.000000000000000E+000  0.000000000000000E+000  0.000000000000000E+000
  0.000000000000000E+000  0.000000000000000E+000  0.000000000000000E+000
  0.000000000000000E+000  0.000000000000000E+000  0.000000000000000E+000
  0.000000000000000E+000  0.000000000000000E+000  0.000000000000000E+000
  0.000000000000000E+000  0.000000000000000E+000  0.000000000000000E+000
  0.000000000000000E+000  0.000000000000000E+000  0.000000000000000E+000
  0.000000000000000E+000  0.000000000000000E+000  0.000000000000000E+000
  0.000000000000000E+000  0.000000000000000E+000  0.000000000000000E+000
  0.000000000000000E+000  0.000000000000000E+000  0.000000000000000E+000
  0.000000000000000E+000  0.000000000000000E+000  0.000000000000000E+000
  0.000000000000000E+000  0.000000000000000E+000  0.000000000000000E+000
  0.000000000000000E+000  0.000000000000000E+000  0.000000000000000E+000
  0.000000000000000E+000  0.000000000000000E+000  0.000000000000000E+000
  0.000000000000000E+000  0.000000000000000E+000  0.000000000000000E+000
  0.000000000000000E+000  0.000000000000000E+000  0.000000000000000E+000
  0.000000000000000E+000  0.000000000000000E+000  0.000000000000000E+000
  0.000000000000000E+000  0.000000000000000E+000  0.997917811699702     
 -4.098436060854550E-006  7.758491019029934E-006  9.570150541170223E-006
 -6.198575098953246E-006 -4.098436060854550E-006  0.995933836623979     
  4.409876106036664E-006 -7.098699480335052E-006 -4.409876105833934E-006
  7.758491019029934E-006  4.409876106036664E-006  0.995942798034969     
  1.163686488815809E-005  2.991073991295601E-005  9.570150541170223E-006
 -7.098699480335052E-006  1.163686488815809E-005  0.997928862357682     
 -1.253748276765475E-005 -6.198575098953246E-006 -4.409876105833934E-006
  2.991073991295601E-005 -1.253748276765475E-005  0.995942798034969     
  0.997917813197247      -4.098705003049722E-006  7.757556434394621E-006
  9.569631681423388E-006 -6.198125375401261E-006 -4.098705003049722E-006
  0.995933837832034       4.410324447267709E-006 -7.099165301881384E-006
 -4.410324447064979E-006  7.757556434394621E-006  4.410324447267709E-006
  0.995942798582008       1.163580600943971E-005  2.991144831853772E-005
  9.569631681423388E-006 -7.099165301881384E-006  1.163580600943971E-005
  0.997928863256100      -1.253614395425939E-005 -6.198125375401261E-006
 -4.410324447064979E-006  2.991144831853772E-005 -1.253614395425939E-005
  0.995942798582008       0.997933968292708       1.653562855863062E-005
  3.516839433411653E-006 -3.312979385411360E-007 -6.001510675190360E-006
  1.653562855863062E-005  0.995965545105676      -1.767806929570006E-005
  1.729423736993199E-005 -3.836189080037921E-006  3.516839433411653E-006
 -1.767806929570006E-005  0.995939905884415       2.202997663158444E-005
 -4.736812457068232E-005 -3.312979385411360E-007  1.729423736993199E-005
  2.202997663158444E-005  0.997926552512315       8.810768998150113E-006
 -6.001510675190360E-006 -3.836189080037921E-006 -4.736812457068232E-005
  8.810768998150113E-006  0.995929857808917       0.997933969895223     
  1.653541689142976E-005  3.516740649976137E-006 -3.316546495976622E-007
 -6.000315411697886E-006  1.653541689142976E-005  0.995965548208858     
 -1.767921122280871E-005  1.729450761894382E-005 -3.836461049545389E-006
  3.516740649976137E-006 -1.767921122280871E-005  0.995939907995342     
  2.203054177085554E-005 -4.736861751311735E-005 -3.316546495976622E-007
  1.729450761894382E-005  2.203054177085554E-005  0.997926554157264     
  8.810967401031620E-006 -6.000315411697886E-006 -3.836461049545389E-006
 -4.736861751311735E-005  8.810967401031620E-006  0.995929859765277     
  0.997922299320139      -4.015679280537876E-005 -5.690196970442110E-006
  2.417772054436746E-005 -7.489859442872876E-005 -4.015679280537876E-005
  0.995935956432398      -1.077694826637343E-004 -6.955360539929618E-005
  1.077694826639374E-004 -5.690196970442110E-006 -1.077694826637343E-004
  0.995966228419461       8.320021056394518E-005  7.265055330985695E-006
  2.417772054436746E-005 -6.955360539929618E-005  8.320021056394518E-005
  0.997950217347066      -3.667225015909465E-005 -7.489859442872876E-005
  1.077694826639374E-004  7.265055330985695E-006 -3.667225015909465E-005
  0.995966228419461       0.997922296587298      -4.015690617703600E-005
 -5.689602424280481E-006  2.417781097067973E-005 -7.489757881257999E-005
 -4.015690617703600E-005  0.995935951638644      -1.077695689927765E-004
 -6.955380176476664E-005  1.077695689929795E-004 -5.689602424280481E-006
 -1.077695689927765E-004  0.995966224246490       8.319938109281784E-005
  7.263679261459561E-006  2.417781097067973E-005 -6.955380176476664E-005
  8.319938109281784E-005  0.997950214718640      -3.667235031561068E-005
 -7.489757881257999E-005  1.077695689929795E-004  7.263679261459561E-006
 -3.667235031561068E-005  0.995966224246490       0.997928693369847     
  6.709434614643595E-006 -1.063110512466203E-005 -3.376776072559773E-006
 -1.732009968593959E-005  6.709434614643595E-006  0.995965545105676     
  3.836189080240625E-006  2.296739308860233E-005  1.767806929590272E-005
 -1.063110512466203E-005  3.836189080240625E-006  0.995929857808917     
  7.920762080952064E-007 -4.736812457068226E-005 -3.376776072559773E-006
  2.296739308860233E-005  7.920762080952064E-007  0.997931827435177     
 -1.406066061222002E-005 -1.732009968593959E-005  1.767806929590272E-005
 -4.736812457068226E-005 -1.406066061222002E-005  0.995939905884415     
  0.997928695313107       6.709774490753621E-006 -1.063067931485136E-005
 -3.376936053844937E-006 -1.732063850262280E-005  6.709774490753621E-006
  0.995965548208858       3.836461049748095E-006  2.296734490393516E-005
  1.767921122301137E-005 -1.063067931485136E-005  3.836461049748095E-006
  0.995929859765277       7.909418781057520E-007 -4.736861751311730E-005
 -3.376936053844937E-006  2.296734490393516E-005  7.909418781057520E-007
  0.997931828739379      -1.406085763289094E-005 -1.732063850262280E-005
  1.767921122301137E-005 -4.736861751311730E-005 -1.406085763289094E-005
  0.995939907995342       0.000000000000000E+000  0.000000000000000E+000
  0.000000000000000E+000  0.000000000000000E+000  0.000000000000000E+000
  0.000000000000000E+000  0.000000000000000E+000  0.000000000000000E+000
  0.000000000000000E+000  0.000000000000000E+000  0.000000000000000E+000
  0.000000000000000E+000  0.000000000000000E+000  0.000000000000000E+000
  0.000000000000000E+000  0.000000000000000E+000  0.000000000000000E+000
  0.000000000000000E+000  0.000000000000000E+000  0.000000000000000E+000
  0.000000000000000E+000  0.000000000000000E+000  0.000000000000000E+000
  0.000000000000000E+000  0.000000000000000E+000  0.000000000000000E+000
  0.000000000000000E+000  0.000000000000000E+000  0.000000000000000E+000
  0.000000000000000E+000  0.000000000000000E+000  0.000000000000000E+000
  0.000000000000000E+000  0.000000000000000E+000  0.000000000000000E+000
  0.000000000000000E+000  0.000000000000000E+000  0.000000000000000E+000
  0.000000000000000E+000  0.000000000000000E+000  0.000000000000000E+000
  0.000000000000000E+000  0.000000000000000E+000  0.000000000000000E+000
  0.000000000000000E+000  0.000000000000000E+000  0.000000000000000E+000
  0.000000000000000E+000  0.000000000000000E+000  0.000000000000000E+000
  0.000000000000000E+000  0.000000000000000E+000  0.000000000000000E+000
  0.000000000000000E+000  0.000000000000000E+000  0.000000000000000E+000
  0.000000000000000E+000  0.000000000000000E+000  0.000000000000000E+000
  0.000000000000000E+000  0.000000000000000E+000  0.000000000000000E+000
  0.000000000000000E+000  0.000000000000000E+000  0.000000000000000E+000
  0.000000000000000E+000  0.000000000000000E+000  0.000000000000000E+000
  0.000000000000000E+000  0.000000000000000E+000  0.000000000000000E+000
  0.000000000000000E+000  0.000000000000000E+000  0.000000000000000E+000
  0.000000000000000E+000  0.000000000000000E+000  0.000000000000000E+000
  0.000000000000000E+000  0.000000000000000E+000  0.000000000000000E+000
  0.000000000000000E+000  0.000000000000000E+000  0.000000000000000E+000
  0.000000000000000E+000  0.000000000000000E+000  0.000000000000000E+000
  0.000000000000000E+000  0.000000000000000E+000  0.000000000000000E+000
  0.000000000000000E+000  0.000000000000000E+000  0.000000000000000E+000
  0.000000000000000E+000  0.000000000000000E+000  0.000000000000000E+000
  0.000000000000000E+000  0.000000000000000E+000  0.000000000000000E+000
  0.000000000000000E+000  0.000000000000000E+000  0.000000000000000E+000
  0.000000000000000E+000  0.000000000000000E+000  0.000000000000000E+000
  0.000000000000000E+000  0.000000000000000E+000  0.000000000000000E+000
  0.000000000000000E+000  0.000000000000000E+000  0.000000000000000E+000
  0.000000000000000E+000  0.000000000000000E+000  0.000000000000000E+000
  0.000000000000000E+000  0.000000000000000E+000  0.000000000000000E+000
  0.000000000000000E+000  0.000000000000000E+000  0.000000000000000E+000
  0.000000000000000E+000  0.000000000000000E+000  0.000000000000000E+000
  0.000000000000000E+000  0.000000000000000E+000  0.000000000000000E+000
  0.000000000000000E+000  0.000000000000000E+000  0.000000000000000E+000
  0.000000000000000E+000  0.000000000000000E+000  0.000000000000000E+000
  0.000000000000000E+000  0.000000000000000E+000  0.000000000000000E+000
  0.000000000000000E+000  0.000000000000000E+000  0.000000000000000E+000
  0.000000000000000E+000  0.000000000000000E+000  0.000000000000000E+000
  0.000000000000000E+000  0.000000000000000E+000  0.000000000000000E+000
  0.000000000000000E+000  0.000000000000000E+000  0.000000000000000E+000
  0.000000000000000E+000  0.000000000000000E+000  0.000000000000000E+000
  0.000000000000000E+000  0.000000000000000E+000  0.000000000000000E+000
  0.000000000000000E+000  0.000000000000000E+000  0.000000000000000E+000
  0.000000000000000E+000  0.000000000000000E+000  0.000000000000000E+000
  0.000000000000000E+000  0.000000000000000E+000  0.000000000000000E+000
  0.000000000000000E+000  0.000000000000000E+000  0.000000000000000E+000
  0.000000000000000E+000  0.000000000000000E+000  0.000000000000000E+000
  0.000000000000000E+000  0.000000000000000E+000  0.000000000000000E+000
  0.000000000000000E+000  0.000000000000000E+000  0.000000000000000E+000
  0.000000000000000E+000  0.000000000000000E+000  0.000000000000000E+000
  0.000000000000000E+000  0.000000000000000E+000  0.000000000000000E+000
  0.000000000000000E+000  0.000000000000000E+000  0.000000000000000E+000
  0.000000000000000E+000  0.000000000000000E+000  0.000000000000000E+000
  0.000000000000000E+000  0.000000000000000E+000  0.000000000000000E+000
  0.000000000000000E+000  0.000000000000000E+000  0.000000000000000E+000
  0.000000000000000E+000  0.000000000000000E+000  0.000000000000000E+000
  0.000000000000000E+000  0.000000000000000E+000  0.000000000000000E+000
  0.000000000000000E+000  0.000000000000000E+000  0.000000000000000E+000
  0.997948235785346      -8.554656973005628E-006  4.872444596188288E-006
 -2.210925545090282E-005 -7.195983455803286E-006 -8.554656973005628E-006
  0.995962341817305      -1.376582870186856E-005 -3.370172465008300E-006
 -1.664100127652552E-005  4.872444596188288E-006 -1.376582870186856E-005
  0.996008385094515      -8.439321599404176E-006  1.376582870275314E-005
 -2.210925545090282E-005 -3.370172465008300E-006 -8.439321599404176E-006
  0.997973765354517      -5.723464027653349E-006 -7.195983455803286E-006
 -1.664100127652552E-005  1.376582870275314E-005 -5.723464027653349E-006
  0.995962341817301       0.997948233309547      -8.555113228417756E-006
  4.873969557403265E-006 -2.210942612042300E-005 -7.195773925794267E-006
 -8.555113228417756E-006  0.995962338755587      -1.376507418673234E-005
 -3.369667101409067E-006 -1.664282613459454E-005  4.873969557403265E-006
 -1.376507418673234E-005  0.996008381493651      -8.441962909708089E-006
  1.376507418761692E-005 -2.210942612042300E-005 -3.369667101409067E-006
 -8.441962909708089E-006  0.997973763075790      -5.724111838230481E-006
 -7.195773925794267E-006 -1.664282613459454E-005  1.376507418761692E-005
 -5.724111838230481E-006  0.995962338755583       0.997932617268175     
  2.141884143620035E-005  1.144822377805148E-005 -5.043229428375298E-006
  1.951278432454171E-005  2.141884143620035E-005  0.995963576813827     
  3.088463180548024E-005  1.016524869529255E-005 -1.848543301197260E-005
  1.144822377805148E-005  3.088463180548024E-005  0.995994898232937     
 -1.982890524174494E-005 -3.088463180459548E-005 -5.043229428375298E-006
  1.016524869529255E-005 -1.982890524174494E-005  0.997938440687910     
  1.346663645486108E-005  1.951278432454171E-005 -1.848543301197260E-005
 -3.088463180459548E-005  1.346663645486108E-005  0.995963576813823     
  0.997932616567425       2.141744946973478E-005  1.144707727689906E-005
 -5.043946162422411E-006  1.951105098805511E-005  2.141744946973478E-005
  0.995963577340792       3.088312614756643E-005  1.016405086293187E-005
 -1.848484227043893E-005  1.144707727689906E-005  3.088312614756643E-005
  0.995994900121332      -1.982691944349800E-005 -3.088312614668167E-005
 -5.043946162422411E-006  1.016405086293187E-005 -1.982691944349800E-005
  0.997938440814772       1.346602989272103E-005  1.951105098805511E-005
 -1.848484227043893E-005 -3.088312614668167E-005  1.346602989272103E-005
  0.995963577340788       0.997921234385206       3.989181242257345E-005
  3.682446980619788E-007  2.879944262134530E-005  9.553893520967563E-005
  3.989181242257345E-005  0.995937359910827       1.304799443773864E-004
  7.665129207394162E-005  1.297018110544509E-004  3.682446980619788E-007
  1.304799443773864E-004  0.996001953779798       1.087836820172285E-004
  2.810570130234356E-005  2.879944262134530E-005  7.665129207394162E-005
  1.087836820172285E-004  0.997957916424437       5.795610672082617E-005
  9.553893520967563E-005  1.297018110544509E-004  2.810570130234356E-005
  5.795610672082617E-005  0.995983551173094       0.997921231859916     
  3.989102839926490E-005  3.684235515575759E-007  2.880015051882899E-005
  9.553863951701788E-005  3.989102839926490E-005  0.995937356743914     
  1.304809696095882E-004  7.665050106751690E-005  1.297030071239652E-004
  3.684235515575759E-007  1.304809696095882E-004  0.996001949655449     
  1.087835491721840E-004  2.810702834457073E-005  2.880015051882899E-005
  7.665050106751690E-005  1.087835491721840E-004  0.997957913788544     
  5.795697215182456E-005  9.553863951701788E-005  1.297030071239652E-004
  2.810702834457073E-005  5.795697215182456E-005  0.995983547938089     
  0.997973686963555       9.796092833000569E-005 -9.439355449466759E-005
 -1.484067608276049E-006  8.632787238075252E-005  9.796092833000569E-005
  0.995983551173098      -2.810570130145892E-005  5.376109158078494E-005
  1.297018110544510E-004 -9.439355449466759E-005 -2.810570130145892E-005
  0.996001953779798       5.407293174441285E-005 -1.304799443765016E-004
 -1.484067608276049E-006  5.376109158078494E-005  5.407293174441285E-005
  0.997905463846087      -3.778323076891358E-006  8.632787238075252E-005
  1.297018110544510E-004 -1.304799443765016E-004 -3.778323076891358E-006
  0.995937359910823       0.997973684968371       9.796152996890660E-005
 -9.439352887423210E-005 -1.483665767458484E-006  8.632679533743987E-005
  9.796152996890660E-005  0.995983547938094      -2.810702834368610E-005
  5.376040278793242E-005  1.297030071239653E-004 -9.439352887423210E-005
 -2.810702834368610E-005  0.996001949655449       5.407271043021988E-005
 -1.304809696087035E-004 -1.483665767458484E-006  5.376040278793242E-005
  5.407271043021988E-005  0.997905460680090      -3.778606557781342E-006
  8.632679533743987E-005  1.297030071239653E-004 -1.304809696087035E-004
 -3.778606557781342E-006  0.995937356743910       0.000000000000000E+000
  0.000000000000000E+000  0.000000000000000E+000  0.000000000000000E+000
  0.000000000000000E+000  0.000000000000000E+000  0.000000000000000E+000
  0.000000000000000E+000  0.000000000000000E+000  0.000000000000000E+000
  0.000000000000000E+000  0.000000000000000E+000  0.000000000000000E+000
  0.000000000000000E+000  0.000000000000000E+000  0.000000000000000E+000
  0.000000000000000E+000  0.000000000000000E+000  0.000000000000000E+000
  0.000000000000000E+000  0.000000000000000E+000  0.000000000000000E+000
  0.000000000000000E+000  0.000000000000000E+000  0.000000000000000E+000
  0.000000000000000E+000  0.000000000000000E+000  0.000000000000000E+000
  0.000000000000000E+000  0.000000000000000E+000  0.000000000000000E+000
  0.000000000000000E+000  0.000000000000000E+000  0.000000000000000E+000
  0.000000000000000E+000  0.000000000000000E+000  0.000000000000000E+000
  0.000000000000000E+000  0.000000000000000E+000  0.000000000000000E+000
  0.000000000000000E+000  0.000000000000000E+000  0.000000000000000E+000
  0.000000000000000E+000  0.000000000000000E+000  0.000000000000000E+000
  0.000000000000000E+000  0.000000000000000E+000  0.000000000000000E+000
  0.000000000000000E+000  0.000000000000000E+000  0.000000000000000E+000
  0.000000000000000E+000  0.000000000000000E+000  0.000000000000000E+000
  0.000000000000000E+000  0.000000000000000E+000  0.000000000000000E+000
  0.000000000000000E+000  0.000000000000000E+000  0.000000000000000E+000
  0.000000000000000E+000  0.000000000000000E+000  0.000000000000000E+000
  0.000000000000000E+000  0.000000000000000E+000  0.000000000000000E+000
  0.000000000000000E+000  0.000000000000000E+000  0.000000000000000E+000
  0.000000000000000E+000  0.000000000000000E+000  0.000000000000000E+000
  0.000000000000000E+000  0.000000000000000E+000  0.000000000000000E+000
  0.000000000000000E+000  0.000000000000000E+000  0.000000000000000E+000
  0.000000000000000E+000  0.000000000000000E+000  0.000000000000000E+000
  0.000000000000000E+000  0.000000000000000E+000  0.000000000000000E+000
  0.000000000000000E+000  0.000000000000000E+000  0.000000000000000E+000
  0.000000000000000E+000  0.000000000000000E+000  0.000000000000000E+000
  0.000000000000000E+000  0.000000000000000E+000  0.000000000000000E+000
  0.000000000000000E+000  0.000000000000000E+000  0.000000000000000E+000
  0.000000000000000E+000  0.000000000000000E+000  0.000000000000000E+000
  0.000000000000000E+000  0.000000000000000E+000  0.000000000000000E+000
  0.000000000000000E+000  0.000000000000000E+000  0.000000000000000E+000
  0.000000000000000E+000  0.000000000000000E+000  0.000000000000000E+000
  0.000000000000000E+000  0.000000000000000E+000  0.000000000000000E+000
  0.000000000000000E+000  0.000000000000000E+000  0.000000000000000E+000
  0.000000000000000E+000  0.000000000000000E+000  0.000000000000000E+000
  0.000000000000000E+000  0.000000000000000E+000  0.000000000000000E+000
  0.000000000000000E+000  0.000000000000000E+000  0.000000000000000E+000
  0.000000000000000E+000  0.000000000000000E+000  0.000000000000000E+000
  0.000000000000000E+000  0.000000000000000E+000  0.000000000000000E+000
  0.000000000000000E+000  0.000000000000000E+000  0.000000000000000E+000
  0.000000000000000E+000  0.000000000000000E+000  0.000000000000000E+000
  0.000000000000000E+000  0.000000000000000E+000  0.000000000000000E+000
  0.000000000000000E+000  0.000000000000000E+000  0.000000000000000E+000
  0.000000000000000E+000  0.000000000000000E+000  0.000000000000000E+000
  0.000000000000000E+000  0.000000000000000E+000  0.000000000000000E+000
  0.000000000000000E+000  0.000000000000000E+000  0.000000000000000E+000
  0.000000000000000E+000  0.000000000000000E+000  0.000000000000000E+000
  0.000000000000000E+000  0.000000000000000E+000  0.000000000000000E+000
  0.000000000000000E+000  0.000000000000000E+000  0.000000000000000E+000
  0.000000000000000E+000  0.000000000000000E+000  0.000000000000000E+000
  0.000000000000000E+000  0.000000000000000E+000  0.000000000000000E+000
  0.000000000000000E+000  0.000000000000000E+000  0.000000000000000E+000
  0.000000000000000E+000  0.000000000000000E+000  0.000000000000000E+000
  0.000000000000000E+000  0.000000000000000E+000  0.000000000000000E+000
  0.000000000000000E+000  0.000000000000000E+000  0.000000000000000E+000
  0.000000000000000E+000  0.000000000000000E+000  0.000000000000000E+000
  0.000000000000000E+000  0.000000000000000E+000  0.000000000000000E+000
  0.000000000000000E+000  0.000000000000000E+000  0.000000000000000E+000
  0.000000000000000E+000  0.000000000000000E+000  0.000000000000000E+000
  0.000000000000000E+000  0.000000000000000E+000  0.000000000000000E+000
  0.000000000000000E+000  0.000000000000000E+000  0.000000000000000E+000
  0.000000000000000E+000  0.000000000000000E+000  0.000000000000000E+000
  0.000000000000000E+000  0.997917811699702       7.758491018320188E-006
 -4.098436060144858E-006 -9.570150540302846E-006 -6.198575098953204E-006
  7.758491018320188E-006  0.995942798034973       4.409876106036700E-006
 -1.163686488249169E-005  2.991073991227425E-005 -4.098436060144858E-006
  4.409876106036700E-006  0.995933836623975       7.098699486001744E-006
 -4.409876105152102E-006 -9.570150540302846E-006 -1.163686488249169E-005
  7.098699486001744E-006  0.997928862357682       1.253748275727160E-005
 -6.198575098953204E-006  2.991073991227425E-005 -4.409876105152102E-006
  1.253748275727160E-005  0.995942798034969       0.997917813197247     
  7.757556433684877E-006 -4.098705002340029E-006 -9.569631680556011E-006
 -6.198125375401218E-006  7.757556433684877E-006  0.995942798582012     
  4.410324447267744E-006 -1.163580600377331E-005  2.991144831785596E-005
 -4.098705002340029E-006  4.410324447267744E-006  0.995933837832030     
  7.099165307548077E-006 -4.410324446383147E-006 -9.569631680556011E-006
 -1.163580600377331E-005  7.099165307548077E-006  0.997928863256099     
  1.253614394387624E-005 -6.198125375401218E-006  2.991144831785596E-005
 -4.410324446383147E-006  1.253614394387624E-005  0.995942798582008     
  0.997922299320139      -5.690196971152011E-006 -4.015679280466897E-005
 -2.417772054347921E-005 -7.489859442872852E-005 -5.690196971152011E-006
  0.995966228419465      -1.077694826637346E-004 -8.320021055827916E-005
  7.265055330304435E-006 -4.015679280466897E-005 -1.077694826637346E-004
  0.995935956432394       6.955360540496145E-005  1.077694826646188E-004
 -2.417772054347921E-005 -8.320021055827916E-005  6.955360540496145E-005
  0.997950217347066       3.667225014871156E-005 -7.489859442872852E-005
  7.265055330304435E-006  1.077694826646188E-004  3.667225014871156E-005
  0.995966228419461       0.997922296587298      -5.689602424990381E-006
 -4.015690617632621E-005 -2.417781096984700E-005 -7.489757881257972E-005
 -5.689602424990381E-006  0.995966224246494      -1.077695689927768E-004
 -8.319938108715183E-005  7.263679260778298E-006 -4.015690617632621E-005
 -1.077695689927768E-004  0.995935951638640       6.955380177043191E-005
  1.077695689936609E-004 -2.417781096984700E-005 -8.319938108715183E-005
  6.955380177043191E-005  0.997950214718640       3.667235030522759E-005
 -7.489757881257972E-005  7.263679260778298E-006  1.077695689936609E-004
  3.667235030522759E-005  0.995966224246490       0.997933968292708     
  3.516839432701951E-006  1.653562855934032E-005  3.312979394085209E-007
 -6.001510675190327E-006  3.516839432701951E-006  0.995939905884419     
 -1.767806929570010E-005 -2.202997662591759E-005 -4.736812457136416E-005
  1.653562855934032E-005 -1.767806929570010E-005  0.995965545105672     
 -1.729423736426523E-005 -3.836189079355976E-006  3.312979394085209E-007
 -2.202997662591759E-005 -1.729423736426523E-005  0.997926552512316     
 -8.810769008533581E-006 -6.001510675190327E-006 -4.736812457136416E-005
 -3.836189079355976E-006 -8.810769008533581E-006  0.995929857808917     
  0.997933969895223       3.516740649266435E-006  1.653541689213947E-005
  3.316546504858637E-007 -6.000315411697853E-006  3.516740649266435E-006
  0.995939907995346      -1.767921122280875E-005 -2.203054176518870E-005
 -4.736861751379919E-005  1.653541689213947E-005 -1.767921122280875E-005
  0.995965548208854      -1.729450761327707E-005 -3.836461048863445E-006
  3.316546504858637E-007 -2.203054176518870E-005 -1.729450761327707E-005
  0.997926554157264      -8.810967411415092E-006 -6.000315411697853E-006
 -4.736861751379919E-005 -3.836461048863445E-006 -8.810967411415092E-006
  0.995929859765277       0.997928693369846      -1.063110512537171E-005
  6.709434615353290E-006  3.376776073399364E-006 -1.732009968593953E-005
 -1.063110512537171E-005  0.995929857808921       3.836189080240566E-006
 -7.920762024283110E-007 -4.736812457136421E-005  6.709434615353290E-006
  3.836189080240566E-006  0.995965545105672      -2.296739308293559E-005
  1.767806929658469E-005  3.376776073399364E-006 -7.920762024283110E-007
 -2.296739308293559E-005  0.997931827435177       1.406066060183660E-005
 -1.732009968593953E-005 -4.736812457136421E-005  1.767806929658469E-005
  1.406066060183660E-005  0.995939905884415       0.997928695313107     
 -1.063067931556104E-005  6.709774491463316E-006  3.376936054733100E-006
 -1.732063850262274E-005 -1.063067931556104E-005  0.995929859765282     
  3.836461049748034E-006 -7.909418724388565E-007 -4.736861751379925E-005
  6.709774491463316E-006  3.836461049748034E-006  0.995965548208854     
 -2.296734489826842E-005  1.767921122369334E-005  3.376936054733100E-006
 -7.909418724388565E-007 -2.296734489826842E-005  0.997931828739379     
  1.406085762250753E-005 -1.732063850262274E-005 -4.736861751379925E-005
  1.767921122369334E-005  1.406085762250753E-005  0.995939907995342     
  0.000000000000000E+000  0.000000000000000E+000  0.000000000000000E+000
  0.000000000000000E+000  0.000000000000000E+000  0.000000000000000E+000
  0.000000000000000E+000  0.000000000000000E+000  0.000000000000000E+000
  0.000000000000000E+000  0.000000000000000E+000  0.000000000000000E+000
  0.000000000000000E+000  0.000000000000000E+000  0.000000000000000E+000
  0.000000000000000E+000  0.000000000000000E+000  0.000000000000000E+000
  0.000000000000000E+000  0.000000000000000E+000  0.000000000000000E+000
  0.000000000000000E+000  0.000000000000000E+000  0.000000000000000E+000
  0.000000000000000E+000  0.000000000000000E+000  0.000000000000000E+000
  0.000000000000000E+000  0.000000000000000E+000  0.000000000000000E+000
  0.000000000000000E+000  0.000000000000000E+000  0.000000000000000E+000
  0.000000000000000E+000  0.000000000000000E+000  0.000000000000000E+000
  0.000000000000000E+000  0.000000000000000E+000  0.000000000000000E+000
  0.000000000000000E+000  0.000000000000000E+000  0.000000000000000E+000
  0.000000000000000E+000  0.000000000000000E+000  0.000000000000000E+000
  0.000000000000000E+000  0.000000000000000E+000  0.000000000000000E+000
  0.000000000000000E+000  0.000000000000000E+000  0.000000000000000E+000
  0.000000000000000E+000  0.000000000000000E+000  0.000000000000000E+000
  0.000000000000000E+000  0.000000000000000E+000  0.000000000000000E+000
  0.000000000000000E+000  0.000000000000000E+000  0.000000000000000E+000
  0.000000000000000E+000  0.000000000000000E+000  0.000000000000000E+000
  0.000000000000000E+000  0.000000000000000E+000  0.000000000000000E+000
  0.000000000000000E+000  0.000000000000000E+000  0.000000000000000E+000
  0.000000000000000E+000  0.000000000000000E+000  0.000000000000000E+000
  0.000000000000000E+000  0.000000000000000E+000  0.000000000000000E+000
  0.000000000000000E+000  0.000000000000000E+000  0.000000000000000E+000
  0.000000000000000E+000  0.000000000000000E+000  0.000000000000000E+000
  0.000000000000000E+000  0.000000000000000E+000  0.000000000000000E+000
  0.000000000000000E+000  0.000000000000000E+000  0.000000000000000E+000
  0.000000000000000E+000  0.000000000000000E+000  0.000000000000000E+000
  0.000000000000000E+000  0.000000000000000E+000  0.000000000000000E+000
  0.000000000000000E+000  0.000000000000000E+000  0.000000000000000E+000
  0.000000000000000E+000  0.000000000000000E+000  0.000000000000000E+000
  0.000000000000000E+000  0.000000000000000E+000  0.000000000000000E+000
  0.000000000000000E+000  0.000000000000000E+000  0.000000000000000E+000
  0.000000000000000E+000  0.000000000000000E+000  0.000000000000000E+000
  0.000000000000000E+000  0.000000000000000E+000  0.000000000000000E+000
  0.000000000000000E+000  0.000000000000000E+000  0.000000000000000E+000
  0.000000000000000E+000  0.000000000000000E+000  0.000000000000000E+000
  0.000000000000000E+000  0.000000000000000E+000  0.000000000000000E+000
  0.000000000000000E+000  0.000000000000000E+000  0.000000000000000E+000
  0.000000000000000E+000  0.000000000000000E+000  0.000000000000000E+000
  0.000000000000000E+000  0.000000000000000E+000  0.000000000000000E+000
  0.000000000000000E+000  0.000000000000000E+000  0.000000000000000E+000
  0.000000000000000E+000  0.000000000000000E+000  0.000000000000000E+000
  0.000000000000000E+000  0.000000000000000E+000  0.000000000000000E+000
  0.000000000000000E+000  0.000000000000000E+000  0.000000000000000E+000
  0.000000000000000E+000  0.000000000000000E+000  0.000000000000000E+000
  0.000000000000000E+000  0.000000000000000E+000  0.000000000000000E+000
  0.000000000000000E+000  0.000000000000000E+000  0.000000000000000E+000
  0.000000000000000E+000  0.000000000000000E+000  0.000000000000000E+000
  0.000000000000000E+000  0.000000000000000E+000  0.000000000000000E+000
  0.000000000000000E+000  0.000000000000000E+000  0.000000000000000E+000
  0.000000000000000E+000  0.000000000000000E+000  0.000000000000000E+000
  0.000000000000000E+000  0.000000000000000E+000  0.000000000000000E+000
  0.000000000000000E+000  0.000000000000000E+000  0.000000000000000E+000
  0.000000000000000E+000  0.000000000000000E+000  0.000000000000000E+000
  0.000000000000000E+000  0.000000000000000E+000  0.000000000000000E+000
  0.000000000000000E+000  0.000000000000000E+000  0.000000000000000E+000
  0.000000000000000E+000  0.000000000000000E+000  0.000000000000000E+000
  0.000000000000000E+000  0.000000000000000E+000  0.000000000000000E+000
  0.000000000000000E+000  0.000000000000000E+000  0.000000000000000E+000
  0.000000000000000E+000  0.000000000000000E+000  0.000000000000000E+000
  0.000000000000000E+000  0.000000000000000E+000  0.000000000000000E+000
  0.000000000000000E+000  0.000000000000000E+000  0.000000000000000E+000
  0.000000000000000E+000  0.000000000000000E+000  0.000000000000000E+000
  0.000000000000000E+000  0.000000000000000E+000  0.997948235785346     
  4.872444595478498E-006 -8.554656972295872E-006  2.210925545177017E-005
 -7.195983455803356E-006  4.872444595478498E-006  0.996008385094519     
 -1.376582870186859E-005  8.439321605071031E-006  1.376582870207132E-005
 -8.554656972295872E-006 -1.376582870186859E-005  0.995962341817301     
  3.370172470675096E-006 -1.664100127584366E-005  2.210925545177017E-005
  8.439321605071031E-006  3.370172470675096E-006  0.997973765354517     
  5.723464017269764E-006 -7.195983455803356E-006  1.376582870207132E-005
 -1.664100127584366E-005  5.723464017269764E-006  0.995962341817301     
  0.997948233309547       4.873969556693475E-006 -8.555113227708000E-006
  2.210942612128342E-005 -7.195773925794336E-006  4.873969556693475E-006
  0.996008381493655      -1.376507418673237E-005  8.441962915374943E-006
  1.376507418693510E-005 -8.555113227708000E-006 -1.376507418673237E-005
  0.995962338755583       3.369667107075864E-006 -1.664282613391269E-005
  2.210942612128342E-005  8.441962915374943E-006  3.369667107075864E-006
  0.997973763075790       5.724111827846897E-006 -7.195773925794336E-006
  1.376507418693510E-005 -1.664282613391269E-005  5.724111827846897E-006
  0.995962338755583       0.997921234385206       3.682446973521061E-007
  3.989181242328309E-005 -2.879944262048481E-005  9.553893520967571E-005
  3.682446973521061E-007  0.996001953779801       1.304799443773861E-004
 -1.087836820115612E-004  2.810570130166215E-005  3.989181242328309E-005
  1.304799443773861E-004  0.995937359910823      -7.665129206827506E-005
  1.297018110551329E-004 -2.879944262048481E-005 -1.087836820115612E-004
 -7.665129206827506E-005  0.997957916424437      -5.795610673120900E-005
  9.553893520967571E-005  2.810570130166215E-005  1.297018110551329E-004
 -5.795610673120900E-005  0.995983551173094       0.997921231859916     
  3.684235508477033E-007  3.989102839997455E-005 -2.880015051798237E-005
  9.553863951701797E-005  3.684235508477033E-007  0.996001949655453     
  1.304809696095879E-004 -1.087835491665168E-004  2.810702834388933E-005
  3.989102839997455E-005  1.304809696095879E-004  0.995937356743910     
 -7.665050106185034E-005  1.297030071246472E-004 -2.880015051798237E-005
 -1.087835491665168E-004 -7.665050106185034E-005  0.997957913788544     
 -5.795697216220737E-005  9.553863951701797E-005  2.810702834388933E-005
  1.297030071246472E-004 -5.795697216220737E-005  0.995983547938089     
  0.997932617268175       1.144822377734178E-005  2.141884143691003E-005
  5.043229429263494E-006  1.951278432454169E-005  1.144822377734178E-005
  0.995994898232940       3.088463180548015E-005  1.982890524741236E-005
 -3.088463180527752E-005  2.141884143691003E-005  3.088463180548015E-005
  0.995963576813823      -1.016524868962551E-005 -1.848543301129056E-005
  5.043229429263494E-006  1.982890524741236E-005 -1.016524868962551E-005
  0.997938440687910      -1.346663646524480E-005  1.951278432454169E-005
 -3.088463180527752E-005 -1.848543301129056E-005 -1.346663646524480E-005
  0.995963576813823       0.997932616567425       1.144707727618935E-005
  2.141744947044446E-005  5.043946163282851E-006  1.951105098805508E-005
  1.144707727618935E-005  0.995994900121336       3.088312614756633E-005
  1.982691944916542E-005 -3.088312614736372E-005  2.141744947044446E-005
  3.088312614756633E-005  0.995963577340789      -1.016405085726482E-005
 -1.848484226975688E-005  5.043946163282851E-006  1.982691944916542E-005
 -1.016405085726482E-005  0.997938440814773      -1.346602990310474E-005
  1.951105098805508E-005 -3.088312614736372E-005 -1.848484226975688E-005
 -1.346602990310474E-005  0.995963577340788       0.997973686963555     
 -9.439355449537766E-005  9.796092833071561E-005  1.484067609129540E-006
  8.632787238075252E-005 -9.439355449537766E-005  0.996001953779801     
 -2.810570130145947E-005 -5.407293173874523E-005 -1.304799443771832E-004
  9.796092833071561E-005 -2.810570130145947E-005  0.995983551173094     
 -5.376109157511900E-005  1.297018110551329E-004  1.484067609129540E-006
 -5.407293173874523E-005 -5.376109157511900E-005  0.997905463846087     
  3.778323066508160E-006  8.632787238075252E-005 -1.304799443771832E-004
  1.297018110551329E-004  3.778323066508160E-006  0.995937359910823     
  0.997973684968371      -9.439352887494219E-005  9.796152996961655E-005
  1.483665768318913E-006  8.632679533743990E-005 -9.439352887494219E-005
  0.996001949655453      -2.810702834368664E-005 -5.407271042455225E-005
 -1.304809696093850E-004  9.796152996961655E-005 -2.810702834368664E-005
  0.995983547938089      -5.376040278226648E-005  1.297030071246472E-004
  1.483665768318913E-006 -5.407271042455225E-005 -5.376040278226648E-005
  0.997905460680089       3.778606547398147E-006  8.632679533743990E-005
 -1.304809696093850E-004  1.297030071246472E-004  3.778606547398147E-006
  0.995937356743910       0.000000000000000E+000  0.000000000000000E+000
  0.000000000000000E+000  0.000000000000000E+000  0.000000000000000E+000
  0.000000000000000E+000  0.000000000000000E+000  0.000000000000000E+000
  0.000000000000000E+000  0.000000000000000E+000  0.000000000000000E+000
  0.000000000000000E+000  0.000000000000000E+000  0.000000000000000E+000
  0.000000000000000E+000  0.000000000000000E+000  0.000000000000000E+000
  0.000000000000000E+000  0.000000000000000E+000  0.000000000000000E+000
  0.000000000000000E+000  0.000000000000000E+000  0.000000000000000E+000
  0.000000000000000E+000  0.000000000000000E+000  0.000000000000000E+000
  0.000000000000000E+000  0.000000000000000E+000  0.000000000000000E+000
  0.000000000000000E+000  0.000000000000000E+000  0.000000000000000E+000
  0.000000000000000E+000  0.000000000000000E+000  0.000000000000000E+000
  0.000000000000000E+000  0.000000000000000E+000  0.000000000000000E+000
  0.000000000000000E+000  0.000000000000000E+000  0.000000000000000E+000
  0.000000000000000E+000  0.000000000000000E+000  0.000000000000000E+000
  0.000000000000000E+000  0.000000000000000E+000  0.000000000000000E+000
  0.000000000000000E+000  0.000000000000000E+000  0.000000000000000E+000
  0.000000000000000E+000  0.000000000000000E+000  0.000000000000000E+000
  0.000000000000000E+000  0.000000000000000E+000  0.000000000000000E+000
  0.000000000000000E+000  0.000000000000000E+000  0.000000000000000E+000
  0.000000000000000E+000  0.000000000000000E+000  0.000000000000000E+000
  0.000000000000000E+000  0.000000000000000E+000  0.000000000000000E+000
  0.000000000000000E+000  0.000000000000000E+000  0.000000000000000E+000
  0.000000000000000E+000  0.000000000000000E+000  0.000000000000000E+000
  0.000000000000000E+000  0.000000000000000E+000  0.000000000000000E+000
  0.000000000000000E+000  0.000000000000000E+000  0.000000000000000E+000
  0.000000000000000E+000  0.000000000000000E+000  0.000000000000000E+000
  0.000000000000000E+000  0.000000000000000E+000  0.000000000000000E+000
  0.000000000000000E+000  0.000000000000000E+000  0.000000000000000E+000
  0.000000000000000E+000  0.000000000000000E+000  0.000000000000000E+000
  0.000000000000000E+000  0.000000000000000E+000  0.000000000000000E+000
  0.000000000000000E+000  0.000000000000000E+000  0.000000000000000E+000
  0.000000000000000E+000  0.000000000000000E+000  0.000000000000000E+000
  0.000000000000000E+000  0.000000000000000E+000  0.000000000000000E+000
  0.000000000000000E+000  0.000000000000000E+000  0.000000000000000E+000
  0.000000000000000E+000  0.000000000000000E+000  0.000000000000000E+000
  0.000000000000000E+000  0.000000000000000E+000  0.000000000000000E+000
  0.000000000000000E+000  0.000000000000000E+000  0.000000000000000E+000
  0.000000000000000E+000  0.000000000000000E+000  0.000000000000000E+000
  0.000000000000000E+000  0.000000000000000E+000  0.000000000000000E+000
  0.000000000000000E+000  0.000000000000000E+000  0.000000000000000E+000
  0.000000000000000E+000  0.000000000000000E+000  0.000000000000000E+000
  0.000000000000000E+000  0.000000000000000E+000  0.000000000000000E+000
  0.000000000000000E+000  0.000000000000000E+000  0.000000000000000E+000
  0.000000000000000E+000  0.000000000000000E+000  0.000000000000000E+000
  0.000000000000000E+000  0.000000000000000E+000  0.000000000000000E+000
  0.000000000000000E+000  0.000000000000000E+000  0.000000000000000E+000
  0.000000000000000E+000  0.000000000000000E+000  0.000000000000000E+000
  0.000000000000000E+000  0.000000000000000E+000  0.000000000000000E+000
  0.000000000000000E+000  0.000000000000000E+000  0.000000000000000E+000
  0.000000000000000E+000  0.000000000000000E+000  0.000000000000000E+000
  0.000000000000000E+000  0.000000000000000E+000  0.000000000000000E+000
  0.000000000000000E+000  0.000000000000000E+000  0.000000000000000E+000
  0.000000000000000E+000  0.000000000000000E+000  0.000000000000000E+000
  0.000000000000000E+000  0.000000000000000E+000  0.000000000000000E+000
  0.000000000000000E+000  0.000000000000000E+000  0.000000000000000E+000
  0.000000000000000E+000  0.000000000000000E+000  0.000000000000000E+000
  0.000000000000000E+000  0.000000000000000E+000  0.000000000000000E+000
  0.000000000000000E+000  0.000000000000000E+000  0.000000000000000E+000
  0.000000000000000E+000  0.000000000000000E+000  0.000000000000000E+000
  0.000000000000000E+000  0.000000000000000E+000  0.000000000000000E+000
  0.000000000000000E+000  0.000000000000000E+000  0.000000000000000E+000
  0.000000000000000E+000  0.000000000000000E+000  0.000000000000000E+000
  0.000000000000000E+000  0.000000000000000E+000  0.000000000000000E+000
  0.000000000000000E+000  0.000000000000000E+000  0.000000000000000E+000
  0.000000000000000E+000  0.000000000000000E+000  0.000000000000000E+000
  0.000000000000000E+000  0.000000000000000E+000  0.000000000000000E+000
  0.997986530139105       1.358673509190308E-006  1.358673509900039E-006
  4.232824606065978E-016  9.744889198969136E-006  1.358673509190308E-006
  0.995962341817305       1.664100127672828E-005 -9.093636487469893E-006
  1.376582870207128E-005  1.358673509900039E-006  1.664100127672828E-005
  0.995962341817301       9.093636493136635E-006  1.376582870275320E-005
  4.232824606065978E-016 -9.093636487469893E-006  9.093636493136635E-006
  0.997935471000758      -5.191845843859383E-015  9.744889198969136E-006
  1.376582870207128E-005  1.376582870275320E-005 -5.191845843859383E-015
  0.996008385094515       0.997986527958914       1.359339294611455E-006
  1.359339295321186E-006  4.232824614391739E-016  9.747939121399085E-006
  1.359339294611455E-006  0.995962338755587       1.664282613479730E-005
 -9.093778934447792E-006  1.376507418693506E-005  1.359339295321186E-006
  1.664282613479730E-005  0.995962338755583       9.093778940114537E-006
  1.376507418761698E-005  4.232824614391739E-016 -9.093778934447792E-006
  9.093778940114537E-006  0.997935468426422      -5.191845685734254E-015
  9.747939121399085E-006  1.376507418693506E-005  1.376507418761698E-005
 -5.191845685734254E-015  0.996008381493651       0.997923804865706     
 -2.421993128340951E-006  4.643605995087711E-005 -3.028351022917051E-005
 -9.402530979001240E-005 -2.421993128340951E-006  0.995983551173098     
 -1.297018110542483E-004  1.117171983068025E-004  2.810570130166170E-005
  4.643605995087711E-005 -1.297018110542483E-004  0.995937359910823     
 -7.287296899657509E-005 -1.304799443765012E-004 -3.028351022917051E-005
  1.117171983068025E-004 -7.287296899657509E-005  0.997955345943937     
  5.471075026762367E-005 -9.402530979001240E-005  2.810570130166170E-005
 -1.304799443765012E-004  5.471075026762367E-005  0.996001953779797     
  0.997923801644407      -2.422890459899643E-006  4.643576693087299E-005
 -3.028381628581581E-005 -9.402510531608132E-005 -2.422890459899643E-006
  0.995983547938094      -1.297030071237626E-004  1.117173749449484E-004
  2.810702834388888E-005  4.643576693087299E-005 -1.297030071237626E-004
  0.995937356743910      -7.287189450926036E-005 -1.304809696087030E-004
 -3.028381628581581E-005  1.117173749449484E-004 -7.287189450926036E-005
  0.997955344004053       5.471083873677218E-005 -9.402510531608132E-005
  2.810702834388888E-005 -1.304809696087030E-004  5.471083873677218E-005
  0.996001949655449       0.997923804865706       4.643605995016757E-005
 -2.421993127631423E-006  3.028351023005860E-005 -9.402530979001230E-005
  4.643605995016757E-005  0.995937359910827      -1.297018110542486E-004
  7.287296900224200E-005 -1.304799443771834E-004 -2.421993127631423E-006
 -1.297018110542486E-004  0.995983551173094      -1.117171983011367E-004
  2.810570130234399E-005  3.028351023005860E-005  7.287296900224200E-005
 -1.117171983011367E-004  0.997955345943937      -5.471075027800781E-005
 -9.402530979001230E-005 -1.304799443771834E-004  2.810570130234399E-005
 -5.471075027800781E-005  0.996001953779797       0.997923801644407     
  4.643576693016346E-005 -2.422890459190119E-006  3.028381628669696E-005
 -9.402510531608124E-005  4.643576693016346E-005  0.995937356743914     
 -1.297030071237629E-004  7.287189451492730E-005 -1.304809696093853E-004
 -2.422890459190119E-006 -1.297030071237629E-004  0.995983547938090     
 -1.117173749392825E-004  2.810702834457117E-005  3.028381628669696E-005
  7.287189451492730E-005 -1.117173749392825E-004  0.997955344004053     
 -5.471083874715633E-005 -9.402510531608124E-005 -1.304809696093853E-004
  2.810702834457117E-005 -5.471083874715633E-005  0.996001949655449     
  0.997941352397780      -1.906057119670901E-006 -1.906057118961138E-006
  4.232515770821154E-016  2.289644756269607E-005 -1.906057119670901E-006
  0.995963576813827       1.848543301217525E-005  2.363188515534554E-005
 -3.088463180527757E-005 -1.906057118961138E-006  1.848543301217525E-005
  0.995963576813823      -2.363188514967843E-005 -3.088463180459543E-005
  4.232515770821154E-016  2.363188515534554E-005 -2.363188514967843E-005
  0.997929705558305      -5.191990068424406E-015  2.289644756269607E-005
 -3.088463180527757E-005 -3.088463180459543E-005 -5.191990068424406E-015
  0.995994898232936       0.997941352938450      -1.906398489691951E-006
 -1.906398488982187E-006  4.301904717833055E-016  2.289415456039122E-005
 -1.906398489691951E-006  0.995963577340792       1.848484227064158E-005
  2.363008076084480E-005 -3.088312614736376E-005 -1.906398488982187E-006
  1.848484227064158E-005  0.995963577340788      -2.363008075517768E-005
 -3.088312614668162E-005  4.301904717833055E-016  2.363008076084480E-005
 -2.363008075517768E-005  0.997929704443748      -5.191989537716519E-015
  2.289415456039122E-005 -3.088312614736376E-005 -3.088312614668162E-005
 -5.191989537716519E-015  0.995994900121332       0.000000000000000E+000
  0.000000000000000E+000  0.000000000000000E+000  0.000000000000000E+000
  0.000000000000000E+000  0.000000000000000E+000  0.000000000000000E+000
  0.000000000000000E+000  0.000000000000000E+000  0.000000000000000E+000
  0.000000000000000E+000  0.000000000000000E+000  0.000000000000000E+000
  0.000000000000000E+000  0.000000000000000E+000  0.000000000000000E+000
  0.000000000000000E+000  0.000000000000000E+000  0.000000000000000E+000
  0.000000000000000E+000  0.000000000000000E+000  0.000000000000000E+000
  0.000000000000000E+000  0.000000000000000E+000  0.000000000000000E+000
  0.000000000000000E+000  0.000000000000000E+000  0.000000000000000E+000
  0.000000000000000E+000  0.000000000000000E+000  0.000000000000000E+000
  0.000000000000000E+000  0.000000000000000E+000  0.000000000000000E+000
  0.000000000000000E+000  0.000000000000000E+000  0.000000000000000E+000
  0.000000000000000E+000  0.000000000000000E+000  0.000000000000000E+000
  0.000000000000000E+000  0.000000000000000E+000  0.000000000000000E+000
  0.000000000000000E+000  0.000000000000000E+000  0.000000000000000E+000
  0.000000000000000E+000  0.000000000000000E+000  0.000000000000000E+000
  0.000000000000000E+000  0.000000000000000E+000  0.000000000000000E+000
  0.000000000000000E+000  0.000000000000000E+000  0.000000000000000E+000
  0.000000000000000E+000  0.000000000000000E+000  0.000000000000000E+000
  0.000000000000000E+000  0.000000000000000E+000  0.000000000000000E+000
  0.000000000000000E+000  0.000000000000000E+000  0.000000000000000E+000
  0.000000000000000E+000  0.000000000000000E+000  0.000000000000000E+000
  0.000000000000000E+000  0.000000000000000E+000  0.000000000000000E+000
  0.000000000000000E+000  0.000000000000000E+000  0.000000000000000E+000
  0.000000000000000E+000  0.000000000000000E+000  0.000000000000000E+000
  0.000000000000000E+000  0.000000000000000E+000  0.000000000000000E+000
  0.000000000000000E+000  0.000000000000000E+000  0.000000000000000E+000
  0.000000000000000E+000  0.000000000000000E+000  0.000000000000000E+000
  0.000000000000000E+000  0.000000000000000E+000  0.000000000000000E+000
  0.000000000000000E+000  0.000000000000000E+000  0.000000000000000E+000
  0.000000000000000E+000  0.000000000000000E+000  0.000000000000000E+000
  0.000000000000000E+000  0.000000000000000E+000  0.000000000000000E+000
  0.000000000000000E+000  0.000000000000000E+000  0.000000000000000E+000
  0.000000000000000E+000  0.000000000000000E+000  0.000000000000000E+000
  0.000000000000000E+000  0.000000000000000E+000  0.000000000000000E+000
  0.000000000000000E+000  0.000000000000000E+000  0.000000000000000E+000
  0.000000000000000E+000  0.000000000000000E+000  0.000000000000000E+000
  0.000000000000000E+000  0.000000000000000E+000  0.000000000000000E+000
  0.000000000000000E+000  0.000000000000000E+000  0.000000000000000E+000
  0.000000000000000E+000  0.000000000000000E+000  0.000000000000000E+000
  0.000000000000000E+000  0.000000000000000E+000  0.000000000000000E+000
  0.000000000000000E+000  0.000000000000000E+000  0.000000000000000E+000
  0.000000000000000E+000  0.000000000000000E+000  0.000000000000000E+000
  0.000000000000000E+000  0.000000000000000E+000  0.000000000000000E+000
  0.000000000000000E+000  0.000000000000000E+000  0.000000000000000E+000
  0.000000000000000E+000  0.000000000000000E+000  0.000000000000000E+000
  0.000000000000000E+000  0.000000000000000E+000  0.000000000000000E+000
  0.000000000000000E+000  0.000000000000000E+000  0.000000000000000E+000
  0.000000000000000E+000  0.000000000000000E+000  0.000000000000000E+000
  0.000000000000000E+000  0.000000000000000E+000  0.000000000000000E+000
  0.000000000000000E+000  0.000000000000000E+000  0.000000000000000E+000
  0.000000000000000E+000  0.000000000000000E+000  0.000000000000000E+000
  0.000000000000000E+000  0.000000000000000E+000  0.000000000000000E+000
  0.000000000000000E+000  0.000000000000000E+000  0.000000000000000E+000
  0.000000000000000E+000  0.000000000000000E+000  0.000000000000000E+000
  0.000000000000000E+000  0.000000000000000E+000  0.000000000000000E+000
  0.000000000000000E+000  0.000000000000000E+000  0.000000000000000E+000
  0.000000000000000E+000  0.000000000000000E+000  0.000000000000000E+000
  0.000000000000000E+000  0.000000000000000E+000  0.000000000000000E+000
  0.000000000000000E+000  0.000000000000000E+000  0.000000000000000E+000
  0.000000000000000E+000  0.000000000000000E+000  0.000000000000000E+000
  0.000000000000000E+000  0.000000000000000E+000  0.000000000000000E+000
  0.000000000000000E+000  0.000000000000000E+000  0.000000000000000E+000
  0.000000000000000E+000  0.000000000000000E+000  0.000000000000000E+000
  0.000000000000000E+000  0.000000000000000E+000  0.000000000000000E+000
  0.000000000000000E+000  0.000000000000000E+000  0.000000000000000E+000
  0.000000000000000E+000  0.990981442372286      -2.034795675118055E-004
 -2.034795675111082E-004  4.163686422817768E-016 -4.069591350156599E-004
 -2.034795675118055E-004  0.984035637380428       2.620921312129870E-003
 -3.524369492240189E-004 -2.620921312129674E-003 -2.034795675111082E-004
  2.620921312129870E-003  0.984035637380425       3.524369492296532E-004
 -2.620921312128988E-003  4.163686422817768E-016 -3.524369492240189E-004
  3.524369492296532E-004  0.990981442372284      -5.151510939515227E-015
 -4.069591350156599E-004 -2.620921312129674E-003 -2.620921312128988E-003
 -5.151510939515227E-015  0.984035637380424       0.990981430648921     
 -2.034794145237573E-004 -2.034794145230600E-004  4.094297539676089E-016
 -4.069588290395635E-004 -2.034794145237573E-004  0.984035579533211     
  2.620990860353145E-003 -3.524366842409465E-004 -2.620990860352950E-003
 -2.034794145230600E-004  2.620990860353145E-003  0.984035579533207     
  3.524366842465808E-004 -2.620990860352263E-003  4.094297539676089E-016
 -3.524366842409465E-004  3.524366842465808E-004  0.990981430648919     
 -5.151511006512009E-015 -4.069588290395635E-004 -2.620990860352950E-003
 -2.620990860352263E-003 -5.151511006512009E-015  0.984035579533207     
  0.998226820313020       8.960906712870471E-005 -1.248048376905575E-004
 -9.513561195564935E-006  2.061694596721895E-004  8.960906712870471E-005
  0.996588811179871      -5.184192561540301E-004  1.863281670516339E-004
 -5.974331934325162E-004 -1.248048376905575E-004 -5.184192561540301E-004
  0.996640413559503       2.161683199086909E-004  5.184192561549125E-004
 -9.513561195564935E-006  1.863281670516339E-004  2.161683199086909E-004
  0.998237805627252      -1.556035498380644E-005  2.061694596721895E-004
 -5.974331934325162E-004  5.184192561549125E-004 -1.556035498380644E-005
  0.996588811179867       0.998226818671439       8.960943432031709E-005
 -1.248048071495057E-004 -9.513604063544934E-006  2.061695377970802E-004
  8.960943432031709E-005  0.996588807316762      -5.184217527441205E-004
  1.863280452643111E-004 -5.974335343382405E-004 -1.248048071495057E-004
 -5.184217527441205E-004  0.996640407627896       2.161682670100375E-004
  5.184217527450029E-004 -9.513604063544934E-006  1.863280452643111E-004
  2.161682670100375E-004  0.998237804035172      -1.555997609288066E-005
  2.061695377970802E-004 -5.974335343382405E-004  5.184217527450029E-004
 -1.555997609288066E-005  0.996588807316758       0.998226820313019     
 -1.248048376912690E-004  8.960906712941591E-005  9.513561196460032E-006
  2.061694596721880E-004 -1.248048376912690E-004  0.996640413559507     
 -5.184192561540278E-004 -2.161683199030280E-004  5.184192561542316E-004
  8.960906712941591E-005 -5.184192561540278E-004  0.996588811179867     
 -1.863281670459611E-004 -5.974331934318342E-004  9.513561196460032E-006
 -2.161683199030280E-004 -1.863281670459611E-004  0.998237805627252     
  1.556035497341686E-005  2.061694596721880E-004  5.184192561542316E-004
 -5.974331934318342E-004  1.556035497341686E-005  0.996588811179867     
  0.998226818671439      -1.248048071502172E-004  8.960943432102828E-005
  9.513604064391459E-006  2.061695377970787E-004 -1.248048071502172E-004
  0.996640407627900      -5.184217527441182E-004 -2.161682670043746E-004
  5.184217527443221E-004  8.960943432102828E-005 -5.184217527441182E-004
  0.996588807316758      -1.863280452586383E-004 -5.974335343375584E-004
  9.513604064391459E-006 -2.161682670043746E-004 -1.863280452586383E-004
  0.998237804035171       1.555997608249108E-005  2.061695377970787E-004
  5.184217527443221E-004 -5.974335343375584E-004  1.555997608249108E-005
  0.996588807316758       0.998243298284372       1.165603925354672E-004
  1.165603925361757E-004  4.510390624930288E-016 -2.496096753745264E-004
  1.165603925354672E-004  0.996588811179871       5.974331934327197E-004
  1.707678120730206E-004  5.184192561542314E-004  1.165603925361757E-004
  5.974331934327197E-004  0.996588811179868      -1.707678120673509E-004
  5.184192561549130E-004  4.510390624930288E-016  1.707678120730206E-004
 -1.707678120673509E-004  0.998221327655900      -5.191576070875398E-015
 -2.496096753745264E-004  5.184192561542314E-004  5.184192561549130E-004
 -5.191576070875398E-015  0.996640413559503       0.998243296717041     
  1.165601034687456E-004  1.165601034694541E-004  4.094056985497958E-016
 -2.496096142924228E-004  1.165601034687456E-004  0.996588807316762     
  5.974335343384440E-004  1.707680691766236E-004  5.184217527443218E-004
  1.165601034694541E-004  5.974335343384440E-004  0.996588807316758     
 -1.707680691709539E-004  5.184217527450035E-004  4.094056985497958E-016
  1.707680691766236E-004 -1.707680691709539E-004  0.998221325989570     
 -5.191576067761042E-015 -2.496096142924228E-004  5.184217527443218E-004
  5.184217527450035E-004 -5.191576067761042E-015  0.996640407627896     
  0.000000000000000E+000  0.000000000000000E+000  0.000000000000000E+000
  0.000000000000000E+000  0.000000000000000E+000  0.000000000000000E+000
  0.000000000000000E+000  0.000000000000000E+000  0.000000000000000E+000
  0.000000000000000E+000  0.000000000000000E+000  0.000000000000000E+000
  0.000000000000000E+000  0.000000000000000E+000  0.000000000000000E+000
  0.000000000000000E+000  0.000000000000000E+000  0.000000000000000E+000
  0.000000000000000E+000  0.000000000000000E+000  0.000000000000000E+000
  0.000000000000000E+000  0.000000000000000E+000  0.000000000000000E+000
  0.000000000000000E+000  0.000000000000000E+000  0.000000000000000E+000
  0.000000000000000E+000  0.000000000000000E+000  0.000000000000000E+000
  0.000000000000000E+000  0.000000000000000E+000  0.000000000000000E+000
  0.000000000000000E+000  0.000000000000000E+000  0.000000000000000E+000
  0.000000000000000E+000  0.000000000000000E+000  0.000000000000000E+000
  0.000000000000000E+000  0.000000000000000E+000  0.000000000000000E+000
  0.000000000000000E+000  0.000000000000000E+000  0.000000000000000E+000
  0.000000000000000E+000  0.000000000000000E+000  0.000000000000000E+000
  0.000000000000000E+000  0.000000000000000E+000  0.000000000000000E+000
  0.000000000000000E+000  0.000000000000000E+000  0.000000000000000E+000
  0.000000000000000E+000  0.000000000000000E+000  0.000000000000000E+000
  0.000000000000000E+000  0.000000000000000E+000  0.000000000000000E+000
  0.000000000000000E+000  0.000000000000000E+000  0.000000000000000E+000
  0.000000000000000E+000  0.000000000000000E+000  0.000000000000000E+000
  0.000000000000000E+000  0.000000000000000E+000  0.000000000000000E+000
  0.000000000000000E+000  0.000000000000000E+000  0.000000000000000E+000
  0.000000000000000E+000  0.000000000000000E+000  0.000000000000000E+000
  0.000000000000000E+000  0.000000000000000E+000  0.000000000000000E+000
  0.000000000000000E+000  0.000000000000000E+000  0.000000000000000E+000
  0.000000000000000E+000  0.000000000000000E+000  0.000000000000000E+000
  0.000000000000000E+000  0.000000000000000E+000  0.000000000000000E+000
  0.000000000000000E+000  0.000000000000000E+000  0.000000000000000E+000
  0.000000000000000E+000  0.000000000000000E+000  0.000000000000000E+000
  0.000000000000000E+000  0.000000000000000E+000  0.000000000000000E+000
  0.000000000000000E+000  0.000000000000000E+000  0.000000000000000E+000
  0.000000000000000E+000  0.000000000000000E+000  0.000000000000000E+000
  0.000000000000000E+000  0.000000000000000E+000  0.000000000000000E+000
  0.000000000000000E+000  0.000000000000000E+000  0.000000000000000E+000
  0.000000000000000E+000  0.000000000000000E+000  0.000000000000000E+000
  0.000000000000000E+000  0.000000000000000E+000  0.000000000000000E+000
  0.000000000000000E+000  0.000000000000000E+000  0.000000000000000E+000
  0.000000000000000E+000  0.000000000000000E+000  0.000000000000000E+000
  0.000000000000000E+000  0.000000000000000E+000  0.000000000000000E+000
  0.000000000000000E+000  0.000000000000000E+000  0.000000000000000E+000
  0.000000000000000E+000  0.000000000000000E+000  0.000000000000000E+000
  0.000000000000000E+000  0.000000000000000E+000  0.000000000000000E+000
  0.000000000000000E+000  0.000000000000000E+000  0.000000000000000E+000
  0.000000000000000E+000  0.000000000000000E+000  0.000000000000000E+000
  0.000000000000000E+000  0.000000000000000E+000  0.000000000000000E+000
  0.000000000000000E+000  0.000000000000000E+000  0.000000000000000E+000
  0.000000000000000E+000  0.000000000000000E+000  0.000000000000000E+000
  0.000000000000000E+000  0.000000000000000E+000  0.000000000000000E+000
