  0.997949297717404      -1.311751796967031E-006 -1.311751796257234E-006
  4.510285841520186E-016 -2.623503585922145E-006 -1.311751796967031E-006
  0.995994217019437      -2.383745099477068E-005 -2.272020750629023E-006
  2.383745099497346E-005 -1.311751796257234E-006 -2.383745099477068E-005
  0.995994217019433       2.272020756295646E-006  2.383745099565524E-005
  4.510285841520186E-016 -2.272020750629023E-006  2.272020756295646E-006
  0.997949297717402      -5.191744248900416E-015 -2.623503585922145E-006
  2.383745099497346E-005  2.383745099565524E-005 -5.191744248900416E-015
  0.995994217019433       0.997950111699175      -7.502002658665579E-007
 -7.502002651567704E-007  4.163338535858784E-016 -1.500400523721266E-006
 -7.502002658665579E-007  0.995986325932024      -2.377841704274150E-005
 -1.299384967694985E-006  2.377841704294427E-005 -7.502002651567704E-007
 -2.377841704274150E-005  0.995986325932020       1.299384973361558E-006
  2.377841704362604E-005  4.163338535858784E-016 -1.299384967694985E-006
  1.299384973361558E-006  0.997950111699173      -5.191715314121894E-015
 -1.500400523721266E-006  2.377841704294427E-005  2.377841704362604E-005
 -5.191715314121894E-015  0.995986325932020       0.997948523899243     
 -6.883826992190298E-006 -3.756814715566687E-006  3.942128363243471E-006
 -1.512909838040646E-006 -6.883826992190298E-006  0.995984141138973     
 -1.856813961616231E-005  2.227421561877388E-006  2.921814647940565E-005
 -3.756814715566687E-006 -1.856813961616231E-005  0.995987885244317     
  6.506993960242295E-006  1.856813961704688E-005  3.942128363243471E-006
  2.227421561877388E-006  6.506993960242295E-006  0.997943971921498     
 -7.075279832305401E-006 -1.512909838040646E-006  2.921814647940565E-005
  1.856813961704688E-005 -7.075279832305401E-006  0.995984141138969     
  0.997949157772047      -7.114450274476422E-006 -3.115814673839715E-006
  3.889526514026787E-006 -1.909957109482279E-006 -7.114450274476422E-006
  0.995975804028156      -1.791655736892930E-005  1.902101277891007E-006
  2.591855463316599E-005 -3.115814673839715E-006 -1.791655736892930E-005
  0.995984243059173       5.396749320317414E-006  1.791655736981387E-005
  3.889526514026787E-006  1.902101277891007E-006  5.396749320317414E-006
  0.997944666533686      -7.112345311476154E-006 -1.909957109482279E-006
  2.591855463316599E-005  1.791655736981387E-005 -7.112345311476154E-006
  0.995975804028152       0.997948523899243      -3.756814716276496E-006
 -6.883826991480501E-006 -3.942128362383057E-006 -1.512909838040613E-006
 -3.756814716276496E-006  0.995987885244321      -1.856813961616235E-005
 -6.506993954575675E-006  1.856813961636512E-005 -6.883826991480501E-006
 -1.856813961616235E-005  0.995984141138969      -2.227421556210799E-006
  2.921814648008744E-005 -3.942128362383057E-006 -6.506993954575675E-006
 -2.227421556210799E-006  0.997943971921498       7.075279821922003E-006
 -1.512909838040613E-006  1.856813961636512E-005  2.921814648008744E-005
  7.075279821922003E-006  0.995984141138969       0.997949157772047     
 -3.115814674549515E-006 -7.114450273766641E-006 -3.889526513173314E-006
 -1.909957109482247E-006 -3.115814674549515E-006  0.995984243059177     
 -1.791655736892934E-005 -5.396749314650803E-006  1.791655736913212E-005
 -7.114450273766641E-006 -1.791655736892934E-005  0.995975804028152     
 -1.902101272224447E-006  2.591855463384777E-005 -3.889526513173314E-006
 -5.396749314650803E-006 -1.902101272224447E-006  0.997944666533686     
  7.112345301092796E-006 -1.909957109482247E-006  1.791655736913212E-005
  2.591855463384777E-005  7.112345301092796E-006  0.995975804028152     
  0.997941695932629       5.370917146137842E-006  5.370917146847605E-006
  4.094046669339297E-016 -7.513629424541027E-006  5.370917146137842E-006
  0.995984141138973      -2.921814647920290E-005 -4.847858265236326E-006
  1.856813961636511E-005  5.370917146847605E-006 -2.921814647920290E-005
  0.995984141138969       4.847858270902900E-006  1.856813961704688E-005
  4.094046669339297E-016 -4.847858265236326E-006  4.847858270902900E-006
  0.997950799888112      -5.191752822223145E-015 -7.513629424541027E-006
  1.856813961636511E-005  1.856813961704688E-005 -5.191752822223145E-015
  0.995987885244317       0.997942420914508       5.204493156982378E-006
  5.204493157692129E-006  4.163438979740126E-016 -6.231629341087094E-006
  5.204493156982378E-006  0.995975804028156      -2.591855463296322E-005
 -5.210244028393482E-006  1.791655736913210E-005  5.204493157692129E-006
 -2.591855463296322E-005  0.995975804028152       5.210244034060025E-006
  1.791655736981388E-005  4.163438979740126E-016 -5.210244028393482E-006
  5.210244034060025E-006  0.997951403391225      -5.191745903975003E-015
 -6.231629341087094E-006  1.791655736913210E-005  1.791655736981388E-005
 -5.191745903975003E-015  0.995984243059172       0.000000000000000E+000
  0.000000000000000E+000  0.000000000000000E+000  0.000000000000000E+000
  0.000000000000000E+000  0.000000000000000E+000  0.000000000000000E+000
  0.000000000000000E+000  0.000000000000000E+000  0.000000000000000E+000
  0.000000000000000E+000  0.000000000000000E+000  0.000000000000000E+000
  0.000000000000000E+000  0.000000000000000E+000  0.000000000000000E+000
  0.000000000000000E+000  0.000000000000000E+000  0.000000000000000E+000
  0.000000000000000E+000  0.000000000000000E+000  0.000000000000000E+000
  0.000000000000000E+000  0.000000000000000E+000  0.000000000000000E+000
  0.000000000000000E+000  0.000000000000000E+000  0.000000000000000E+000
  0.000000000000000E+000  0.000000000000000E+000  0.000000000000000E+000
  0.000000000000000E+000  0.000000000000000E+000  0.000000000000000E+000
  0.000000000000000E+000  0.000000000000000E+000  0.000000000000000E+000
  0.000000000000000E+000  0.000000000000000E+000  0.000000000000000E+000
  0.000000000000000E+000  0.000000000000000E+000  0.000000000000000E+000
  0.000000000000000E+000  0.000000000000000E+000  0.000000000000000E+000
  0.000000000000000E+000  0.000000000000000E+000  0.000000000000000E+000
  0.000000000000000E+000  0.000000000000000E+000  0.000000000000000E+000
  0.000000000000000E+000  0.000000000000000E+000  0.000000000000000E+000
  0.000000000000000E+000  0.000000000000000E+000  0.000000000000000E+000
  0.000000000000000E+000  0.000000000000000E+000  0.000000000000000E+000
  0.000000000000000E+000  0.000000000000000E+000  0.000000000000000E+000
  0.000000000000000E+000  0.000000000000000E+000  0.000000000000000E+000
  0.000000000000000E+000  0.000000000000000E+000  0.000000000000000E+000
  0.000000000000000E+000  0.000000000000000E+000  0.000000000000000E+000
  0.000000000000000E+000  0.000000000000000E+000  0.000000000000000E+000
  0.000000000000000E+000  0.000000000000000E+000  0.000000000000000E+000
  0.000000000000000E+000  0.000000000000000E+000  0.000000000000000E+000
  0.000000000000000E+000  0.000000000000000E+000  0.000000000000000E+000
  0.000000000000000E+000  0.000000000000000E+000  0.000000000000000E+000
  0.000000000000000E+000  0.000000000000000E+000  0.000000000000000E+000
  0.000000000000000E+000  0.000000000000000E+000  0.000000000000000E+000
  0.000000000000000E+000  0.000000000000000E+000  0.000000000000000E+000
  0.000000000000000E+000  0.000000000000000E+000  0.000000000000000E+000
  0.000000000000000E+000  0.000000000000000E+000  0.000000000000000E+000
  0.000000000000000E+000  0.000000000000000E+000  0.000000000000000E+000
  0.000000000000000E+000  0.000000000000000E+000  0.000000000000000E+000
  0.000000000000000E+000  0.000000000000000E+000  0.000000000000000E+000
  0.000000000000000E+000  0.000000000000000E+000  0.000000000000000E+000
  0.000000000000000E+000  0.000000000000000E+000  0.000000000000000E+000
  0.000000000000000E+000  0.000000000000000E+000  0.000000000000000E+000
  0.000000000000000E+000  0.000000000000000E+000  0.000000000000000E+000
  0.000000000000000E+000  0.000000000000000E+000  0.000000000000000E+000
  0.000000000000000E+000  0.000000000000000E+000  0.000000000000000E+000
  0.000000000000000E+000  0.000000000000000E+000  0.000000000000000E+000
  0.000000000000000E+000  0.000000000000000E+000  0.000000000000000E+000
  0.000000000000000E+000  0.000000000000000E+000  0.000000000000000E+000
  0.000000000000000E+000  0.000000000000000E+000  0.000000000000000E+000
  0.000000000000000E+000  0.000000000000000E+000  0.000000000000000E+000
  0.000000000000000E+000  0.000000000000000E+000  0.000000000000000E+000
  0.000000000000000E+000  0.000000000000000E+000  0.000000000000000E+000
  0.000000000000000E+000  0.000000000000000E+000  0.000000000000000E+000
  0.000000000000000E+000  0.000000000000000E+000  0.000000000000000E+000
  0.000000000000000E+000  0.000000000000000E+000  0.000000000000000E+000
  0.000000000000000E+000  0.000000000000000E+000  0.000000000000000E+000
  0.000000000000000E+000  0.000000000000000E+000  0.000000000000000E+000
  0.000000000000000E+000  0.000000000000000E+000  0.000000000000000E+000
  0.000000000000000E+000  0.000000000000000E+000  0.000000000000000E+000
  0.000000000000000E+000  0.000000000000000E+000  0.000000000000000E+000
  0.000000000000000E+000  0.000000000000000E+000  0.000000000000000E+000
  0.000000000000000E+000  0.000000000000000E+000  0.000000000000000E+000
  0.000000000000000E+000  0.000000000000000E+000  0.000000000000000E+000
  0.000000000000000E+000  0.000000000000000E+000  0.000000000000000E+000
  0.000000000000000E+000  0.000000000000000E+000  0.000000000000000E+000
  0.000000000000000E+000  0.000000000000000E+000  0.000000000000000E+000
  0.000000000000000E+000  0.000000000000000E+000  0.000000000000000E+000
  0.000000000000000E+000  0.000000000000000E+000  0.000000000000000E+000
  0.000000000000000E+000  0.997938423988789      -1.769842164506577E-005
 -1.769842164435611E-005  4.232521816994263E-016 -3.590369808632796E-005
 -1.769842164506577E-005  0.995950311549207       5.217830388651845E-005
  1.323166231334871E-005  7.065186093822291E-005 -1.769842164435611E-005
  5.217830388651845E-005  0.995950311549203      -1.323166230768222E-005
  7.065186093890473E-005  4.232521816994263E-016  1.323166231334871E-005
 -1.323166230768222E-005  0.997935480520890      -5.191444180225519E-015
 -3.590369808632796E-005  7.065186093822291E-005  7.065186093890473E-005
 -5.191444180225519E-015  0.995993544413768       0.997913646810606     
 -7.307262121277583E-005 -7.307262121206595E-005  4.509158338023484E-016
 -3.315026009226471E-005 -7.307262121277583E-005  0.995846702014090     
 -6.269849333245472E-005  1.929245598825639E-005  8.759957936622162E-005
 -7.307262121206595E-005 -6.269849333245472E-005  0.995846702014086     
 -1.929245598259132E-005  8.759957936690338E-005  4.509158338023484E-016
  1.929245598825639E-005 -1.929245598259132E-005  0.997935448411490     
 -5.191341311165412E-015 -3.315026009226471E-005  8.759957936622162E-005
  8.759957936690338E-005 -5.191341311165412E-015  0.995994967608053     
  0.997969073622954       1.909230451161631E-005 -1.777407554597751E-005
  4.591956672142522E-006  7.096026808844122E-006  1.909230451161631E-005
  0.996011087670419      -2.448482205125662E-005  6.165132829773271E-006
  6.539140545459808E-005 -1.777407554597751E-005 -2.448482205125662E-005
  0.996011941985376      -1.164851291519248E-005 -4.045869538268383E-005
  4.591956672142522E-006  6.165132829773271E-006 -1.164851291519248E-005
  0.997986922279952       3.772747559752318E-006  7.096026808844122E-006
  6.539140545459808E-005 -4.045869538268383E-005  3.772747559752318E-006
  0.996072470913068       0.997950678801535       5.857761433876704E-005
 -5.391586819093154E-005  2.267318400861546E-006  1.937928887822030E-006
  5.857761433876704E-005  0.995920931641257       6.180324511665685E-005
  4.906223946477588E-006  8.252781085055069E-005 -5.391586819093154E-005
  6.180324511665685E-005  0.995933279318872      -2.179049633303621E-005
 -5.661133671258723E-005  2.267318400861546E-006  4.906223946477588E-006
 -2.179049633303621E-005  0.997986663359852       3.125857060324943E-006
  1.937928887822030E-006  8.252781085055069E-005 -5.661133671258723E-005
  3.125857060324943E-006  0.996072637126157       0.997969073622954     
 -1.777407554668732E-005  1.909230451232614E-005 -4.591956671254358E-006
  7.096026808844183E-006 -1.777407554668732E-005  0.996011941985380     
 -2.448482205125683E-005  1.164851292085972E-005 -4.045869538336582E-005
  1.909230451232614E-005 -2.448482205125683E-005  0.996011087670415     
 -6.165132824106876E-006  6.539140545528007E-005 -4.591956671254358E-006
  1.164851292085972E-005 -6.165132824106876E-006  0.997986922279952     
 -3.772747570136612E-006  7.096026808844183E-006 -4.045869538336582E-005
  6.539140545528007E-005 -3.772747570136612E-006  0.996072470913068     
  0.997950678801535      -5.391586819164117E-005  5.857761433947666E-005
 -2.267318399987261E-006  1.937928887822028E-006 -5.391586819164117E-005
  0.995933279318875       6.180324511665658E-005  2.179049633870362E-005
 -5.661133671326946E-005  5.857761433947666E-005  6.180324511665658E-005
  0.995920931641253      -4.906223940811394E-006  8.252781085123288E-005
 -2.267318399987261E-006  2.179049633870362E-005 -4.906223940811394E-006
  0.997986663359852      -3.125857070709220E-006  1.937928887822028E-006
 -5.661133671326946E-005  8.252781085123288E-005 -3.125857070709220E-006
  0.996072637126156       0.998033713863833      -5.397954285484179E-005
 -5.397954285413174E-005  4.509365501565161E-016  1.335507562999638E-005
 -5.397954285484179E-005  0.996005976001134      -6.101450754753192E-005
  2.410871642039627E-005  1.463269004435752E-004 -5.397954285413174E-005
 -6.101450754753192E-005  0.996005976001130      -2.410871641473070E-005
  1.463269004442565E-004  4.509365501565161E-016  2.410871642039627E-005
 -2.410871641473070E-005  0.997948338855661      -5.191133007105451E-015
  1.335507562999638E-005  1.463269004435752E-004  1.463269004442565E-004
 -5.191133007105451E-015  0.996023578267783       0.998028366032235     
 -4.549528932063539E-005 -4.549528931992538E-005  4.509611787503495E-016
  1.355724022683585E-005 -4.549528932063539E-005  0.995961691394492     
 -1.000370848471578E-004  2.084218863293219E-005  1.406528496355806E-004
 -4.549528931992538E-005 -1.000370848471578E-004  0.995961691394488     
 -2.084218862726708E-005  1.406528496362619E-004  4.509611787503495E-016
  2.084218863293219E-005 -2.084218862726708E-005  0.997947270873735     
 -5.191161302174670E-015  1.355724022683585E-005  1.406528496355806E-004
  1.406528496362619E-004 -5.191161302174670E-015  0.996021804533996     
  0.000000000000000E+000  0.000000000000000E+000  0.000000000000000E+000
  0.000000000000000E+000  0.000000000000000E+000  0.000000000000000E+000
  0.000000000000000E+000  0.000000000000000E+000  0.000000000000000E+000
  0.000000000000000E+000  0.000000000000000E+000  0.000000000000000E+000
  0.000000000000000E+000  0.000000000000000E+000  0.000000000000000E+000
  0.000000000000000E+000  0.000000000000000E+000  0.000000000000000E+000
  0.000000000000000E+000  0.000000000000000E+000  0.000000000000000E+000
  0.000000000000000E+000  0.000000000000000E+000  0.000000000000000E+000
  0.000000000000000E+000  0.000000000000000E+000  0.000000000000000E+000
  0.000000000000000E+000  0.000000000000000E+000  0.000000000000000E+000
  0.000000000000000E+000  0.000000000000000E+000  0.000000000000000E+000
  0.000000000000000E+000  0.000000000000000E+000  0.000000000000000E+000
  0.000000000000000E+000  0.000000000000000E+000  0.000000000000000E+000
  0.000000000000000E+000  0.000000000000000E+000  0.000000000000000E+000
  0.000000000000000E+000  0.000000000000000E+000  0.000000000000000E+000
  0.000000000000000E+000  0.000000000000000E+000  0.000000000000000E+000
  0.000000000000000E+000  0.000000000000000E+000  0.000000000000000E+000
  0.000000000000000E+000  0.000000000000000E+000  0.000000000000000E+000
  0.000000000000000E+000  0.000000000000000E+000  0.000000000000000E+000
  0.000000000000000E+000  0.000000000000000E+000  0.000000000000000E+000
  0.000000000000000E+000  0.000000000000000E+000  0.000000000000000E+000
  0.000000000000000E+000  0.000000000000000E+000  0.000000000000000E+000
  0.000000000000000E+000  0.000000000000000E+000  0.000000000000000E+000
  0.000000000000000E+000  0.000000000000000E+000  0.000000000000000E+000
  0.000000000000000E+000  0.000000000000000E+000  0.000000000000000E+000
  0.000000000000000E+000  0.000000000000000E+000  0.000000000000000E+000
  0.000000000000000E+000  0.000000000000000E+000  0.000000000000000E+000
  0.000000000000000E+000  0.000000000000000E+000  0.000000000000000E+000
  0.000000000000000E+000  0.000000000000000E+000  0.000000000000000E+000
  0.000000000000000E+000  0.000000000000000E+000  0.000000000000000E+000
  0.000000000000000E+000  0.000000000000000E+000  0.000000000000000E+000
  0.000000000000000E+000  0.000000000000000E+000  0.000000000000000E+000
  0.000000000000000E+000  0.000000000000000E+000  0.000000000000000E+000
  0.000000000000000E+000  0.000000000000000E+000  0.000000000000000E+000
  0.000000000000000E+000  0.000000000000000E+000  0.000000000000000E+000
  0.000000000000000E+000  0.000000000000000E+000  0.000000000000000E+000
  0.000000000000000E+000  0.000000000000000E+000  0.000000000000000E+000
  0.000000000000000E+000  0.000000000000000E+000  0.000000000000000E+000
  0.000000000000000E+000  0.000000000000000E+000  0.000000000000000E+000
  0.000000000000000E+000  0.000000000000000E+000  0.000000000000000E+000
  0.000000000000000E+000  0.000000000000000E+000  0.000000000000000E+000
  0.000000000000000E+000  0.000000000000000E+000  0.000000000000000E+000
  0.000000000000000E+000  0.000000000000000E+000  0.000000000000000E+000
  0.000000000000000E+000  0.000000000000000E+000  0.000000000000000E+000
  0.000000000000000E+000  0.000000000000000E+000  0.000000000000000E+000
  0.000000000000000E+000  0.000000000000000E+000  0.000000000000000E+000
  0.000000000000000E+000  0.000000000000000E+000  0.000000000000000E+000
  0.000000000000000E+000  0.000000000000000E+000  0.000000000000000E+000
  0.000000000000000E+000  0.000000000000000E+000  0.000000000000000E+000
  0.000000000000000E+000  0.000000000000000E+000  0.000000000000000E+000
  0.000000000000000E+000  0.000000000000000E+000  0.000000000000000E+000
  0.000000000000000E+000  0.000000000000000E+000  0.000000000000000E+000
  0.000000000000000E+000  0.000000000000000E+000  0.000000000000000E+000
  0.000000000000000E+000  0.000000000000000E+000  0.000000000000000E+000
  0.000000000000000E+000  0.000000000000000E+000  0.000000000000000E+000
  0.000000000000000E+000  0.000000000000000E+000  0.000000000000000E+000
  0.000000000000000E+000  0.000000000000000E+000  0.000000000000000E+000
  0.000000000000000E+000  0.000000000000000E+000  0.000000000000000E+000
  0.000000000000000E+000  0.000000000000000E+000  0.000000000000000E+000
  0.000000000000000E+000  0.000000000000000E+000  0.000000000000000E+000
  0.000000000000000E+000  0.000000000000000E+000  0.000000000000000E+000
  0.000000000000000E+000  0.000000000000000E+000  0.000000000000000E+000
  0.000000000000000E+000  0.000000000000000E+000  0.000000000000000E+000
  0.000000000000000E+000  0.000000000000000E+000  0.000000000000000E+000
  0.000000000000000E+000  0.000000000000000E+000  0.000000000000000E+000
  0.000000000000000E+000  0.000000000000000E+000  0.000000000000000E+000
  0.000000000000000E+000  0.000000000000000E+000  0.997936216387866     
 -1.795184904716966E-005  2.030816651341967E-005  1.274558987643397E-006
  2.609744875655720E-006 -1.795184904716966E-005  0.995993544413772     
 -7.065186093802007E-005 -3.109351463086772E-005  7.065186093822297E-005
  2.030816651341967E-005 -7.065186093802007E-005  0.995950311549203     
  8.711451596188757E-006 -5.217830388563387E-005  1.274558987643397E-006
 -3.109351463086772E-005  8.711451596188757E-006  0.997937688121813     
 -2.194311390906252E-005  2.609744875655720E-006  7.065186093822297E-005
 -5.217830388563387E-005 -2.194311390906252E-005  0.995950311549202     
  0.997929998011271      -1.657513005013787E-005  5.324406758684208E-005
 -9.440370104911442E-006 -1.982855361863330E-005 -1.657513005013787E-005
  0.995994967608057      -8.759957936601899E-005 -2.870896738026360E-005
  8.759957936622192E-005  5.324406758684208E-005 -8.759957936601899E-005
  0.995846702014086       5.363651829860031E-005  6.269849333333893E-005
 -9.440370104911442E-006 -2.870896738026360E-005  5.363651829860031E-005
  0.997919097210825      -7.292897428638257E-005 -1.982855361863330E-005
  8.759957936622192E-005  6.269849333333893E-005 -7.292897428638257E-005
  0.995846702014086       0.997986436866835       6.815308633723504E-006
  1.897494587234821E-005 -5.432716856448855E-006  1.488531390462871E-005
  6.815308633723504E-006  0.996072470913073       4.045869538356858E-005
  4.258965701621451E-006  6.539140545459820E-005  1.897494587234821E-005
  4.045869538356858E-005  0.996011941985376       9.568544493133207E-006
  2.448482205214127E-005 -5.432716856448855E-006  4.258965701621451E-006
  9.568544493133207E-006  0.997969559036071       1.345185430808839E-005
  1.488531390462871E-005  6.539140545459820E-005  2.448482205214127E-005
  1.345185430808839E-005  0.996011087670415       0.997979630775608     
  3.676036067241519E-006  4.582905747943850E-005 -1.444811162341214E-005
  3.353772174422016E-005  3.676036067241519E-006  0.996072637126161     
  5.661133671347212E-005  1.153671165222649E-007  8.252781085055092E-005
  4.582905747943850E-005  5.661133671347212E-005  0.995933279318871     
  3.579726335305111E-005 -6.180324511577210E-005 -1.444811162341214E-005
  1.153671165222649E-007  3.579726335305111E-005  0.997957711385780     
  4.827659013634799E-005  3.353772174422016E-005  8.252781085055092E-005
 -6.180324511577210E-005  4.827659013634799E-005  0.995920931641253     
  0.997969682607705       6.677537810992974E-006  4.786853229334940E-005
  3.696846296220857E-005 -6.111010554191332E-006  6.677537810992974E-006
  0.996023578267788      -1.463269004433722E-004  1.156583476673838E-005
  1.463269004435752E-004  4.786853229334940E-005 -1.463269004433722E-004
  0.996005976001130       3.469329718811259E-005  6.101450754841621E-005
  3.696846296220857E-005  1.156583476673838E-005  3.469329718811259E-005
  0.998012370111788      -5.880201360803472E-005 -6.111010554191332E-006
  1.463269004435752E-004  6.101450754841621E-005 -5.880201360803472E-005
  0.996005976001130       0.997967544663362       6.778620109412673E-006
  4.079750948013498E-005  3.511523369166547E-005 -4.697779833199839E-006
  6.778620109412673E-006  0.996021804534000      -1.406528496353777E-004
  1.174091444334720E-005  1.406528496355807E-004  4.079750948013498E-005
 -1.406528496353777E-004  0.995961691394488       2.897898198907386E-005
  1.000370848480421E-004  3.511523369166547E-005  1.174091444334720E-005
  2.897898198907386E-005  0.998008092242608      -4.982117062153213E-005
 -4.697779833199839E-006  1.406528496355807E-004  1.000370848480421E-004
 -4.982117062153213E-005  0.995961691394488       0.997978483364573     
  2.807181671079982E-007 -4.206990614289517E-006 -1.002467352814729E-005
  1.200870332963657E-006  2.807181671079982E-007  0.996072470913073     
 -6.539140545439555E-005  8.031713266566032E-006 -4.045869538336574E-005
 -4.206990614289517E-006 -6.539140545439555E-005  0.996011087670415     
 -1.961698713738694E-005  2.448482205214132E-005 -1.002467352814729E-005
  8.031713266566032E-006 -1.961698713738694E-005  0.997977512538333     
 -2.121705741351771E-005  1.200870332963657E-006 -4.045869538336574E-005
  2.448482205214132E-005 -2.121705741351771E-005  0.996011941985376     
  0.997975703664941      -1.738107187432149E-006 -2.503989260184853E-005
 -1.671543002379484E-005 -8.086810704899842E-006 -1.738107187432149E-006
  0.996072637126161      -8.252781085034832E-005  3.241224182039486E-006
 -5.661133671326928E-005 -2.503989260184853E-005 -8.252781085034832E-005
  0.995920931641253      -5.318281408235085E-005 -6.180324511577192E-005
 -1.671543002379484E-005  3.241224182039486E-006 -5.318281408235085E-005
  0.997961638496446      -5.758775969127920E-005 -8.086810704899842E-006
 -5.661133671326928E-005 -6.180324511577192E-005 -5.758775969127920E-005
  0.995933279318871       0.000000000000000E+000  0.000000000000000E+000
  0.000000000000000E+000  0.000000000000000E+000  0.000000000000000E+000
  0.000000000000000E+000  0.000000000000000E+000  0.000000000000000E+000
  0.000000000000000E+000  0.000000000000000E+000  0.000000000000000E+000
  0.000000000000000E+000  0.000000000000000E+000  0.000000000000000E+000
  0.000000000000000E+000  0.000000000000000E+000  0.000000000000000E+000
  0.000000000000000E+000  0.000000000000000E+000  0.000000000000000E+000
  0.000000000000000E+000  0.000000000000000E+000  0.000000000000000E+000
  0.000000000000000E+000  0.000000000000000E+000  0.000000000000000E+000
  0.000000000000000E+000  0.000000000000000E+000  0.000000000000000E+000
  0.000000000000000E+000  0.000000000000000E+000  0.000000000000000E+000
  0.000000000000000E+000  0.000000000000000E+000  0.000000000000000E+000
  0.000000000000000E+000  0.000000000000000E+000  0.000000000000000E+000
  0.000000000000000E+000  0.000000000000000E+000  0.000000000000000E+000
  0.000000000000000E+000  0.000000000000000E+000  0.000000000000000E+000
  0.000000000000000E+000  0.000000000000000E+000  0.000000000000000E+000
  0.000000000000000E+000  0.000000000000000E+000  0.000000000000000E+000
  0.000000000000000E+000  0.000000000000000E+000  0.000000000000000E+000
  0.000000000000000E+000  0.000000000000000E+000  0.000000000000000E+000
  0.000000000000000E+000  0.000000000000000E+000  0.000000000000000E+000
  0.000000000000000E+000  0.000000000000000E+000  0.000000000000000E+000
  0.000000000000000E+000  0.000000000000000E+000  0.000000000000000E+000
  0.000000000000000E+000  0.000000000000000E+000  0.000000000000000E+000
  0.000000000000000E+000  0.000000000000000E+000  0.000000000000000E+000
  0.000000000000000E+000  0.000000000000000E+000  0.000000000000000E+000
  0.000000000000000E+000  0.000000000000000E+000  0.000000000000000E+000
  0.000000000000000E+000  0.000000000000000E+000  0.000000000000000E+000
  0.000000000000000E+000  0.000000000000000E+000  0.000000000000000E+000
  0.000000000000000E+000  0.000000000000000E+000  0.000000000000000E+000
  0.000000000000000E+000  0.000000000000000E+000  0.000000000000000E+000
  0.000000000000000E+000  0.000000000000000E+000  0.000000000000000E+000
  0.000000000000000E+000  0.000000000000000E+000  0.000000000000000E+000
  0.000000000000000E+000  0.000000000000000E+000  0.000000000000000E+000
  0.000000000000000E+000  0.000000000000000E+000  0.000000000000000E+000
  0.000000000000000E+000  0.000000000000000E+000  0.000000000000000E+000
  0.000000000000000E+000  0.000000000000000E+000  0.000000000000000E+000
  0.000000000000000E+000  0.000000000000000E+000  0.000000000000000E+000
  0.000000000000000E+000  0.000000000000000E+000  0.000000000000000E+000
  0.000000000000000E+000  0.000000000000000E+000  0.000000000000000E+000
  0.000000000000000E+000  0.000000000000000E+000  0.000000000000000E+000
  0.000000000000000E+000  0.000000000000000E+000  0.000000000000000E+000
  0.000000000000000E+000  0.000000000000000E+000  0.000000000000000E+000
  0.000000000000000E+000  0.000000000000000E+000  0.000000000000000E+000
  0.000000000000000E+000  0.000000000000000E+000  0.000000000000000E+000
  0.000000000000000E+000  0.000000000000000E+000  0.000000000000000E+000
  0.000000000000000E+000  0.000000000000000E+000  0.000000000000000E+000
  0.000000000000000E+000  0.000000000000000E+000  0.000000000000000E+000
  0.000000000000000E+000  0.000000000000000E+000  0.000000000000000E+000
  0.000000000000000E+000  0.000000000000000E+000  0.000000000000000E+000
  0.000000000000000E+000  0.000000000000000E+000  0.000000000000000E+000
  0.000000000000000E+000  0.000000000000000E+000  0.000000000000000E+000
  0.000000000000000E+000  0.000000000000000E+000  0.000000000000000E+000
  0.000000000000000E+000  0.000000000000000E+000  0.000000000000000E+000
  0.000000000000000E+000  0.000000000000000E+000  0.000000000000000E+000
  0.000000000000000E+000  0.000000000000000E+000  0.000000000000000E+000
  0.000000000000000E+000  0.000000000000000E+000  0.000000000000000E+000
  0.000000000000000E+000  0.000000000000000E+000  0.000000000000000E+000
  0.000000000000000E+000  0.000000000000000E+000  0.000000000000000E+000
  0.000000000000000E+000  0.000000000000000E+000  0.000000000000000E+000
  0.000000000000000E+000  0.000000000000000E+000  0.000000000000000E+000
  0.000000000000000E+000  0.000000000000000E+000  0.000000000000000E+000
  0.000000000000000E+000  0.000000000000000E+000  0.000000000000000E+000
  0.000000000000000E+000  0.000000000000000E+000  0.000000000000000E+000
  0.000000000000000E+000  0.000000000000000E+000  0.000000000000000E+000
  0.000000000000000E+000  0.000000000000000E+000  0.000000000000000E+000
  0.000000000000000E+000  0.000000000000000E+000  0.000000000000000E+000
  0.000000000000000E+000  0.000000000000000E+000  0.000000000000000E+000
  0.997932866268407      -7.331712156380086E-006  2.745621126301872E-005
 -1.163727833407291E-005 -1.298274485817611E-005 -7.331712156380086E-006
  0.995920427765712       1.565988943333377E-005 -1.075821649088326E-005
  5.513497366872759E-005  2.745621126301872E-005  1.565988943333377E-005
  0.996004134772321      -4.755555289263492E-005 -1.565988943244902E-005
 -1.163727833407291E-005 -1.075821649088326E-005 -4.755555289263492E-005
  0.997946303839963      -9.703407360916738E-007 -1.298274485817611E-005
  5.513497366872759E-005 -1.565988943244902E-005 -9.703407360916738E-007
  0.995920427765708       0.997929835579727      -2.207380994957719E-006
  2.114857983880364E-005 -1.812995114806861E-006 -1.473143160724820E-005
 -2.207380994957719E-006  0.995916173742283       2.146055652978654E-005
 -1.573595999695745E-005  6.058265724367464E-005  2.114857983880364E-005
  2.146055652978654E-005  0.995994065560148      -3.663041479047638E-005
 -2.146055652890178E-005 -1.812995114806861E-006 -1.573595999695745E-005
 -3.663041479047638E-005  0.997931929046160       5.956331980141408E-006
 -1.473143160724820E-005  6.058265724367464E-005 -2.146055652890178E-005
  5.956331980141408E-006  0.995916173742279       0.997892191620565     
 -7.162182358011510E-006  2.899540318244953E-005 -8.525309257989557E-006
 -1.058648538801902E-005 -7.162182358011510E-006  0.995902154737617     
  1.981981489521074E-005 -8.089132465320229E-006  5.923815803419316E-005
  2.899540318244953E-005  1.981981489521074E-005  0.995940871843288     
 -5.022151149968845E-005 -1.981981489432602E-005 -8.525309257989557E-006
 -8.089132465320229E-006 -5.022151149968845E-005  0.997902035799753     
 -2.158065636787491E-006 -1.058648538801902E-005  5.923815803419316E-005
 -1.981981489432602E-005 -2.158065636787491E-006  0.995902154737613     
  0.997888163703246      -1.477847713594040E-005  1.765503683580886E-005
  4.023126297630888E-006 -7.775476451116471E-006 -1.477847713594040E-005
  0.995895734828797       9.561691231345646E-006 -4.459890922251117E-007
  6.676275088467187E-005  1.765503683580886E-005  9.561691231345646E-006
  0.995918861588225      -3.057942081086255E-005 -9.561691230460976E-006
  4.023126297630888E-006 -4.459890922251117E-007 -3.057942081086255E-005
  0.997883518197142      -1.257554208373217E-005 -7.775476451116471E-006
  6.676275088467187E-005 -9.561691230460976E-006 -1.257554208373217E-005
  0.995895734828792       0.997885730521052      -1.421902132622944E-005
  3.199788847946963E-005  3.246743423700876E-005 -1.848173992554034E-005
 -1.421902132622944E-005  0.995855652923552       2.216114108788269E-004
 -2.865639755689930E-005  1.495387454400190E-004  3.199788847946963E-005
  2.216114108788269E-004  0.995994283474301       7.264108393834881E-005
 -7.215787468400889E-005  3.246743423700876E-005 -2.865639755689930E-005
  7.264108393834881E-005  0.997930353663884       4.451775819268855E-005
 -1.848173992554034E-005  1.495387454400190E-004 -7.215787468400889E-005
  4.451775819268855E-005  0.995901460649348       0.997879126039957     
 -1.155792622867669E-005  4.041372884233347E-005  3.862332160652072E-005
 -1.425010695163530E-005 -1.155792622867669E-005  0.995852743735518     
  2.177195801483988E-004 -3.173216500264131E-005  1.467650005127130E-004
  4.041372884233347E-005  2.177195801483988E-004  0.995980753829753     
  6.476282168899045E-005 -7.790309171420263E-005  3.862332160652072E-005
 -3.173216500264131E-005  6.476282168899045E-005  0.997924427684142     
  4.033224419981044E-005 -1.425010695163530E-005  1.467650005127130E-004
 -7.790309171420263E-005  4.033224419981044E-005  0.995897596841181     
  0.997947315501022       2.931263955212126E-005 -7.890796829029114E-005
 -3.088670526910019E-006 -3.192667892780420E-005  2.931263955212126E-005
  0.995901460649352       7.215787468489394E-005 -3.826453537889607E-005
  1.495387454400191E-004 -7.890796829029114E-005  7.215787468489394E-005
  0.995994283474301       8.609557677621396E-006 -2.216114108779416E-004
 -3.088670526910019E-006 -3.826453537889607E-005  8.609557677621396E-006
  0.997868768683913       2.014165092109441E-006 -3.192667892780420E-005
  1.495387454400191E-004 -2.216114108779416E-004  2.014165092109441E-006
  0.995855652923548       0.997946551050787       2.780369459334611E-005
 -7.629311322610285E-005 -3.045265458828082E-007 -3.325982412317360E-005
  2.780369459334611E-005  0.995897596841185       7.790309171508772E-005
 -3.250707672756337E-005  1.467650005127130E-004 -7.629311322610285E-005
  7.790309171508772E-005  0.995980753829753      -2.617904995492249E-006
 -2.177195801475136E-004 -3.045265458828082E-007 -3.250707672756337E-005
 -2.617904995492249E-006  0.997857002673312       5.856624771347363E-006
 -3.325982412317360E-005  1.467650005127130E-004 -2.177195801475136E-004
  5.856624771347363E-006  0.995852743735514       0.000000000000000E+000
  0.000000000000000E+000  0.000000000000000E+000  0.000000000000000E+000
  0.000000000000000E+000  0.000000000000000E+000  0.000000000000000E+000
  0.000000000000000E+000  0.000000000000000E+000  0.000000000000000E+000
  0.000000000000000E+000  0.000000000000000E+000  0.000000000000000E+000
  0.000000000000000E+000  0.000000000000000E+000  0.000000000000000E+000
  0.000000000000000E+000  0.000000000000000E+000  0.000000000000000E+000
  0.000000000000000E+000  0.000000000000000E+000  0.000000000000000E+000
  0.000000000000000E+000  0.000000000000000E+000  0.000000000000000E+000
  0.000000000000000E+000  0.000000000000000E+000  0.000000000000000E+000
  0.000000000000000E+000  0.000000000000000E+000  0.000000000000000E+000
  0.000000000000000E+000  0.000000000000000E+000  0.000000000000000E+000
  0.000000000000000E+000  0.000000000000000E+000  0.000000000000000E+000
  0.000000000000000E+000  0.000000000000000E+000  0.000000000000000E+000
  0.000000000000000E+000  0.000000000000000E+000  0.000000000000000E+000
  0.000000000000000E+000  0.000000000000000E+000  0.000000000000000E+000
  0.000000000000000E+000  0.000000000000000E+000  0.000000000000000E+000
  0.000000000000000E+000  0.000000000000000E+000  0.000000000000000E+000
  0.000000000000000E+000  0.000000000000000E+000  0.000000000000000E+000
  0.000000000000000E+000  0.000000000000000E+000  0.000000000000000E+000
  0.000000000000000E+000  0.000000000000000E+000  0.000000000000000E+000
  0.000000000000000E+000  0.000000000000000E+000  0.000000000000000E+000
  0.000000000000000E+000  0.000000000000000E+000  0.000000000000000E+000
  0.000000000000000E+000  0.000000000000000E+000  0.000000000000000E+000
  0.000000000000000E+000  0.000000000000000E+000  0.000000000000000E+000
  0.000000000000000E+000  0.000000000000000E+000  0.000000000000000E+000
  0.000000000000000E+000  0.000000000000000E+000  0.000000000000000E+000
  0.000000000000000E+000  0.000000000000000E+000  0.000000000000000E+000
  0.000000000000000E+000  0.000000000000000E+000  0.000000000000000E+000
  0.000000000000000E+000  0.000000000000000E+000  0.000000000000000E+000
  0.000000000000000E+000  0.000000000000000E+000  0.000000000000000E+000
  0.000000000000000E+000  0.000000000000000E+000  0.000000000000000E+000
  0.000000000000000E+000  0.000000000000000E+000  0.000000000000000E+000
  0.000000000000000E+000  0.000000000000000E+000  0.000000000000000E+000
  0.000000000000000E+000  0.000000000000000E+000  0.000000000000000E+000
  0.000000000000000E+000  0.000000000000000E+000  0.000000000000000E+000
  0.000000000000000E+000  0.000000000000000E+000  0.000000000000000E+000
  0.000000000000000E+000  0.000000000000000E+000  0.000000000000000E+000
  0.000000000000000E+000  0.000000000000000E+000  0.000000000000000E+000
  0.000000000000000E+000  0.000000000000000E+000  0.000000000000000E+000
  0.000000000000000E+000  0.000000000000000E+000  0.000000000000000E+000
  0.000000000000000E+000  0.000000000000000E+000  0.000000000000000E+000
  0.000000000000000E+000  0.000000000000000E+000  0.000000000000000E+000
  0.000000000000000E+000  0.000000000000000E+000  0.000000000000000E+000
  0.000000000000000E+000  0.000000000000000E+000  0.000000000000000E+000
  0.000000000000000E+000  0.000000000000000E+000  0.000000000000000E+000
  0.000000000000000E+000  0.000000000000000E+000  0.000000000000000E+000
  0.000000000000000E+000  0.000000000000000E+000  0.000000000000000E+000
  0.000000000000000E+000  0.000000000000000E+000  0.000000000000000E+000
  0.000000000000000E+000  0.000000000000000E+000  0.000000000000000E+000
  0.000000000000000E+000  0.000000000000000E+000  0.000000000000000E+000
  0.000000000000000E+000  0.000000000000000E+000  0.000000000000000E+000
  0.000000000000000E+000  0.000000000000000E+000  0.000000000000000E+000
  0.000000000000000E+000  0.000000000000000E+000  0.000000000000000E+000
  0.000000000000000E+000  0.000000000000000E+000  0.000000000000000E+000
  0.000000000000000E+000  0.000000000000000E+000  0.000000000000000E+000
  0.000000000000000E+000  0.000000000000000E+000  0.000000000000000E+000
  0.000000000000000E+000  0.000000000000000E+000  0.000000000000000E+000
  0.000000000000000E+000  0.000000000000000E+000  0.000000000000000E+000
  0.000000000000000E+000  0.000000000000000E+000  0.000000000000000E+000
  0.000000000000000E+000  0.000000000000000E+000  0.000000000000000E+000
  0.000000000000000E+000  0.000000000000000E+000  0.000000000000000E+000
  0.000000000000000E+000  0.000000000000000E+000  0.000000000000000E+000
  0.000000000000000E+000  0.000000000000000E+000  0.000000000000000E+000
  0.000000000000000E+000  0.000000000000000E+000  0.000000000000000E+000
  0.000000000000000E+000  0.000000000000000E+000  0.000000000000000E+000
  0.000000000000000E+000  0.000000000000000E+000  0.000000000000000E+000
  0.000000000000000E+000  0.997936216387866       2.030816651270983E-005
 -1.795184904645979E-005 -1.274558986762130E-006  2.609744875655945E-006
  2.030816651270983E-005  0.995950311549207      -7.065186093802027E-005
 -8.711451590522069E-006 -5.217830388631554E-005 -1.795184904645979E-005
 -7.065186093802027E-005  0.995993544413768       3.109351463653371E-005
  7.065186093890454E-005 -1.274558986762130E-006 -8.711451590522069E-006
  3.109351463653371E-005  0.997937688121813       2.194311389867921E-005
  2.609744875655945E-006 -5.217830388631554E-005  7.065186093890454E-005
  2.194311389867921E-005  0.995950311549202       0.997929998011271     
  5.324406758613244E-005 -1.657513004942810E-005  9.440370105778914E-006
 -1.982855361863315E-005  5.324406758613244E-005  0.995846702014090     
 -8.759957936601877E-005 -5.363651829293540E-005  6.269849333265770E-005
 -1.657513004942810E-005 -8.759957936601877E-005  0.995994967608053     
  2.870896738592958E-005  8.759957936690303E-005  9.440370105778914E-006
 -5.363651829293540E-005  2.870896738592958E-005  0.997919097210825     
  7.292897427600077E-005 -1.982855361863315E-005  6.269849333265770E-005
  8.759957936690303E-005  7.292897427600077E-005  0.995846702014085     
  0.997969682607705       4.786853229263953E-005  6.677537811702784E-006
 -3.696846296130642E-005 -6.111010554191011E-006  4.786853229263953E-005
  0.996005976001134      -1.463269004433724E-004 -3.469329718244711E-005
  6.101450754773502E-005  6.677537811702784E-006 -1.463269004433724E-004
  0.996023578267784      -1.156583476107300E-005  1.463269004442564E-004
 -3.696846296130642E-005 -3.469329718244711E-005 -1.156583476107300E-005
  0.998012370111788       5.880201359765186E-005 -6.111010554191011E-006
  6.101450754773502E-005  1.463269004442564E-004  5.880201359765186E-005
  0.996005976001130       0.997967544663362       4.079750947942516E-005
  6.778620110122496E-006 -3.511523369081886E-005 -4.697779833199603E-006
  4.079750947942516E-005  0.995961691394492      -1.406528496353776E-004
 -2.897898198340887E-005  1.000370848473610E-004  6.778620110122496E-006
 -1.406528496353776E-004  0.996021804533996      -1.174091443768178E-005
  1.406528496362618E-004 -3.511523369081886E-005 -2.897898198340887E-005
 -1.174091443768178E-005  0.998008092242608       4.982117061114979E-005
 -4.697779833199603E-006  1.000370848473610E-004  1.406528496362618E-004
  4.982117061114979E-005  0.995961691394488       0.997986436866835     
  1.897494587163849E-005  6.815308634433284E-006  5.432716857316249E-006
  1.488531390462877E-005  1.897494587163849E-005  0.996011941985380     
  4.045869538356861E-005 -9.568544487466106E-006  2.448482205145951E-005
  6.815308634433284E-006  4.045869538356861E-005  0.996072470913069     
 -4.258965695954353E-006  6.539140545527992E-005  5.432716857316249E-006
 -9.568544487466106E-006 -4.258965695954353E-006  0.997969559036071     
 -1.345185431847181E-005  1.488531390462877E-005  2.448482205145951E-005
  6.539140545527992E-005 -1.345185431847181E-005  0.996011087670415     
  0.997979630775608       4.582905747872886E-005  3.676036067951272E-006
  1.444811162425877E-005  3.353772174422030E-005  4.582905747872886E-005
  0.995933279318875       5.661133671347210E-005 -3.579726334738370E-005
 -6.180324511645389E-005  3.676036067951272E-006  5.661133671347210E-005
  0.996072637126157      -1.153671108552362E-007  8.252781085123258E-005
  1.444811162425877E-005 -3.579726334738370E-005 -1.153671108552362E-007
  0.997957711385780      -4.827659014673114E-005  3.353772174422030E-005
 -6.180324511645389E-005  8.252781085123258E-005 -4.827659014673114E-005
  0.995920931641253       0.997978483364573      -4.206990614999352E-006
  2.807181678179107E-007  1.002467352901464E-005  1.200870332963593E-006
 -4.206990614999352E-006  0.996011087670419      -6.539140545439529E-005
  1.961698714305341E-005  2.448482205145942E-005  2.807181678179107E-007
 -6.539140545439529E-005  0.996072470913069      -8.031713260898691E-006
 -4.045869538268395E-005  1.002467352901464E-005  1.961698714305341E-005
 -8.031713260898691E-006  0.997977512538333       2.121705740313371E-005
  1.200870332963593E-006  2.448482205145942E-005 -4.045869538268395E-005
  2.121705740313371E-005  0.996011941985376       0.997975703664941     
 -2.503989260255827E-005 -1.738107186722180E-006  1.671543002466906E-005
 -8.086810704899873E-006 -2.503989260255827E-005  0.995920931641257     
 -8.252781085034801E-005  5.318281408801734E-005 -6.180324511645405E-005
 -1.738107186722180E-006 -8.252781085034801E-005  0.996072637126157     
 -3.241224176372118E-006 -5.661133671258749E-005  1.671543002466906E-005
  5.318281408801734E-005 -3.241224176372118E-006  0.997961638496446     
  5.758775968089528E-005 -8.086810704899873E-006 -6.180324511645405E-005
 -5.661133671258749E-005  5.758775968089528E-005  0.995933279318871     
  0.000000000000000E+000  0.000000000000000E+000  0.000000000000000E+000
  0.000000000000000E+000  0.000000000000000E+000  0.000000000000000E+000
  0.000000000000000E+000  0.000000000000000E+000  0.000000000000000E+000
  0.000000000000000E+000  0.000000000000000E+000  0.000000000000000E+000
  0.000000000000000E+000  0.000000000000000E+000  0.000000000000000E+000
  0.000000000000000E+000  0.000000000000000E+000  0.000000000000000E+000
  0.000000000000000E+000  0.000000000000000E+000  0.000000000000000E+000
  0.000000000000000E+000  0.000000000000000E+000  0.000000000000000E+000
  0.000000000000000E+000  0.000000000000000E+000  0.000000000000000E+000
  0.000000000000000E+000  0.000000000000000E+000  0.000000000000000E+000
  0.000000000000000E+000  0.000000000000000E+000  0.000000000000000E+000
  0.000000000000000E+000  0.000000000000000E+000  0.000000000000000E+000
  0.000000000000000E+000  0.000000000000000E+000  0.000000000000000E+000
  0.000000000000000E+000  0.000000000000000E+000  0.000000000000000E+000
  0.000000000000000E+000  0.000000000000000E+000  0.000000000000000E+000
  0.000000000000000E+000  0.000000000000000E+000  0.000000000000000E+000
  0.000000000000000E+000  0.000000000000000E+000  0.000000000000000E+000
  0.000000000000000E+000  0.000000000000000E+000  0.000000000000000E+000
  0.000000000000000E+000  0.000000000000000E+000  0.000000000000000E+000
  0.000000000000000E+000  0.000000000000000E+000  0.000000000000000E+000
  0.000000000000000E+000  0.000000000000000E+000  0.000000000000000E+000
  0.000000000000000E+000  0.000000000000000E+000  0.000000000000000E+000
  0.000000000000000E+000  0.000000000000000E+000  0.000000000000000E+000
  0.000000000000000E+000  0.000000000000000E+000  0.000000000000000E+000
  0.000000000000000E+000  0.000000000000000E+000  0.000000000000000E+000
  0.000000000000000E+000  0.000000000000000E+000  0.000000000000000E+000
  0.000000000000000E+000  0.000000000000000E+000  0.000000000000000E+000
  0.000000000000000E+000  0.000000000000000E+000  0.000000000000000E+000
  0.000000000000000E+000  0.000000000000000E+000  0.000000000000000E+000
  0.000000000000000E+000  0.000000000000000E+000  0.000000000000000E+000
  0.000000000000000E+000  0.000000000000000E+000  0.000000000000000E+000
  0.000000000000000E+000  0.000000000000000E+000  0.000000000000000E+000
  0.000000000000000E+000  0.000000000000000E+000  0.000000000000000E+000
  0.000000000000000E+000  0.000000000000000E+000  0.000000000000000E+000
  0.000000000000000E+000  0.000000000000000E+000  0.000000000000000E+000
  0.000000000000000E+000  0.000000000000000E+000  0.000000000000000E+000
  0.000000000000000E+000  0.000000000000000E+000  0.000000000000000E+000
  0.000000000000000E+000  0.000000000000000E+000  0.000000000000000E+000
  0.000000000000000E+000  0.000000000000000E+000  0.000000000000000E+000
  0.000000000000000E+000  0.000000000000000E+000  0.000000000000000E+000
  0.000000000000000E+000  0.000000000000000E+000  0.000000000000000E+000
  0.000000000000000E+000  0.000000000000000E+000  0.000000000000000E+000
  0.000000000000000E+000  0.000000000000000E+000  0.000000000000000E+000
  0.000000000000000E+000  0.000000000000000E+000  0.000000000000000E+000
  0.000000000000000E+000  0.000000000000000E+000  0.000000000000000E+000
  0.000000000000000E+000  0.000000000000000E+000  0.000000000000000E+000
  0.000000000000000E+000  0.000000000000000E+000  0.000000000000000E+000
  0.000000000000000E+000  0.000000000000000E+000  0.000000000000000E+000
  0.000000000000000E+000  0.000000000000000E+000  0.000000000000000E+000
  0.000000000000000E+000  0.000000000000000E+000  0.000000000000000E+000
  0.000000000000000E+000  0.000000000000000E+000  0.000000000000000E+000
  0.000000000000000E+000  0.000000000000000E+000  0.000000000000000E+000
  0.000000000000000E+000  0.000000000000000E+000  0.000000000000000E+000
  0.000000000000000E+000  0.000000000000000E+000  0.000000000000000E+000
  0.000000000000000E+000  0.000000000000000E+000  0.000000000000000E+000
  0.000000000000000E+000  0.000000000000000E+000  0.000000000000000E+000
  0.000000000000000E+000  0.000000000000000E+000  0.000000000000000E+000
  0.000000000000000E+000  0.000000000000000E+000  0.000000000000000E+000
  0.000000000000000E+000  0.000000000000000E+000  0.000000000000000E+000
  0.000000000000000E+000  0.000000000000000E+000  0.000000000000000E+000
  0.000000000000000E+000  0.000000000000000E+000  0.000000000000000E+000
  0.000000000000000E+000  0.000000000000000E+000  0.000000000000000E+000
  0.000000000000000E+000  0.000000000000000E+000  0.000000000000000E+000
  0.000000000000000E+000  0.000000000000000E+000  0.000000000000000E+000
  0.000000000000000E+000  0.000000000000000E+000  0.000000000000000E+000
  0.000000000000000E+000  0.000000000000000E+000  0.000000000000000E+000
  0.000000000000000E+000  0.000000000000000E+000  0.997932866268407     
  2.745621126230904E-005 -7.331712155670455E-006  1.163727833494027E-005
 -1.298274485817602E-005  2.745621126230904E-005  0.996004134772325     
  1.565988943333346E-005  4.755555289830224E-005 -1.565988943313082E-005
 -7.331712155670455E-006  1.565988943333346E-005  0.995920427765708     
  1.075821649654933E-005  5.513497366940937E-005  1.163727833494027E-005
  4.755555289830224E-005  1.075821649654933E-005  0.997946303839963     
  9.703407257087676E-007 -1.298274485817602E-005 -1.565988943313082E-005
  5.513497366940937E-005  9.703407257087676E-007  0.995920427765708     
  0.997929835579727       2.114857983809398E-005 -2.207380994248099E-006
  1.812995115660351E-006 -1.473143160724810E-005  2.114857983809398E-005
  0.995994065560152       2.146055652978621E-005  3.663041479614372E-005
 -2.146055652958358E-005 -2.207380994248099E-006  2.146055652978621E-005
  0.995916173742279       1.573596000262348E-005  6.058265724435640E-005
  1.812995115660351E-006  3.663041479614372E-005  1.573596000262348E-005
  0.997931929046160      -5.956331990524264E-006 -1.473143160724810E-005
 -2.146055652958358E-005  6.058265724435640E-005 -5.956331990524264E-006
  0.995916173742279       0.997885730521052       3.199788847876010E-005
 -1.421902132552008E-005 -3.246743423616212E-005 -1.848173992553999E-005
  3.199788847876010E-005  0.995994283474305       2.216114108788261E-004
 -7.264108393268003E-005 -7.215787468469057E-005 -1.421902132552008E-005
  2.216114108788261E-004  0.995855652923548       2.865639756256556E-005
  1.495387454407011E-004 -3.246743423616212E-005 -7.264108393268003E-005
  2.865639756256556E-005  0.997930353663884      -4.451775820307124E-005
 -1.848173992553999E-005 -7.215787468469057E-005  1.495387454407011E-004
 -4.451775820307124E-005  0.995901460649348       0.997879126039957     
  4.041372884162394E-005 -1.155792622796733E-005 -3.862332160565325E-005
 -1.425010695163492E-005  4.041372884162394E-005  0.995980753829756     
  2.177195801483981E-004 -6.476282168332178E-005 -7.790309171488437E-005
 -1.155792622796733E-005  2.177195801483981E-004  0.995852743735514     
  3.173216500830753E-005  1.467650005133951E-004 -3.862332160565325E-005
 -6.476282168332178E-005  3.173216500830753E-005  0.997924427684142     
 -4.033224421019314E-005 -1.425010695163492E-005 -7.790309171488437E-005
  1.467650005133951E-004 -4.033224421019314E-005  0.995897596841181     
  0.997892191620565       2.899540318173992E-005 -7.162182357301898E-006
  8.525309258863852E-006 -1.058648538801891E-005  2.899540318173992E-005
  0.995940871843292       1.981981489521050E-005  5.022151150535545E-005
 -1.981981489500788E-005 -7.162182357301898E-006  1.981981489521050E-005
  0.995902154737613       8.089132470986190E-006  5.923815803487494E-005
  8.525309258863852E-006  5.022151150535545E-005  8.089132470986190E-006
  0.997902035799753       2.158065626404861E-006 -1.058648538801891E-005
 -1.981981489500788E-005  5.923815803487494E-005  2.158065626404861E-006
  0.995902154737613       0.997888163703246       1.765503683509920E-005
 -1.477847713523074E-005 -4.023126296791305E-006 -7.775476451116322E-006
  1.765503683509920E-005  0.995918861588229       9.561691231345431E-006
  3.057942081652921E-005 -9.561691231142766E-006 -1.477847713523074E-005
  9.561691231345431E-006  0.995895734828793       4.459890978909992E-007
  6.676275088535359E-005 -4.023126296791305E-006  3.057942081652921E-005
  4.459890978909992E-007  0.997883518197142       1.257554207334972E-005
 -7.775476451116322E-006 -9.561691231142766E-006  6.676275088535359E-005
  1.257554207334972E-005  0.995895734828792       0.997947315501022     
 -7.890796829100087E-005  2.931263955283094E-005  3.088670527763482E-006
 -3.192667892780400E-005 -7.890796829100087E-005  0.995994283474305     
  7.215787468489304E-005 -8.609557671952288E-006 -2.216114108786235E-004
  2.931263955283094E-005  7.215787468489304E-005  0.995901460649348     
  3.826453538456166E-005  1.495387454407010E-004  3.088670527763482E-006
 -8.609557671952288E-006  3.826453538456166E-005  0.997868768683913     
 -2.014165102492380E-006 -3.192667892780400E-005 -2.216114108786235E-004
  1.495387454407010E-004 -2.014165102492380E-006  0.995855652923548     
  0.997946551050787      -7.629311322681250E-005  2.780369459405575E-005
  3.045265467778888E-007 -3.325982412317337E-005 -7.629311322681250E-005
  0.995980753829756       7.790309171508684E-005  2.617905001161304E-006
 -2.177195801481955E-004  2.780369459405575E-005  7.790309171508684E-005
  0.995897596841181       3.250707673322897E-005  1.467650005133949E-004
  3.045265467778888E-007  2.617905001161304E-006  3.250707673322897E-005
  0.997857002673312      -5.856624781730222E-006 -3.325982412317337E-005
 -2.177195801481955E-004  1.467650005133949E-004 -5.856624781730222E-006
  0.995852743735514       0.000000000000000E+000  0.000000000000000E+000
  0.000000000000000E+000  0.000000000000000E+000  0.000000000000000E+000
  0.000000000000000E+000  0.000000000000000E+000  0.000000000000000E+000
  0.000000000000000E+000  0.000000000000000E+000  0.000000000000000E+000
  0.000000000000000E+000  0.000000000000000E+000  0.000000000000000E+000
  0.000000000000000E+000  0.000000000000000E+000  0.000000000000000E+000
  0.000000000000000E+000  0.000000000000000E+000  0.000000000000000E+000
  0.000000000000000E+000  0.000000000000000E+000  0.000000000000000E+000
  0.000000000000000E+000  0.000000000000000E+000  0.000000000000000E+000
  0.000000000000000E+000  0.000000000000000E+000  0.000000000000000E+000
  0.000000000000000E+000  0.000000000000000E+000  0.000000000000000E+000
  0.000000000000000E+000  0.000000000000000E+000  0.000000000000000E+000
  0.000000000000000E+000  0.000000000000000E+000  0.000000000000000E+000
  0.000000000000000E+000  0.000000000000000E+000  0.000000000000000E+000
  0.000000000000000E+000  0.000000000000000E+000  0.000000000000000E+000
  0.000000000000000E+000  0.000000000000000E+000  0.000000000000000E+000
  0.000000000000000E+000  0.000000000000000E+000  0.000000000000000E+000
  0.000000000000000E+000  0.000000000000000E+000  0.000000000000000E+000
  0.000000000000000E+000  0.000000000000000E+000  0.000000000000000E+000
  0.000000000000000E+000  0.000000000000000E+000  0.000000000000000E+000
  0.000000000000000E+000  0.000000000000000E+000  0.000000000000000E+000
  0.000000000000000E+000  0.000000000000000E+000  0.000000000000000E+000
  0.000000000000000E+000  0.000000000000000E+000  0.000000000000000E+000
  0.000000000000000E+000  0.000000000000000E+000  0.000000000000000E+000
  0.000000000000000E+000  0.000000000000000E+000  0.000000000000000E+000
  0.000000000000000E+000  0.000000000000000E+000  0.000000000000000E+000
  0.000000000000000E+000  0.000000000000000E+000  0.000000000000000E+000
  0.000000000000000E+000  0.000000000000000E+000  0.000000000000000E+000
  0.000000000000000E+000  0.000000000000000E+000  0.000000000000000E+000
  0.000000000000000E+000  0.000000000000000E+000  0.000000000000000E+000
  0.000000000000000E+000  0.000000000000000E+000  0.000000000000000E+000
  0.000000000000000E+000  0.000000000000000E+000  0.000000000000000E+000
  0.000000000000000E+000  0.000000000000000E+000  0.000000000000000E+000
  0.000000000000000E+000  0.000000000000000E+000  0.000000000000000E+000
  0.000000000000000E+000  0.000000000000000E+000  0.000000000000000E+000
  0.000000000000000E+000  0.000000000000000E+000  0.000000000000000E+000
  0.000000000000000E+000  0.000000000000000E+000  0.000000000000000E+000
  0.000000000000000E+000  0.000000000000000E+000  0.000000000000000E+000
  0.000000000000000E+000  0.000000000000000E+000  0.000000000000000E+000
  0.000000000000000E+000  0.000000000000000E+000  0.000000000000000E+000
  0.000000000000000E+000  0.000000000000000E+000  0.000000000000000E+000
  0.000000000000000E+000  0.000000000000000E+000  0.000000000000000E+000
  0.000000000000000E+000  0.000000000000000E+000  0.000000000000000E+000
  0.000000000000000E+000  0.000000000000000E+000  0.000000000000000E+000
  0.000000000000000E+000  0.000000000000000E+000  0.000000000000000E+000
  0.000000000000000E+000  0.000000000000000E+000  0.000000000000000E+000
  0.000000000000000E+000  0.000000000000000E+000  0.000000000000000E+000
  0.000000000000000E+000  0.000000000000000E+000  0.000000000000000E+000
  0.000000000000000E+000  0.000000000000000E+000  0.000000000000000E+000
  0.000000000000000E+000  0.000000000000000E+000  0.000000000000000E+000
  0.000000000000000E+000  0.000000000000000E+000  0.000000000000000E+000
  0.000000000000000E+000  0.000000000000000E+000  0.000000000000000E+000
  0.000000000000000E+000  0.000000000000000E+000  0.000000000000000E+000
  0.000000000000000E+000  0.000000000000000E+000  0.000000000000000E+000
  0.000000000000000E+000  0.000000000000000E+000  0.000000000000000E+000
  0.000000000000000E+000  0.000000000000000E+000  0.000000000000000E+000
  0.000000000000000E+000  0.000000000000000E+000  0.000000000000000E+000
  0.000000000000000E+000  0.000000000000000E+000  0.000000000000000E+000
  0.000000000000000E+000  0.000000000000000E+000  0.000000000000000E+000
  0.000000000000000E+000  0.000000000000000E+000  0.000000000000000E+000
  0.000000000000000E+000  0.000000000000000E+000  0.000000000000000E+000
  0.000000000000000E+000  0.000000000000000E+000  0.000000000000000E+000
  0.000000000000000E+000  0.000000000000000E+000  0.000000000000000E+000
  0.000000000000000E+000  0.000000000000000E+000  0.000000000000000E+000
  0.000000000000000E+000  0.000000000000000E+000  0.000000000000000E+000
  0.000000000000000E+000  0.000000000000000E+000  0.000000000000000E+000
  0.000000000000000E+000  0.000000000000000E+000  0.000000000000000E+000
  0.997953022625744      -5.651032709807411E-006 -5.651032709097514E-006
  4.163371531379710E-016  5.491242253263043E-005 -5.651032709807411E-006
  0.995920427765712      -5.513497366852489E-005 -1.172855722178334E-005
 -1.565988943313093E-005 -5.651032709097514E-006 -5.513497366852489E-005
  0.995920427765708       1.172855722744967E-005 -1.565988943244897E-005
  4.163371531379710E-016 -1.172855722178334E-005  1.172855722744967E-005
  0.997926147482626      -5.191983991333268E-015  5.491242253263043E-005
 -1.565988943313093E-005 -1.565988943244897E-005 -5.191983991333268E-015
  0.996004134772321       0.997932975779380      -1.252405062030183E-005
 -1.252405061959193E-005  4.302041870526932E-016  4.229715968420031E-005
 -1.252405062030183E-005  0.995916173742283      -6.058265724347194E-005
 -9.779628011624457E-006 -2.146055652958369E-005 -1.252405061959193E-005
 -6.058265724347194E-005  0.995916173742279       9.779628017290779E-006
 -2.146055652890172E-005  4.302041870526932E-016 -9.779628011624457E-006
  9.779628017290779E-006  0.997928788846507      -5.191978807768031E-015
  4.229715968420031E-005 -2.146055652958369E-005 -2.146055652890172E-005
 -5.191978807768031E-015  0.995994065560148       0.997891080255333     
 -4.779437948567251E-005 -1.770765760887640E-005 -3.555610476349565E-005
 -4.691007980422670E-005 -4.779437948567251E-005  0.995901460649352     
 -1.495387454398164E-004  6.253222818984102E-006 -7.215787468469100E-005
 -1.770765760887640E-005 -1.495387454398164E-004  0.995855652923548     
  2.664223246526510E-005 -2.216114108779414E-004 -3.555610476349565E-005
  6.253222818984102E-006  2.664223246526510E-005  0.997925003929603     
  6.403152625553483E-005 -4.691007980422670E-005 -7.215787468469100E-005
 -2.216114108779414E-004  6.403152625553483E-005  0.995994283474301     
  0.997879653495408      -4.205380155299231E-005 -2.170189790179849E-005
 -3.892784815196648E-005 -3.587938437717459E-005 -4.205380155299231E-005
  0.995897596841185      -1.467650005125104E-004  7.825167477438717E-006
 -7.790309171488475E-005 -2.170189790179849E-005 -1.467650005125104E-004
  0.995852743735514       2.587554023176920E-005 -2.177195801475134E-004
 -3.892784815196648E-005  7.825167477438717E-006  2.587554023176920E-005
  0.997923900228691       6.738072667929017E-005 -3.587938437717459E-005
 -7.790309171488475E-005 -2.177195801475134E-004  6.738072667929017E-005
  0.995980753829752       0.997891080255333      -1.770765760958627E-005
 -4.779437948496262E-005  3.555610476438376E-005 -4.691007980422665E-005
 -1.770765760958627E-005  0.995855652923552      -1.495387454398167E-004
 -2.664223245959799E-005 -2.216114108786238E-004 -4.779437948496262E-005
 -1.495387454398167E-004  0.995901460649348      -6.253222813318047E-006
 -7.215787468400857E-005  3.555610476438376E-005 -2.664223245959799E-005
 -6.253222813318047E-006  0.997925003929603      -6.403152626592019E-005
 -4.691007980422665E-005 -2.216114108786238E-004 -7.215787468400857E-005
 -6.403152626592019E-005  0.995994283474301       0.997879653495408     
 -2.170189790250837E-005 -4.205380155228242E-005  3.892784815285460E-005
 -3.587938437717457E-005 -2.170189790250837E-005  0.995852743735518     
 -1.467650005125106E-004 -2.587554022610213E-005 -2.177195801481957E-004
 -4.205380155228242E-005 -1.467650005125106E-004  0.995897596841181     
 -7.825167471772636E-006 -7.790309171420237E-005  3.892784815285460E-005
 -2.587554022610213E-005 -7.825167471772636E-006  0.997923900228691     
 -6.738072668967547E-005 -3.587938437717457E-005 -2.177195801481957E-004
 -7.790309171420237E-005 -6.738072668967547E-005  0.995980753829752     
  0.997906957889351      -3.424303038018735E-006 -3.424303037308838E-006
  4.302146598187475E-016  5.799080637149170E-005 -3.424303038018735E-006
  0.995902154737617      -5.923815803399045E-005 -1.024719809691625E-005
 -1.981981489500791E-005 -3.424303037308838E-006 -5.923815803399045E-005
  0.995902154737613       1.024719810258249E-005 -1.981981489432604E-005
  4.302146598187475E-016 -1.024719809691625E-005  1.024719810258249E-005
  0.997887269530968      -5.191710960469324E-015  5.799080637149170E-005
 -1.981981489500791E-005 -1.981981489432604E-005 -5.191710960469324E-015
  0.995940871843288       0.997881195444093       7.003000676812917E-006
  7.003000677522737E-006  4.232907776056705E-016  3.531007367821006E-005
  7.003000676812917E-006  0.995895734828797      -6.676275088446917E-005
 -1.302153117076596E-005 -9.561691231142785E-006  7.003000677522737E-006
 -6.676275088446917E-005  0.995895734828793       1.302153117643204E-005
 -9.561691230461008E-006  4.232907776056705E-016 -1.302153117076596E-005
  1.302153117643204E-005  0.997890486456294      -5.191575080723277E-015
  3.531007367821006E-005 -9.561691231142785E-006 -9.561691230461008E-006
 -5.191575080723277E-015  0.995918861588225       0.000000000000000E+000
  0.000000000000000E+000  0.000000000000000E+000  0.000000000000000E+000
  0.000000000000000E+000  0.000000000000000E+000  0.000000000000000E+000
  0.000000000000000E+000  0.000000000000000E+000  0.000000000000000E+000
  0.000000000000000E+000  0.000000000000000E+000  0.000000000000000E+000
  0.000000000000000E+000  0.000000000000000E+000  0.000000000000000E+000
  0.000000000000000E+000  0.000000000000000E+000  0.000000000000000E+000
  0.000000000000000E+000  0.000000000000000E+000  0.000000000000000E+000
  0.000000000000000E+000  0.000000000000000E+000  0.000000000000000E+000
  0.000000000000000E+000  0.000000000000000E+000  0.000000000000000E+000
  0.000000000000000E+000  0.000000000000000E+000  0.000000000000000E+000
  0.000000000000000E+000  0.000000000000000E+000  0.000000000000000E+000
  0.000000000000000E+000  0.000000000000000E+000  0.000000000000000E+000
  0.000000000000000E+000  0.000000000000000E+000  0.000000000000000E+000
  0.000000000000000E+000  0.000000000000000E+000  0.000000000000000E+000
  0.000000000000000E+000  0.000000000000000E+000  0.000000000000000E+000
  0.000000000000000E+000  0.000000000000000E+000  0.000000000000000E+000
  0.000000000000000E+000  0.000000000000000E+000  0.000000000000000E+000
  0.000000000000000E+000  0.000000000000000E+000  0.000000000000000E+000
  0.000000000000000E+000  0.000000000000000E+000  0.000000000000000E+000
  0.000000000000000E+000  0.000000000000000E+000  0.000000000000000E+000
  0.000000000000000E+000  0.000000000000000E+000  0.000000000000000E+000
  0.000000000000000E+000  0.000000000000000E+000  0.000000000000000E+000
  0.000000000000000E+000  0.000000000000000E+000  0.000000000000000E+000
  0.000000000000000E+000  0.000000000000000E+000  0.000000000000000E+000
  0.000000000000000E+000  0.000000000000000E+000  0.000000000000000E+000
  0.000000000000000E+000  0.000000000000000E+000  0.000000000000000E+000
  0.000000000000000E+000  0.000000000000000E+000  0.000000000000000E+000
  0.000000000000000E+000  0.000000000000000E+000  0.000000000000000E+000
  0.000000000000000E+000  0.000000000000000E+000  0.000000000000000E+000
  0.000000000000000E+000  0.000000000000000E+000  0.000000000000000E+000
  0.000000000000000E+000  0.000000000000000E+000  0.000000000000000E+000
  0.000000000000000E+000  0.000000000000000E+000  0.000000000000000E+000
  0.000000000000000E+000  0.000000000000000E+000  0.000000000000000E+000
  0.000000000000000E+000  0.000000000000000E+000  0.000000000000000E+000
  0.000000000000000E+000  0.000000000000000E+000  0.000000000000000E+000
  0.000000000000000E+000  0.000000000000000E+000  0.000000000000000E+000
  0.000000000000000E+000  0.000000000000000E+000  0.000000000000000E+000
  0.000000000000000E+000  0.000000000000000E+000  0.000000000000000E+000
  0.000000000000000E+000  0.000000000000000E+000  0.000000000000000E+000
  0.000000000000000E+000  0.000000000000000E+000  0.000000000000000E+000
  0.000000000000000E+000  0.000000000000000E+000  0.000000000000000E+000
  0.000000000000000E+000  0.000000000000000E+000  0.000000000000000E+000
  0.000000000000000E+000  0.000000000000000E+000  0.000000000000000E+000
  0.000000000000000E+000  0.000000000000000E+000  0.000000000000000E+000
  0.000000000000000E+000  0.000000000000000E+000  0.000000000000000E+000
  0.000000000000000E+000  0.000000000000000E+000  0.000000000000000E+000
  0.000000000000000E+000  0.000000000000000E+000  0.000000000000000E+000
  0.000000000000000E+000  0.000000000000000E+000  0.000000000000000E+000
  0.000000000000000E+000  0.000000000000000E+000  0.000000000000000E+000
  0.000000000000000E+000  0.000000000000000E+000  0.000000000000000E+000
  0.000000000000000E+000  0.000000000000000E+000  0.000000000000000E+000
  0.000000000000000E+000  0.000000000000000E+000  0.000000000000000E+000
  0.000000000000000E+000  0.000000000000000E+000  0.000000000000000E+000
  0.000000000000000E+000  0.000000000000000E+000  0.000000000000000E+000
  0.000000000000000E+000  0.000000000000000E+000  0.000000000000000E+000
  0.000000000000000E+000  0.000000000000000E+000  0.000000000000000E+000
  0.000000000000000E+000  0.000000000000000E+000  0.000000000000000E+000
  0.000000000000000E+000  0.000000000000000E+000  0.000000000000000E+000
  0.000000000000000E+000  0.000000000000000E+000  0.000000000000000E+000
  0.000000000000000E+000  0.000000000000000E+000  0.000000000000000E+000
  0.000000000000000E+000  0.000000000000000E+000  0.000000000000000E+000
  0.000000000000000E+000  0.000000000000000E+000  0.000000000000000E+000
  0.000000000000000E+000  0.000000000000000E+000  0.000000000000000E+000
  0.000000000000000E+000  0.000000000000000E+000  0.000000000000000E+000
  0.000000000000000E+000  0.000000000000000E+000  0.000000000000000E+000
  0.000000000000000E+000  0.000000000000000E+000  0.000000000000000E+000
  0.000000000000000E+000  0.989155787919358      -2.168638840713259E-003
 -2.168638840712559E-003  4.583183355397558E-016 -4.337277681418630E-003
 -2.168638840713259E-003  0.980619535778534      -8.380895303016774E-004
 -3.756192655374129E-003  8.380895303018851E-004 -2.168638840712559E-003
 -8.380895303016774E-004  0.980619535778530       3.756192655379700E-003
  8.380895303025433E-004  4.583183355397558E-016 -3.756192655374129E-003
  3.756192655379700E-003  0.989155787919357      -5.121340325034305E-015
 -4.337277681418630E-003  8.380895303018851E-004  8.380895303025433E-004
 -5.121340325034305E-015  0.980619535778530       0.989092557823439     
 -2.208015019478382E-003 -2.208015019477683E-003  4.304629937478446E-016
 -4.416030038948919E-003 -2.208015019478382E-003  0.978666568684619     
 -2.913630629990211E-003 -3.824394197603283E-003  2.913630629990423E-003
 -2.208015019477683E-003 -2.913630629990211E-003  0.978666568684615     
  3.824394197608813E-003  2.913630629991069E-003  4.304629937478446E-016
 -3.824394197603283E-003  3.824394197608813E-003  0.989092557823437     
 -5.102239985586025E-015 -4.416030038948919E-003  2.913630629990423E-003
  2.913630629991069E-003 -5.102239985586025E-015  0.978666568684615     
  0.998227191537323       7.968223791619745E-005 -8.817702251897360E-005
 -1.277566971334692E-005  2.002196372376118E-004  7.968223791619745E-005
  0.996326107167238      -4.929489532737505E-004  1.851891614012067E-004
 -6.188083425605125E-004 -8.817702251897360E-005 -4.929489532737505E-004
  0.996433476438241       1.527270830612657E-004  4.929489532746331E-004
 -1.277566971334692E-005  1.851891614012067E-004  1.527270830612657E-004
  0.998241943610017      -2.358773843565371E-005  2.002196372376118E-004
 -6.188083425605125E-004  4.929489532746331E-004 -2.358773843565371E-005
  0.996326107167234       0.998311748517890       1.584745271891157E-004
 -1.463956755662339E-004 -1.221795885193721E-005  2.911856309829084E-004
  1.584745271891157E-004  0.996315440904138      -3.590836652706614E-004
  2.447368939313182E-004 -3.192711693111629E-004 -1.463956755662339E-004
 -3.590836652706614E-004  0.996574504000413       2.535647480873449E-004
  3.590836652715444E-004 -1.221795885193721E-005  2.447368939313182E-004
  2.535647480873449E-004  0.998325856601552       1.487451943196975E-005
  2.911856309829084E-004 -3.192711693111629E-004  3.590836652715444E-004
  1.487451943196975E-005  0.996315440904134       0.998227191537323     
 -8.817702251968484E-005  7.968223791690826E-005  1.277566971418649E-005
  2.002196372376103E-004 -8.817702251968484E-005  0.996433476438244     
 -4.929489532737483E-004 -1.527270830556035E-004  4.929489532739520E-004
  7.968223791690826E-005 -4.929489532737483E-004  0.996326107167234     
 -1.851891613955352E-004 -6.188083425598304E-004  1.277566971418649E-005
 -1.527270830556035E-004 -1.851891613955352E-004  0.998241943610017     
  2.358773842526596E-005  2.002196372376103E-004  4.929489532739520E-004
 -6.188083425598304E-004  2.358773842526596E-005  0.996326107167234     
  0.998311748517890      -1.463956755669453E-004  1.584745271898265E-004
  1.221795885281153E-005  2.911856309829073E-004 -1.463956755669453E-004
  0.996574504000417      -3.590836652706605E-004 -2.535647480816805E-004
  3.590836652708642E-004  1.584745271898265E-004 -3.590836652706605E-004
  0.996315440904134      -2.447368939256481E-004 -3.192711693104807E-004
  1.221795885281153E-005 -2.535647480816805E-004 -2.447368939256481E-004
  0.998325856601553      -1.487451944235677E-005  2.911856309829073E-004
  3.590836652708642E-004 -3.192711693104807E-004 -1.487451944235677E-005
  0.996315440904134       0.998249319646368       1.205373993133985E-004
  1.205373993141069E-004  4.371703171605225E-016 -1.763540450313595E-004
  1.205373993133985E-004  0.996326107167238       6.188083425607161E-004
  1.616014229707453E-004  4.929489532739519E-004  1.205373993141069E-004
  6.188083425607161E-004  0.996326107167234      -1.616014229650767E-004
  4.929489532746336E-004  4.371703171605225E-016  1.616014229707453E-004
 -1.616014229650767E-004  0.998219815500972      -5.190931797633762E-015
 -1.763540450313595E-004  4.929489532739519E-004  4.929489532746336E-004
 -5.190931797633762E-015  0.996433476438240       0.998332910643387     
  1.327111037857783E-004  1.327111037864866E-004  4.579319360524520E-016
 -2.927913511258774E-004  1.327111037857783E-004  0.996315440904138     
  3.192711693113659E-004  2.596114133684803E-004  3.590836652708633E-004
  1.327111037864866E-004  3.192711693113659E-004  0.996315440904134     
 -2.596114133628124E-004  3.590836652715459E-004  4.579319360524520E-016
  2.596114133684803E-004 -2.596114133628124E-004  0.998304694476055     
 -5.192209175652936E-015 -2.927913511258774E-004  3.590836652708633E-004
  3.590836652715459E-004 -5.192209175652936E-015  0.996574504000413     
  0.000000000000000E+000  0.000000000000000E+000  0.000000000000000E+000
  0.000000000000000E+000  0.000000000000000E+000  0.000000000000000E+000
  0.000000000000000E+000  0.000000000000000E+000  0.000000000000000E+000
  0.000000000000000E+000  0.000000000000000E+000  0.000000000000000E+000
  0.000000000000000E+000  0.000000000000000E+000  0.000000000000000E+000
  0.000000000000000E+000  0.000000000000000E+000  0.000000000000000E+000
  0.000000000000000E+000  0.000000000000000E+000  0.000000000000000E+000
  0.000000000000000E+000  0.000000000000000E+000  0.000000000000000E+000
  0.000000000000000E+000  0.000000000000000E+000  0.000000000000000E+000
  0.000000000000000E+000  0.000000000000000E+000  0.000000000000000E+000
  0.000000000000000E+000  0.000000000000000E+000  0.000000000000000E+000
  0.000000000000000E+000  0.000000000000000E+000  0.000000000000000E+000
  0.000000000000000E+000  0.000000000000000E+000  0.000000000000000E+000
  0.000000000000000E+000  0.000000000000000E+000  0.000000000000000E+000
  0.000000000000000E+000  0.000000000000000E+000  0.000000000000000E+000
  0.000000000000000E+000  0.000000000000000E+000  0.000000000000000E+000
  0.000000000000000E+000  0.000000000000000E+000  0.000000000000000E+000
  0.000000000000000E+000  0.000000000000000E+000  0.000000000000000E+000
  0.000000000000000E+000  0.000000000000000E+000  0.000000000000000E+000
  0.000000000000000E+000  0.000000000000000E+000  0.000000000000000E+000
  0.000000000000000E+000  0.000000000000000E+000  0.000000000000000E+000
  0.000000000000000E+000  0.000000000000000E+000  0.000000000000000E+000
  0.000000000000000E+000  0.000000000000000E+000  0.000000000000000E+000
  0.000000000000000E+000  0.000000000000000E+000  0.000000000000000E+000
  0.000000000000000E+000  0.000000000000000E+000  0.000000000000000E+000
  0.000000000000000E+000  0.000000000000000E+000  0.000000000000000E+000
  0.000000000000000E+000  0.000000000000000E+000  0.000000000000000E+000
  0.000000000000000E+000  0.000000000000000E+000  0.000000000000000E+000
  0.000000000000000E+000  0.000000000000000E+000  0.000000000000000E+000
  0.000000000000000E+000  0.000000000000000E+000  0.000000000000000E+000
  0.000000000000000E+000  0.000000000000000E+000  0.000000000000000E+000
  0.000000000000000E+000  0.000000000000000E+000  0.000000000000000E+000
  0.000000000000000E+000  0.000000000000000E+000  0.000000000000000E+000
  0.000000000000000E+000  0.000000000000000E+000  0.000000000000000E+000
  0.000000000000000E+000  0.000000000000000E+000  0.000000000000000E+000
  0.000000000000000E+000  0.000000000000000E+000  0.000000000000000E+000
  0.000000000000000E+000  0.000000000000000E+000  0.000000000000000E+000
  0.000000000000000E+000  0.000000000000000E+000  0.000000000000000E+000
  0.000000000000000E+000  0.000000000000000E+000  0.000000000000000E+000
  0.000000000000000E+000  0.000000000000000E+000  0.000000000000000E+000
  0.000000000000000E+000  0.000000000000000E+000  0.000000000000000E+000
  0.000000000000000E+000  0.000000000000000E+000  0.000000000000000E+000
  0.000000000000000E+000  0.000000000000000E+000  0.000000000000000E+000
  0.000000000000000E+000  0.000000000000000E+000  0.000000000000000E+000
  0.000000000000000E+000  0.000000000000000E+000  0.000000000000000E+000
  0.000000000000000E+000  0.000000000000000E+000  0.000000000000000E+000
  0.000000000000000E+000  0.000000000000000E+000  0.000000000000000E+000
  0.000000000000000E+000  0.000000000000000E+000  0.000000000000000E+000
  0.000000000000000E+000  0.000000000000000E+000  0.000000000000000E+000
  0.000000000000000E+000  0.000000000000000E+000  0.000000000000000E+000
