  0.997938566708628       4.357465078974004E-007  4.357465086071426E-007
  4.510283522725535E-016  8.714930238068104E-007  4.357465078974004E-007
  0.995965224802198       2.112236108415393E-006  7.547350995367392E-007
 -2.112236108212673E-006  4.357465086071426E-007  2.112236108415393E-006
  0.995965224802194      -7.547350938699324E-007 -2.112236107530777E-006
  4.510283522725535E-016  7.547350995367392E-007 -7.547350938699324E-007
  0.997938566708625      -5.191759236250505E-015  8.714930238068104E-007
 -2.112236108212673E-006 -2.112236107530777E-006 -5.191759236250505E-015
  0.995965224802194       0.997938565393922       4.360359789888837E-007
  4.360359796986259E-007  4.163338826693700E-016  8.720719659897771E-007
  4.360359789888837E-007  0.995965222371753       2.113794861095373E-006
  7.552364781745108E-007 -2.113794860892653E-006  4.360359796986259E-007
  2.113794861095373E-006  0.995965222371749      -7.552364725077040E-007
 -2.113794860210757E-006  4.163338826693700E-016  7.552364781745108E-007
 -7.552364725077040E-007  0.997938565393920      -5.191759204730740E-015
  8.720719659897771E-007 -2.113794860892653E-006 -2.113794860210757E-006
 -5.191759204730740E-015  0.995965222371749       0.997940041742771     
 -1.151156620186736E-005  4.013829811136334E-006  2.405383940674848E-006
 -1.400879876737517E-005 -1.151156620186736E-005  0.995959498850949     
 -1.727498647556871E-005 -9.529761633906100E-006 -2.403755160939500E-006
  4.013829811136334E-006 -1.727498647556871E-005  0.995973208459428     
 -6.952157167564332E-006  1.727498647645327E-005  2.405383940674848E-006
 -9.529761633906100E-006 -6.952157167564332E-006  0.997937264244638     
 -5.204427952083334E-006 -1.400879876737517E-005 -2.403755160939500E-006
  1.727498647645327E-005 -5.204427952083334E-006  0.995959498850944     
  0.997940043015457      -1.151132431103316E-005  4.015510282883718E-006
  2.405687828520291E-006 -1.400905404133197E-005 -1.151132431103316E-005
  0.995959501403962      -1.727447833182796E-005 -9.530196054619695E-006
 -2.404368967577454E-006  4.015510282883718E-006 -1.727447833182796E-005
  0.995973211070439      -6.955067830011485E-006  1.727447833271252E-005
  2.405687828520291E-006 -9.530196054619695E-006 -6.955067830011485E-006
  0.997937265166425      -5.204001258119175E-006 -1.400905404133197E-005
 -2.404368967577454E-006  1.727447833271252E-005 -5.204001258119175E-006
  0.995959501403958       0.997940041742771       4.013829810426582E-006
 -1.151156620115761E-005 -2.405383939828309E-006 -1.400879876737516E-005
  4.013829810426582E-006  0.995973208459432      -1.727498647556870E-005
  6.952157173230946E-006  1.727498647577145E-005 -1.151156620115761E-005
 -1.727498647556870E-005  0.995959498850945       9.529761639572747E-006
 -2.403755160257695E-006 -2.405383939828309E-006  6.952157173230946E-006
  9.529761639572747E-006  0.997937264244638       5.204427941699964E-006
 -1.400879876737516E-005  1.727498647577145E-005 -2.403755160257695E-006
  5.204427941699964E-006  0.995959498850945       0.997940043015457     
  4.015510282173966E-006 -1.151132431032341E-005 -2.405687827652936E-006
 -1.400905404133196E-005  4.015510282173966E-006  0.995973211070443     
 -1.727447833182795E-005  6.955067835678097E-006  1.727447833203070E-005
 -1.151132431032341E-005 -1.727447833182795E-005  0.995959501403958     
  9.530196060286342E-006 -2.404368966895648E-006 -2.405687827652936E-006
  6.955067835678097E-006  9.530196060286342E-006  0.997937265166425     
  5.204001247735804E-006 -1.400905404133196E-005  1.727447833203070E-005
 -2.404368966895648E-006  5.204001247735804E-006  0.995959501403958     
  0.997935875495575      -2.497232573519670E-006 -2.497232572809891E-006
  4.371580303704294E-016  8.027659628864981E-006 -2.497232573519670E-006
  0.995959498850949       2.403755161142276E-006 -1.473418958079776E-005
  1.727498647577146E-005 -2.497232572809891E-006  2.403755161142276E-006
  0.995959498850945       1.473418958646438E-005  1.727498647645326E-005
  4.371580303704294E-016 -1.473418958079776E-005  1.473418958646438E-005
  0.997941430491834      -5.191704700059042E-015  8.027659628864981E-006
  1.727498647577146E-005  1.727498647645326E-005 -5.191704700059042E-015
  0.995973208459428       0.997935876241912      -2.497729738310676E-006
 -2.497729737600897E-006  4.163413480978140E-016  8.031020572359745E-006
 -2.497729738310676E-006  0.995959501403962       2.404368967780229E-006
 -1.473419730754719E-005  1.727447833203071E-005 -2.497729737600897E-006
  2.404368967780229E-006  0.995959501403958       1.473419731321382E-005
  1.727447833271251E-005  4.163413480978140E-016 -1.473419730754719E-005
  1.473419731321382E-005  0.997941431939970      -5.191704700806544E-015
  8.031020572359745E-006  1.727447833203071E-005  1.727447833271251E-005
 -5.191704700806544E-015  0.995973211070439       0.000000000000000E+000
  0.000000000000000E+000  0.000000000000000E+000  0.000000000000000E+000
  0.000000000000000E+000  0.000000000000000E+000  0.000000000000000E+000
  0.000000000000000E+000  0.000000000000000E+000  0.000000000000000E+000
  0.000000000000000E+000  0.000000000000000E+000  0.000000000000000E+000
  0.000000000000000E+000  0.000000000000000E+000  0.000000000000000E+000
  0.000000000000000E+000  0.000000000000000E+000  0.000000000000000E+000
  0.000000000000000E+000  0.000000000000000E+000  0.000000000000000E+000
  0.000000000000000E+000  0.000000000000000E+000  0.000000000000000E+000
  0.000000000000000E+000  0.000000000000000E+000  0.000000000000000E+000
  0.000000000000000E+000  0.000000000000000E+000  0.000000000000000E+000
  0.000000000000000E+000  0.000000000000000E+000  0.000000000000000E+000
  0.000000000000000E+000  0.000000000000000E+000  0.000000000000000E+000
  0.000000000000000E+000  0.000000000000000E+000  0.000000000000000E+000
  0.000000000000000E+000  0.000000000000000E+000  0.000000000000000E+000
  0.000000000000000E+000  0.000000000000000E+000  0.000000000000000E+000
  0.000000000000000E+000  0.000000000000000E+000  0.000000000000000E+000
  0.000000000000000E+000  0.000000000000000E+000  0.000000000000000E+000
  0.000000000000000E+000  0.000000000000000E+000  0.000000000000000E+000
  0.000000000000000E+000  0.000000000000000E+000  0.000000000000000E+000
  0.000000000000000E+000  0.000000000000000E+000  0.000000000000000E+000
  0.000000000000000E+000  0.000000000000000E+000  0.000000000000000E+000
  0.000000000000000E+000  0.000000000000000E+000  0.000000000000000E+000
  0.000000000000000E+000  0.000000000000000E+000  0.000000000000000E+000
  0.000000000000000E+000  0.000000000000000E+000  0.000000000000000E+000
  0.000000000000000E+000  0.000000000000000E+000  0.000000000000000E+000
  0.000000000000000E+000  0.000000000000000E+000  0.000000000000000E+000
  0.000000000000000E+000  0.000000000000000E+000  0.000000000000000E+000
  0.000000000000000E+000  0.000000000000000E+000  0.000000000000000E+000
  0.000000000000000E+000  0.000000000000000E+000  0.000000000000000E+000
  0.000000000000000E+000  0.000000000000000E+000  0.000000000000000E+000
  0.000000000000000E+000  0.000000000000000E+000  0.000000000000000E+000
  0.000000000000000E+000  0.000000000000000E+000  0.000000000000000E+000
  0.000000000000000E+000  0.000000000000000E+000  0.000000000000000E+000
  0.000000000000000E+000  0.000000000000000E+000  0.000000000000000E+000
  0.000000000000000E+000  0.000000000000000E+000  0.000000000000000E+000
  0.000000000000000E+000  0.000000000000000E+000  0.000000000000000E+000
  0.000000000000000E+000  0.000000000000000E+000  0.000000000000000E+000
  0.000000000000000E+000  0.000000000000000E+000  0.000000000000000E+000
  0.000000000000000E+000  0.000000000000000E+000  0.000000000000000E+000
  0.000000000000000E+000  0.000000000000000E+000  0.000000000000000E+000
  0.000000000000000E+000  0.000000000000000E+000  0.000000000000000E+000
  0.000000000000000E+000  0.000000000000000E+000  0.000000000000000E+000
  0.000000000000000E+000  0.000000000000000E+000  0.000000000000000E+000
  0.000000000000000E+000  0.000000000000000E+000  0.000000000000000E+000
  0.000000000000000E+000  0.000000000000000E+000  0.000000000000000E+000
  0.000000000000000E+000  0.000000000000000E+000  0.000000000000000E+000
  0.000000000000000E+000  0.000000000000000E+000  0.000000000000000E+000
  0.000000000000000E+000  0.000000000000000E+000  0.000000000000000E+000
  0.000000000000000E+000  0.000000000000000E+000  0.000000000000000E+000
  0.000000000000000E+000  0.000000000000000E+000  0.000000000000000E+000
  0.000000000000000E+000  0.000000000000000E+000  0.000000000000000E+000
  0.000000000000000E+000  0.000000000000000E+000  0.000000000000000E+000
  0.000000000000000E+000  0.000000000000000E+000  0.000000000000000E+000
  0.000000000000000E+000  0.000000000000000E+000  0.000000000000000E+000
  0.000000000000000E+000  0.000000000000000E+000  0.000000000000000E+000
  0.000000000000000E+000  0.000000000000000E+000  0.000000000000000E+000
  0.000000000000000E+000  0.000000000000000E+000  0.000000000000000E+000
  0.000000000000000E+000  0.000000000000000E+000  0.000000000000000E+000
  0.000000000000000E+000  0.000000000000000E+000  0.000000000000000E+000
  0.000000000000000E+000  0.000000000000000E+000  0.000000000000000E+000
  0.000000000000000E+000  0.000000000000000E+000  0.000000000000000E+000
  0.000000000000000E+000  0.000000000000000E+000  0.000000000000000E+000
  0.000000000000000E+000  0.000000000000000E+000  0.000000000000000E+000
  0.000000000000000E+000  0.000000000000000E+000  0.000000000000000E+000
  0.000000000000000E+000  0.000000000000000E+000  0.000000000000000E+000
  0.000000000000000E+000  0.000000000000000E+000  0.000000000000000E+000
  0.000000000000000E+000  0.997934542942503      -1.391001684155385E-005
 -1.391001684084405E-005  4.510213024756786E-016 -8.899354952298196E-006
 -1.391001684155385E-005  0.995943977371017      -3.026475888200992E-005
  9.965721428005332E-007 -4.560509849470997E-006 -1.391001684084405E-005
 -3.026475888200992E-005  0.995943977371013      -9.965721371339650E-007
 -4.560509848789163E-006  4.510213024756786E-016  9.965721428005332E-007
 -9.965721371339650E-007  0.997912290343236      -5.191620451374383E-015
 -8.899354952298196E-006 -4.560509849470997E-006 -4.560509848789163E-006
 -5.191620451374383E-015  0.995933501448328       0.997934543320456     
 -1.390923702407660E-005 -1.390923702336680E-005  4.163268336081283E-016
 -8.899667885605674E-006 -1.390923702407660E-005  0.995943977307937     
 -3.026605632674455E-005  9.969680567408405E-007 -4.561138371775373E-006
 -1.390923702336680E-005 -3.026605632674455E-005  0.995943977307933     
 -9.969680510742714E-007 -4.561138371093538E-006  4.163268336081283E-016
  9.969680567408405E-007 -9.969680510742714E-007  0.997912291284217     
 -5.191620611095634E-015 -8.899667885605674E-006 -4.561138371775373E-006
 -4.561138371093538E-006 -5.191620611095634E-015  0.995933502337291     
  0.997927906576138       4.838634783024972E-006 -2.119304754373062E-005
  3.053025109479858E-006  2.306228695948719E-005  4.838634783024972E-006
  0.995929759302043       4.774384054757618E-005 -9.450917459343397E-006
 -3.535615912739403E-006 -2.119304754373062E-005  4.774384054757618E-005
  0.995939736996123       8.196304361205441E-006  1.725060101936761E-005
  3.053025109479858E-006 -9.450917459343397E-006  8.196304361205441E-006
  0.997932546722090       5.782907377985669E-006  2.306228695948719E-005
 -3.535615912739403E-006  1.725060101936761E-005  5.782907377985669E-006
  0.995965631116370       0.997927907643691       4.839074835221576E-006
 -2.119321518886960E-005  3.052894451939515E-006  2.306243733345176E-005
  4.839074835221576E-006  0.995929760772184       4.774443066945601E-005
 -9.450219237078164E-006 -3.535977291451019E-006 -2.119321518886960E-005
  4.774443066945601E-005  0.995939738834050       8.196635630629851E-006
  1.725095467784828E-005  3.052894451939515E-006 -9.450219237078164E-006
  8.196635630629851E-006  0.997932547984542       5.782838040478202E-006
  2.306243733345176E-005 -3.535977291451019E-006  1.725095467784828E-005
  5.782838040478202E-006  0.995965633073935       0.997927906576138     
 -2.119304754444039E-005  4.838634783734738E-006 -3.053025108619443E-006
  2.306228695948713E-005 -2.119304754444039E-005  0.995939736996127     
  4.774384054757623E-005 -8.196304355538652E-006  1.725060101868568E-005
  4.838634783734738E-006  4.774384054757623E-005  0.995929759302039     
  9.450917465010267E-006 -3.535615912057462E-006 -3.053025108619443E-006
 -8.196304355538652E-006  9.450917465010267E-006  0.997932546722090     
 -5.782907388369105E-006  2.306228695948713E-005  1.725060101868568E-005
 -3.535615912057462E-006 -5.782907388369105E-006  0.995965631116370     
  0.997927907643691      -2.119321518957937E-005  4.839074835931341E-006
 -3.052894451058284E-006  2.306243733345171E-005 -2.119321518957937E-005
  0.995939738834054       4.774443066945605E-005 -8.196635624963060E-006
  1.725095467716635E-005  4.839074835931341E-006  4.774443066945605E-005
  0.995929760772180       9.450219242745035E-006 -3.535977290769078E-006
 -3.052894451058284E-006 -8.196635624963060E-006  9.450219242745035E-006
  0.997932547984543      -5.782838050861639E-006  2.306243733345171E-005
  1.725095467716635E-005 -3.535977290769078E-006 -5.782838050861639E-006
  0.995965633073935       0.997966920680960      -7.114101518609810E-005
 -7.114101518538819E-005  4.301524270952944E-016 -8.320224288353508E-005
 -7.114101518609810E-005  0.995967153904752      -7.391257032117498E-006
 -4.762247305010095E-005  1.094143602957899E-004 -7.114101518538819E-005
 -7.391257032117498E-006  0.995967153904748       4.762247305576689E-005
  1.094143602964713E-004  4.301524270952944E-016 -4.762247305010095E-005
  4.762247305576689E-005  0.997908316986296      -5.191048710468475E-015
 -8.320224288353508E-005  1.094143602957899E-004  1.094143602964713E-004
 -5.191048710468475E-015  0.995935691835715       0.997966918243976     
 -7.114091006127322E-005 -7.114091006056331E-005  4.509691086421593E-016
 -8.320217495553343E-005 -7.114091006127322E-005  0.995967149831164     
 -7.390182651559050E-006 -4.762213936307306E-005  1.094148939592061E-004
 -7.114091006056331E-005 -7.390182651559050E-006  0.995967149831160     
  4.762213936873903E-005  1.094148939598875E-004  4.509691086421593E-016
 -4.762213936307306E-005  4.762213936873903E-005  0.997908314723823     
 -5.191048285952106E-015 -8.320217495553343E-005  1.094148939592061E-004
  1.094148939598875E-004 -5.191048285952106E-015  0.995935687569546     
  0.000000000000000E+000  0.000000000000000E+000  0.000000000000000E+000
  0.000000000000000E+000  0.000000000000000E+000  0.000000000000000E+000
  0.000000000000000E+000  0.000000000000000E+000  0.000000000000000E+000
  0.000000000000000E+000  0.000000000000000E+000  0.000000000000000E+000
  0.000000000000000E+000  0.000000000000000E+000  0.000000000000000E+000
  0.000000000000000E+000  0.000000000000000E+000  0.000000000000000E+000
  0.000000000000000E+000  0.000000000000000E+000  0.000000000000000E+000
  0.000000000000000E+000  0.000000000000000E+000  0.000000000000000E+000
  0.000000000000000E+000  0.000000000000000E+000  0.000000000000000E+000
  0.000000000000000E+000  0.000000000000000E+000  0.000000000000000E+000
  0.000000000000000E+000  0.000000000000000E+000  0.000000000000000E+000
  0.000000000000000E+000  0.000000000000000E+000  0.000000000000000E+000
  0.000000000000000E+000  0.000000000000000E+000  0.000000000000000E+000
  0.000000000000000E+000  0.000000000000000E+000  0.000000000000000E+000
  0.000000000000000E+000  0.000000000000000E+000  0.000000000000000E+000
  0.000000000000000E+000  0.000000000000000E+000  0.000000000000000E+000
  0.000000000000000E+000  0.000000000000000E+000  0.000000000000000E+000
  0.000000000000000E+000  0.000000000000000E+000  0.000000000000000E+000
  0.000000000000000E+000  0.000000000000000E+000  0.000000000000000E+000
  0.000000000000000E+000  0.000000000000000E+000  0.000000000000000E+000
  0.000000000000000E+000  0.000000000000000E+000  0.000000000000000E+000
  0.000000000000000E+000  0.000000000000000E+000  0.000000000000000E+000
  0.000000000000000E+000  0.000000000000000E+000  0.000000000000000E+000
  0.000000000000000E+000  0.000000000000000E+000  0.000000000000000E+000
  0.000000000000000E+000  0.000000000000000E+000  0.000000000000000E+000
  0.000000000000000E+000  0.000000000000000E+000  0.000000000000000E+000
  0.000000000000000E+000  0.000000000000000E+000  0.000000000000000E+000
  0.000000000000000E+000  0.000000000000000E+000  0.000000000000000E+000
  0.000000000000000E+000  0.000000000000000E+000  0.000000000000000E+000
  0.000000000000000E+000  0.000000000000000E+000  0.000000000000000E+000
  0.000000000000000E+000  0.000000000000000E+000  0.000000000000000E+000
  0.000000000000000E+000  0.000000000000000E+000  0.000000000000000E+000
  0.000000000000000E+000  0.000000000000000E+000  0.000000000000000E+000
  0.000000000000000E+000  0.000000000000000E+000  0.000000000000000E+000
  0.000000000000000E+000  0.000000000000000E+000  0.000000000000000E+000
  0.000000000000000E+000  0.000000000000000E+000  0.000000000000000E+000
  0.000000000000000E+000  0.000000000000000E+000  0.000000000000000E+000
  0.000000000000000E+000  0.000000000000000E+000  0.000000000000000E+000
  0.000000000000000E+000  0.000000000000000E+000  0.000000000000000E+000
  0.000000000000000E+000  0.000000000000000E+000  0.000000000000000E+000
  0.000000000000000E+000  0.000000000000000E+000  0.000000000000000E+000
  0.000000000000000E+000  0.000000000000000E+000  0.000000000000000E+000
  0.000000000000000E+000  0.000000000000000E+000  0.000000000000000E+000
  0.000000000000000E+000  0.000000000000000E+000  0.000000000000000E+000
  0.000000000000000E+000  0.000000000000000E+000  0.000000000000000E+000
  0.000000000000000E+000  0.000000000000000E+000  0.000000000000000E+000
  0.000000000000000E+000  0.000000000000000E+000  0.000000000000000E+000
  0.000000000000000E+000  0.000000000000000E+000  0.000000000000000E+000
  0.000000000000000E+000  0.000000000000000E+000  0.000000000000000E+000
  0.000000000000000E+000  0.000000000000000E+000  0.000000000000000E+000
  0.000000000000000E+000  0.000000000000000E+000  0.000000000000000E+000
  0.000000000000000E+000  0.000000000000000E+000  0.000000000000000E+000
  0.000000000000000E+000  0.000000000000000E+000  0.000000000000000E+000
  0.000000000000000E+000  0.000000000000000E+000  0.000000000000000E+000
  0.000000000000000E+000  0.000000000000000E+000  0.000000000000000E+000
  0.000000000000000E+000  0.000000000000000E+000  0.000000000000000E+000
  0.000000000000000E+000  0.000000000000000E+000  0.000000000000000E+000
  0.000000000000000E+000  0.000000000000000E+000  0.000000000000000E+000
  0.000000000000000E+000  0.000000000000000E+000  0.000000000000000E+000
  0.000000000000000E+000  0.000000000000000E+000  0.000000000000000E+000
  0.000000000000000E+000  0.000000000000000E+000  0.000000000000000E+000
  0.000000000000000E+000  0.000000000000000E+000  0.000000000000000E+000
  0.000000000000000E+000  0.000000000000000E+000  0.000000000000000E+000
  0.000000000000000E+000  0.000000000000000E+000  0.000000000000000E+000
  0.000000000000000E+000  0.000000000000000E+000  0.000000000000000E+000
  0.000000000000000E+000  0.000000000000000E+000  0.000000000000000E+000
  0.000000000000000E+000  0.000000000000000E+000  0.997917853493054     
 -4.449677480154986E-006  7.818065206375581E-006  9.635658132160777E-006
 -6.091951627876331E-006 -4.449677480154986E-006  0.995933501448332     
  4.560509849673733E-006 -7.707067464286007E-006 -4.560509849471001E-006
  7.818065206375581E-006  4.560509849673733E-006  0.995943977371013     
  1.154814188180248E-005  3.026475888289440E-005  9.635658132160777E-006
 -7.707067464286007E-006  1.154814188180248E-005  0.997928979792684     
 -1.254471402412809E-005 -6.091951627876331E-006 -4.560509849471001E-006
  3.026475888289440E-005 -1.254471402412809E-005  0.995943977371013     
  0.997917854293278      -4.449833946808724E-006  7.818018169166975E-006
  9.635414334199791E-006 -6.091218847607690E-006 -4.449833946808724E-006
  0.995933502337295       4.561138371978109E-006 -7.707338472479974E-006
 -4.561138371775378E-006  7.818018169166975E-006  4.561138371978109E-006
  0.995943977307933       1.154726858308672E-005  3.026605632762904E-005
  9.635414334199791E-006 -7.707338472479974E-006  1.154726858308672E-005
  0.997928980311395      -1.254423663935263E-005 -6.091218847607690E-006
 -4.561138371775378E-006  3.026605632762904E-005 -1.254423663935263E-005
  0.995943977307933       0.997934030682906       1.653928817730190E-005
  3.498315976403940E-006 -4.827295819673166E-007 -5.765417216817219E-006
  1.653928817730190E-005  0.995965631116374      -1.725060101848300E-005
  1.708107268639291E-005 -3.535615912739415E-006  3.498315976403940E-006
 -1.725060101848300E-005  0.995939736996124       2.245186973621403E-005
 -4.774384054669160E-005 -4.827295819673166E-007  1.708107268639291E-005
  2.245186973621403E-005  0.997926422615322       8.915839370533509E-006
 -5.765417216817219E-006 -3.535615912739415E-006 -4.774384054669160E-005
  8.915839370533509E-006  0.995929759302039       0.997934031783482     
  1.653930331624129E-005  3.498112911236395E-006 -4.828793044586660E-007
 -5.764592512499737E-006  1.653930331624129E-005  0.995965633073939     
 -1.725095467696367E-005  1.708123758282003E-005 -3.535977291451031E-006
  3.498112911236395E-006 -1.725095467696367E-005  0.995939738834050     
  2.245218055587542E-005 -4.774443066857141E-005 -4.828793044586660E-007
  1.708123758282003E-005  2.245218055587542E-005  0.997926423844752     
  8.915871355782140E-006 -5.764592512499737E-006 -3.535977291451031E-006
 -4.774443066857141E-005  8.915871355782140E-006  0.995929760772180     
  0.997922967909964      -4.160112144577276E-005 -5.671763866148197E-006
  2.537614416667917E-005 -7.681277904494483E-005 -4.160112144577276E-005
  0.995935691835719      -1.094143602955868E-004 -7.205525598728547E-005
  1.094143602957899E-004 -5.671763866148197E-006 -1.094143602955868E-004
  0.995967153904748       8.542116292857321E-005  7.391257033001862E-006
  2.537614416667917E-005 -7.205525598728547E-005  8.542116292857321E-005
  0.997952269757292      -3.779868987799783E-005 -7.681277904494483E-005
  1.094143602957899E-004  7.391257033001862E-006 -3.779868987799783E-005
  0.995967153904748       0.997922965603863      -4.160108748177194E-005
 -5.671527447117581E-006  2.537606860134740E-005 -7.681243750108933E-005
 -4.160108748177194E-005  0.995935687569550      -1.094148939590030E-004
 -7.205519715991043E-005  1.094148939592061E-004 -5.671527447117581E-006
 -1.094148939590030E-004  0.995967149831160       8.542090504429038E-005
  7.390182652443413E-006  2.537606860134740E-005 -7.205519715991043E-005
  8.542090504429038E-005  0.997952267363936      -3.779876568074286E-005
 -7.681243750108933E-005  1.094148939592061E-004  7.390182652443413E-006
 -3.779876568074286E-005  0.995967149831160       0.997928742688301     
  6.522998774173436E-006 -1.060405200714457E-005 -3.535754691010040E-006
 -1.769473156073416E-005  6.522998774173436E-006  0.995965631116374     
  3.535615912942121E-006  2.286398006957029E-005  1.725060101868566E-005
 -1.060405200714457E-005  3.535615912942121E-006  0.995929759302039     
  5.350780892850428E-007 -4.774384054669153E-005 -3.535754691010040E-006
  2.286398006957029E-005  5.350780892850428E-007  0.997931710609927     
 -1.425556538020023E-005 -1.769473156073416E-005  1.725060101868566E-005
 -4.774384054669153E-005 -1.425556538020023E-005  0.995939736996123     
  0.997928744015181       6.523134009198624E-006 -1.060366735502369E-005
 -3.535773755988803E-006 -1.769510227104068E-005  6.523134009198624E-006
  0.995965633073939       3.535977291653738E-006  2.286407562848994E-005
  1.725095467716633E-005 -1.060366735502369E-005  3.535977291653738E-006
  0.995929760772181       5.343478817711770E-007 -4.774443066857135E-005
 -3.535773755988803E-006  2.286407562848994E-005  5.343478817711770E-007
  0.997931711613053      -1.425554493043720E-005 -1.769510227104068E-005
  1.725095467716633E-005 -4.774443066857135E-005 -1.425554493043720E-005
  0.995939738834050       0.000000000000000E+000  0.000000000000000E+000
  0.000000000000000E+000  0.000000000000000E+000  0.000000000000000E+000
  0.000000000000000E+000  0.000000000000000E+000  0.000000000000000E+000
  0.000000000000000E+000  0.000000000000000E+000  0.000000000000000E+000
  0.000000000000000E+000  0.000000000000000E+000  0.000000000000000E+000
  0.000000000000000E+000  0.000000000000000E+000  0.000000000000000E+000
  0.000000000000000E+000  0.000000000000000E+000  0.000000000000000E+000
  0.000000000000000E+000  0.000000000000000E+000  0.000000000000000E+000
  0.000000000000000E+000  0.000000000000000E+000  0.000000000000000E+000
  0.000000000000000E+000  0.000000000000000E+000  0.000000000000000E+000
  0.000000000000000E+000  0.000000000000000E+000  0.000000000000000E+000
  0.000000000000000E+000  0.000000000000000E+000  0.000000000000000E+000
  0.000000000000000E+000  0.000000000000000E+000  0.000000000000000E+000
  0.000000000000000E+000  0.000000000000000E+000  0.000000000000000E+000
  0.000000000000000E+000  0.000000000000000E+000  0.000000000000000E+000
  0.000000000000000E+000  0.000000000000000E+000  0.000000000000000E+000
  0.000000000000000E+000  0.000000000000000E+000  0.000000000000000E+000
  0.000000000000000E+000  0.000000000000000E+000  0.000000000000000E+000
  0.000000000000000E+000  0.000000000000000E+000  0.000000000000000E+000
  0.000000000000000E+000  0.000000000000000E+000  0.000000000000000E+000
  0.000000000000000E+000  0.000000000000000E+000  0.000000000000000E+000
  0.000000000000000E+000  0.000000000000000E+000  0.000000000000000E+000
  0.000000000000000E+000  0.000000000000000E+000  0.000000000000000E+000
  0.000000000000000E+000  0.000000000000000E+000  0.000000000000000E+000
  0.000000000000000E+000  0.000000000000000E+000  0.000000000000000E+000
  0.000000000000000E+000  0.000000000000000E+000  0.000000000000000E+000
  0.000000000000000E+000  0.000000000000000E+000  0.000000000000000E+000
  0.000000000000000E+000  0.000000000000000E+000  0.000000000000000E+000
  0.000000000000000E+000  0.000000000000000E+000  0.000000000000000E+000
  0.000000000000000E+000  0.000000000000000E+000  0.000000000000000E+000
  0.000000000000000E+000  0.000000000000000E+000  0.000000000000000E+000
  0.000000000000000E+000  0.000000000000000E+000  0.000000000000000E+000
  0.000000000000000E+000  0.000000000000000E+000  0.000000000000000E+000
  0.000000000000000E+000  0.000000000000000E+000  0.000000000000000E+000
  0.000000000000000E+000  0.000000000000000E+000  0.000000000000000E+000
  0.000000000000000E+000  0.000000000000000E+000  0.000000000000000E+000
  0.000000000000000E+000  0.000000000000000E+000  0.000000000000000E+000
  0.000000000000000E+000  0.000000000000000E+000  0.000000000000000E+000
  0.000000000000000E+000  0.000000000000000E+000  0.000000000000000E+000
  0.000000000000000E+000  0.000000000000000E+000  0.000000000000000E+000
  0.000000000000000E+000  0.000000000000000E+000  0.000000000000000E+000
  0.000000000000000E+000  0.000000000000000E+000  0.000000000000000E+000
  0.000000000000000E+000  0.000000000000000E+000  0.000000000000000E+000
  0.000000000000000E+000  0.000000000000000E+000  0.000000000000000E+000
  0.000000000000000E+000  0.000000000000000E+000  0.000000000000000E+000
  0.000000000000000E+000  0.000000000000000E+000  0.000000000000000E+000
  0.000000000000000E+000  0.000000000000000E+000  0.000000000000000E+000
  0.000000000000000E+000  0.000000000000000E+000  0.000000000000000E+000
  0.000000000000000E+000  0.000000000000000E+000  0.000000000000000E+000
  0.000000000000000E+000  0.000000000000000E+000  0.000000000000000E+000
  0.000000000000000E+000  0.000000000000000E+000  0.000000000000000E+000
  0.000000000000000E+000  0.000000000000000E+000  0.000000000000000E+000
  0.000000000000000E+000  0.000000000000000E+000  0.000000000000000E+000
  0.000000000000000E+000  0.000000000000000E+000  0.000000000000000E+000
  0.000000000000000E+000  0.000000000000000E+000  0.000000000000000E+000
  0.000000000000000E+000  0.000000000000000E+000  0.000000000000000E+000
  0.000000000000000E+000  0.000000000000000E+000  0.000000000000000E+000
  0.000000000000000E+000  0.000000000000000E+000  0.000000000000000E+000
  0.000000000000000E+000  0.000000000000000E+000  0.000000000000000E+000
  0.000000000000000E+000  0.000000000000000E+000  0.000000000000000E+000
  0.000000000000000E+000  0.000000000000000E+000  0.000000000000000E+000
  0.000000000000000E+000  0.000000000000000E+000  0.000000000000000E+000
  0.000000000000000E+000  0.000000000000000E+000  0.000000000000000E+000
  0.000000000000000E+000  0.000000000000000E+000  0.000000000000000E+000
  0.000000000000000E+000  0.000000000000000E+000  0.000000000000000E+000
  0.000000000000000E+000  0.000000000000000E+000  0.000000000000000E+000
  0.000000000000000E+000  0.000000000000000E+000  0.000000000000000E+000
  0.997948205926970      -8.570165091471099E-006  4.644967894932620E-006
 -2.218827144764847E-005 -7.250713375483872E-006 -8.570165091471099E-006
  0.995962616820563      -1.382959416983460E-005 -3.424415516358263E-006
 -1.649502026929033E-005  4.644967894932620E-006 -1.382959416983460E-005
  0.996008120128101      -8.045320395291193E-006  1.382959417071919E-005
 -2.218827144764847E-005 -3.424415516358263E-006 -8.045320395291193E-006
  0.997973826735954      -5.709772926534364E-006 -7.250713375483872E-006
 -1.649502026929033E-005  1.382959417071919E-005 -5.709772926534364E-006
  0.995962616820559       0.997948204628257      -8.570417021124858E-006
  4.646013918492079E-006 -2.218863072537409E-005 -7.250531214414439E-006
 -8.570417021124858E-006  0.995962615749522      -1.382953522660404E-005
 -3.424059723219902E-006 -1.649614299979029E-005  4.646013918492079E-006
 -1.382953522660404E-005  0.996008118414689      -8.047132161242090E-006
  1.382953522748862E-005 -2.218863072537409E-005 -3.424059723219902E-006
 -8.047132161242090E-006  0.997973825852100      -5.710169000583665E-006
 -7.250531214414439E-006 -1.649614299979029E-005  1.382953522748862E-005
 -5.710169000583665E-006  0.995962615749518       0.997932585400510     
  2.150772256800845E-005  1.163050201112463E-005 -5.086209240855158E-006
  1.952107612933405E-005  2.150772256800845E-005  0.995963446456947     
  3.095036556461200E-005  1.012350770137510E-005 -1.887373095265562E-005
  1.163050201112463E-005  3.095036556461200E-005  0.995995134190476     
 -2.014462040254151E-005 -3.095036556372724E-005 -5.086209240855158E-006
  1.012350770137510E-005 -2.014462040254151E-005  0.997938458449058     
  1.356448026988274E-005  1.952107612933405E-005 -1.887373095265562E-005
 -3.095036556372724E-005  1.356448026988274E-005  0.995963446456943     
  0.997932585095633       2.150713607143036E-005  1.162987024501905E-005
 -5.086653356502194E-006  1.952026619069650E-005  2.150713607143036E-005
  0.995963446699758       3.094964306081122E-005  1.012291107875152E-005
 -1.887403980864665E-005  1.162987024501905E-005  3.094964306081122E-005
  0.995995134578029      -2.014352615154814E-005 -3.094964305992647E-005
 -5.086653356502194E-006  1.012291107875152E-005 -2.014352615154814E-005
  0.997938458657001       1.356427066025868E-005  1.952026619069650E-005
 -1.887403980864665E-005 -3.094964305992647E-005  1.356427066025868E-005
  0.995963446699754       0.997922019825734       4.060557437003741E-005
 -1.706961494755172E-007  2.965403019621059E-005  9.668175319952213E-005
  4.060557437003741E-005  0.995937343777966       1.309725285897165E-004
  7.865522314168846E-005  1.300324675484134E-004 -1.706961494755172E-007
  1.309725285897165E-004  0.996002211836295       1.103654361025649E-004
  2.687401384702518E-005  2.965403019621059E-005  7.865522314168846E-005
  1.103654361025649E-004  0.997960357615355       5.837173850736809E-005
  9.668175319952213E-005  1.300324675484134E-004  2.687401384702518E-005
  5.837173850736809E-005  0.995984630580283       0.997922018490501     
  4.060534296886587E-005 -1.703549782941588E-007  2.965413682287642E-005
  9.668150135485412E-005  4.060534296886587E-005  0.995937341938339     
  1.309727001620568E-004  7.865471415869566E-005  1.300330951143697E-004
 -1.703549782941588E-007  1.309727001620568E-004  0.996002209608884     
  1.103651447954012E-004  2.687463385839105E-005  2.965413682287642E-005
  7.865471415869566E-005  1.103651447954012E-004  0.997960356330003     
  5.837226075428508E-005  9.668150135485412E-005  1.300330951143697E-004
  2.687463385839105E-005  5.837226075428508E-005  0.995984628873873     
  0.997976454311425       9.889228501069454E-005 -9.549392329134002E-005
 -1.773734771018306E-006  8.842020856658610E-005  9.889228501069454E-005
  0.995984630580287      -2.687401384614055E-005  5.454298509862289E-005
  1.300324675484135E-004 -9.549392329134002E-005 -2.687401384614055E-005
  0.996002211836295       5.533054525218564E-005 -1.309725285888318E-004
 -1.773734771018306E-006  5.454298509862289E-005  5.533054525218564E-005
  0.997905923129663      -4.162152632006320E-006  8.842020856658610E-005
  1.300324675484135E-004 -1.309725285888318E-004 -4.162152632006320E-006
  0.995937343777963       0.997976453105945       9.889261136745770E-005
 -9.549384159752663E-005 -1.773703056609429E-006  8.841965207379848E-005
  9.889261136745770E-005  0.995984628873877      -2.687463385750642E-005
  5.454250587128409E-005  1.300330951143697E-004 -9.549384159752663E-005
 -2.687463385750642E-005  0.996002209608884       5.533010413569371E-005
 -1.309727001611720E-004 -1.773703056609429E-006  5.454250587128409E-005
  5.533010413569371E-005  0.997905921714559      -4.162098539802945E-006
  8.841965207379848E-005  1.300330951143697E-004 -1.309727001611720E-004
 -4.162098539802945E-006  0.995937341938335       0.000000000000000E+000
  0.000000000000000E+000  0.000000000000000E+000  0.000000000000000E+000
  0.000000000000000E+000  0.000000000000000E+000  0.000000000000000E+000
  0.000000000000000E+000  0.000000000000000E+000  0.000000000000000E+000
  0.000000000000000E+000  0.000000000000000E+000  0.000000000000000E+000
  0.000000000000000E+000  0.000000000000000E+000  0.000000000000000E+000
  0.000000000000000E+000  0.000000000000000E+000  0.000000000000000E+000
  0.000000000000000E+000  0.000000000000000E+000  0.000000000000000E+000
  0.000000000000000E+000  0.000000000000000E+000  0.000000000000000E+000
  0.000000000000000E+000  0.000000000000000E+000  0.000000000000000E+000
  0.000000000000000E+000  0.000000000000000E+000  0.000000000000000E+000
  0.000000000000000E+000  0.000000000000000E+000  0.000000000000000E+000
  0.000000000000000E+000  0.000000000000000E+000  0.000000000000000E+000
  0.000000000000000E+000  0.000000000000000E+000  0.000000000000000E+000
  0.000000000000000E+000  0.000000000000000E+000  0.000000000000000E+000
  0.000000000000000E+000  0.000000000000000E+000  0.000000000000000E+000
  0.000000000000000E+000  0.000000000000000E+000  0.000000000000000E+000
  0.000000000000000E+000  0.000000000000000E+000  0.000000000000000E+000
  0.000000000000000E+000  0.000000000000000E+000  0.000000000000000E+000
  0.000000000000000E+000  0.000000000000000E+000  0.000000000000000E+000
  0.000000000000000E+000  0.000000000000000E+000  0.000000000000000E+000
  0.000000000000000E+000  0.000000000000000E+000  0.000000000000000E+000
  0.000000000000000E+000  0.000000000000000E+000  0.000000000000000E+000
  0.000000000000000E+000  0.000000000000000E+000  0.000000000000000E+000
  0.000000000000000E+000  0.000000000000000E+000  0.000000000000000E+000
  0.000000000000000E+000  0.000000000000000E+000  0.000000000000000E+000
  0.000000000000000E+000  0.000000000000000E+000  0.000000000000000E+000
  0.000000000000000E+000  0.000000000000000E+000  0.000000000000000E+000
  0.000000000000000E+000  0.000000000000000E+000  0.000000000000000E+000
  0.000000000000000E+000  0.000000000000000E+000  0.000000000000000E+000
  0.000000000000000E+000  0.000000000000000E+000  0.000000000000000E+000
  0.000000000000000E+000  0.000000000000000E+000  0.000000000000000E+000
  0.000000000000000E+000  0.000000000000000E+000  0.000000000000000E+000
  0.000000000000000E+000  0.000000000000000E+000  0.000000000000000E+000
  0.000000000000000E+000  0.000000000000000E+000  0.000000000000000E+000
  0.000000000000000E+000  0.000000000000000E+000  0.000000000000000E+000
  0.000000000000000E+000  0.000000000000000E+000  0.000000000000000E+000
  0.000000000000000E+000  0.000000000000000E+000  0.000000000000000E+000
  0.000000000000000E+000  0.000000000000000E+000  0.000000000000000E+000
  0.000000000000000E+000  0.000000000000000E+000  0.000000000000000E+000
  0.000000000000000E+000  0.000000000000000E+000  0.000000000000000E+000
  0.000000000000000E+000  0.000000000000000E+000  0.000000000000000E+000
  0.000000000000000E+000  0.000000000000000E+000  0.000000000000000E+000
  0.000000000000000E+000  0.000000000000000E+000  0.000000000000000E+000
  0.000000000000000E+000  0.000000000000000E+000  0.000000000000000E+000
  0.000000000000000E+000  0.000000000000000E+000  0.000000000000000E+000
  0.000000000000000E+000  0.000000000000000E+000  0.000000000000000E+000
  0.000000000000000E+000  0.000000000000000E+000  0.000000000000000E+000
  0.000000000000000E+000  0.000000000000000E+000  0.000000000000000E+000
  0.000000000000000E+000  0.000000000000000E+000  0.000000000000000E+000
  0.000000000000000E+000  0.000000000000000E+000  0.000000000000000E+000
  0.000000000000000E+000  0.000000000000000E+000  0.000000000000000E+000
  0.000000000000000E+000  0.000000000000000E+000  0.000000000000000E+000
  0.000000000000000E+000  0.000000000000000E+000  0.000000000000000E+000
  0.000000000000000E+000  0.000000000000000E+000  0.000000000000000E+000
  0.000000000000000E+000  0.000000000000000E+000  0.000000000000000E+000
  0.000000000000000E+000  0.000000000000000E+000  0.000000000000000E+000
  0.000000000000000E+000  0.000000000000000E+000  0.000000000000000E+000
  0.000000000000000E+000  0.000000000000000E+000  0.000000000000000E+000
  0.000000000000000E+000  0.000000000000000E+000  0.000000000000000E+000
  0.000000000000000E+000  0.000000000000000E+000  0.000000000000000E+000
  0.000000000000000E+000  0.000000000000000E+000  0.000000000000000E+000
  0.000000000000000E+000  0.000000000000000E+000  0.000000000000000E+000
  0.000000000000000E+000  0.000000000000000E+000  0.000000000000000E+000
  0.000000000000000E+000  0.000000000000000E+000  0.000000000000000E+000
  0.000000000000000E+000  0.000000000000000E+000  0.000000000000000E+000
  0.000000000000000E+000  0.000000000000000E+000  0.000000000000000E+000
  0.000000000000000E+000  0.997917853493054       7.818065205665834E-006
 -4.449677479445295E-006 -9.635658131300339E-006 -6.091951627876288E-006
  7.818065205665834E-006  0.995943977371017       4.560509849673767E-006
 -1.154814187613608E-005  3.026475888221265E-005 -4.449677479445295E-006
  4.560509849673767E-006  0.995933501448328       7.707067469952696E-006
 -4.560509848789169E-006 -9.635658131300339E-006 -1.154814187613608E-005
  7.707067469952696E-006  0.997928979792684       1.254471401374493E-005
 -6.091951627876288E-006  3.026475888221265E-005 -4.560509848789169E-006
  1.254471401374493E-005  0.995943977371013       0.997917854293278     
  7.818018168457228E-006 -4.449833946099034E-006 -9.635414333339353E-006
 -6.091218847607647E-006  7.818018168457228E-006  0.995943977307937     
  4.561138371978142E-006 -1.154726857742031E-005  3.026605632694729E-005
 -4.449833946099034E-006  4.561138371978142E-006  0.995933502337291     
  7.707338478146662E-006 -4.561138371093544E-006 -9.635414333339353E-006
 -1.154726857742031E-005  7.707338478146662E-006  0.997928980311395     
  1.254423662896948E-005 -6.091218847607647E-006  3.026605632694729E-005
 -4.561138371093544E-006  1.254423662896948E-005  0.995943977307933     
  0.997922967909964      -5.671763866858093E-006 -4.160112144506297E-005
 -2.537614416581174E-005 -7.681277904494457E-005 -5.671763866858093E-006
  0.995967153904752      -1.094143602955871E-004 -8.542116292290723E-005
  7.391257032320610E-006 -4.160112144506297E-005 -1.094143602955871E-004
  0.995935691835715       7.205525599295073E-005  1.094143602964712E-004
 -2.537614416581174E-005 -8.542116292290723E-005  7.205525599295073E-005
  0.997952269757292       3.779868986761473E-005 -7.681277904494457E-005
  7.391257032320610E-006  1.094143602964712E-004  3.779868986761473E-005
  0.995967153904748       0.997922965603863      -5.671527447827474E-006
 -4.160108748106215E-005 -2.537606860047997E-005 -7.681243750108906E-005
 -5.671527447827474E-006  0.995967149831164      -1.094148939590034E-004
 -8.542090503862438E-005  7.390182651762162E-006 -4.160108748106215E-005
 -1.094148939590034E-004  0.995935687569546       7.205519716557568E-005
  1.094148939598875E-004 -2.537606860047997E-005 -8.542090503862438E-005
  7.205519716557568E-005  0.997952267363936       3.779876567035975E-005
 -7.681243750108906E-005  7.390182651762162E-006  1.094148939598875E-004
  3.779876567035975E-005  0.995967149831160       0.997934030682907     
  3.498315975694237E-006  1.653928817801161E-005  4.827295828208243E-007
 -5.765417216817187E-006  3.498315975694237E-006  0.995939736996127     
 -1.725060101848304E-005 -2.245186973054717E-005 -4.774384054737344E-005
  1.653928817801161E-005 -1.725060101848304E-005  0.995965631116370     
 -1.708107268072615E-005 -3.535615912057472E-006  4.827295828208243E-007
 -2.245186973054717E-005 -1.708107268072615E-005  0.997926422615321     
 -8.915839380916985E-006 -5.765417216817187E-006 -4.774384054737344E-005
 -3.535615912057472E-006 -8.915839380916985E-006  0.995929759302039     
  0.997934031783482       3.498112910526692E-006  1.653930331695099E-005
  4.828793053607459E-007 -5.764592512499706E-006  3.498112910526692E-006
  0.995939738834054      -1.725095467696371E-005 -2.245218055020856E-005
 -4.774443066925326E-005  1.653930331695099E-005 -1.725095467696371E-005
  0.995965633073935      -1.708123757715327E-005 -3.535977290769089E-006
  4.828793053607459E-007 -2.245218055020856E-005 -1.708123757715327E-005
  0.997926423844752      -8.915871366165615E-006 -5.764592512499706E-006
 -4.774443066925326E-005 -3.535977290769089E-006 -8.915871366165615E-006
  0.995929760772180       0.997928742688301      -1.060405200785425E-005
  6.522998774883129E-006  3.535754691898203E-006 -1.769473156073410E-005
 -1.060405200785425E-005  0.995929759302043       3.535615912942062E-006
 -5.350780836181467E-007 -4.774384054737348E-005  6.522998774883129E-006
  3.535615912942062E-006  0.995965631116370      -2.286398006390355E-005
  1.725060101936762E-005  3.535754691898203E-006 -5.350780836181467E-007
 -2.286398006390355E-005  0.997931710609927       1.425556536981681E-005
 -1.769473156073410E-005 -4.774384054737348E-005  1.725060101936762E-005
  1.425556536981681E-005  0.995939736996123       0.997928744015181     
 -1.060366735573337E-005  6.523134009908319E-006  3.535773756835332E-006
 -1.769510227104062E-005 -1.060366735573337E-005  0.995929760772185     
  3.535977291653679E-006 -5.343478761042807E-007 -4.774443066925331E-005
  6.523134009908319E-006  3.535977291653679E-006  0.995965633073935     
 -2.286407562282321E-005  1.725095467784829E-005  3.535773756835332E-006
 -5.343478761042807E-007 -2.286407562282321E-005  0.997931711613053     
  1.425554492005379E-005 -1.769510227104062E-005 -4.774443066925331E-005
  1.725095467784829E-005  1.425554492005379E-005  0.995939738834050     
  0.000000000000000E+000  0.000000000000000E+000  0.000000000000000E+000
  0.000000000000000E+000  0.000000000000000E+000  0.000000000000000E+000
  0.000000000000000E+000  0.000000000000000E+000  0.000000000000000E+000
  0.000000000000000E+000  0.000000000000000E+000  0.000000000000000E+000
  0.000000000000000E+000  0.000000000000000E+000  0.000000000000000E+000
  0.000000000000000E+000  0.000000000000000E+000  0.000000000000000E+000
  0.000000000000000E+000  0.000000000000000E+000  0.000000000000000E+000
  0.000000000000000E+000  0.000000000000000E+000  0.000000000000000E+000
  0.000000000000000E+000  0.000000000000000E+000  0.000000000000000E+000
  0.000000000000000E+000  0.000000000000000E+000  0.000000000000000E+000
  0.000000000000000E+000  0.000000000000000E+000  0.000000000000000E+000
  0.000000000000000E+000  0.000000000000000E+000  0.000000000000000E+000
  0.000000000000000E+000  0.000000000000000E+000  0.000000000000000E+000
  0.000000000000000E+000  0.000000000000000E+000  0.000000000000000E+000
  0.000000000000000E+000  0.000000000000000E+000  0.000000000000000E+000
  0.000000000000000E+000  0.000000000000000E+000  0.000000000000000E+000
  0.000000000000000E+000  0.000000000000000E+000  0.000000000000000E+000
  0.000000000000000E+000  0.000000000000000E+000  0.000000000000000E+000
  0.000000000000000E+000  0.000000000000000E+000  0.000000000000000E+000
  0.000000000000000E+000  0.000000000000000E+000  0.000000000000000E+000
  0.000000000000000E+000  0.000000000000000E+000  0.000000000000000E+000
  0.000000000000000E+000  0.000000000000000E+000  0.000000000000000E+000
  0.000000000000000E+000  0.000000000000000E+000  0.000000000000000E+000
  0.000000000000000E+000  0.000000000000000E+000  0.000000000000000E+000
  0.000000000000000E+000  0.000000000000000E+000  0.000000000000000E+000
  0.000000000000000E+000  0.000000000000000E+000  0.000000000000000E+000
  0.000000000000000E+000  0.000000000000000E+000  0.000000000000000E+000
  0.000000000000000E+000  0.000000000000000E+000  0.000000000000000E+000
  0.000000000000000E+000  0.000000000000000E+000  0.000000000000000E+000
  0.000000000000000E+000  0.000000000000000E+000  0.000000000000000E+000
  0.000000000000000E+000  0.000000000000000E+000  0.000000000000000E+000
  0.000000000000000E+000  0.000000000000000E+000  0.000000000000000E+000
  0.000000000000000E+000  0.000000000000000E+000  0.000000000000000E+000
  0.000000000000000E+000  0.000000000000000E+000  0.000000000000000E+000
  0.000000000000000E+000  0.000000000000000E+000  0.000000000000000E+000
  0.000000000000000E+000  0.000000000000000E+000  0.000000000000000E+000
  0.000000000000000E+000  0.000000000000000E+000  0.000000000000000E+000
  0.000000000000000E+000  0.000000000000000E+000  0.000000000000000E+000
  0.000000000000000E+000  0.000000000000000E+000  0.000000000000000E+000
  0.000000000000000E+000  0.000000000000000E+000  0.000000000000000E+000
  0.000000000000000E+000  0.000000000000000E+000  0.000000000000000E+000
  0.000000000000000E+000  0.000000000000000E+000  0.000000000000000E+000
  0.000000000000000E+000  0.000000000000000E+000  0.000000000000000E+000
  0.000000000000000E+000  0.000000000000000E+000  0.000000000000000E+000
  0.000000000000000E+000  0.000000000000000E+000  0.000000000000000E+000
  0.000000000000000E+000  0.000000000000000E+000  0.000000000000000E+000
  0.000000000000000E+000  0.000000000000000E+000  0.000000000000000E+000
  0.000000000000000E+000  0.000000000000000E+000  0.000000000000000E+000
  0.000000000000000E+000  0.000000000000000E+000  0.000000000000000E+000
  0.000000000000000E+000  0.000000000000000E+000  0.000000000000000E+000
  0.000000000000000E+000  0.000000000000000E+000  0.000000000000000E+000
  0.000000000000000E+000  0.000000000000000E+000  0.000000000000000E+000
  0.000000000000000E+000  0.000000000000000E+000  0.000000000000000E+000
  0.000000000000000E+000  0.000000000000000E+000  0.000000000000000E+000
  0.000000000000000E+000  0.000000000000000E+000  0.000000000000000E+000
  0.000000000000000E+000  0.000000000000000E+000  0.000000000000000E+000
  0.000000000000000E+000  0.000000000000000E+000  0.000000000000000E+000
  0.000000000000000E+000  0.000000000000000E+000  0.000000000000000E+000
  0.000000000000000E+000  0.000000000000000E+000  0.000000000000000E+000
  0.000000000000000E+000  0.000000000000000E+000  0.000000000000000E+000
  0.000000000000000E+000  0.000000000000000E+000  0.000000000000000E+000
  0.000000000000000E+000  0.000000000000000E+000  0.000000000000000E+000
  0.000000000000000E+000  0.000000000000000E+000  0.000000000000000E+000
  0.000000000000000E+000  0.000000000000000E+000  0.000000000000000E+000
  0.000000000000000E+000  0.000000000000000E+000  0.000000000000000E+000
  0.000000000000000E+000  0.000000000000000E+000  0.000000000000000E+000
  0.000000000000000E+000  0.000000000000000E+000  0.997948205926970     
  4.644967894222830E-006 -8.570165090761343E-006  2.218827144852970E-005
 -7.250713375483945E-006  4.644967894222830E-006  0.996008120128105     
 -1.382959416983464E-005  8.045320400958045E-006  1.382959417003737E-005
 -8.570165090761343E-006 -1.382959416983464E-005  0.995962616820559     
  3.424415522025059E-006 -1.649502026860847E-005  2.218827144852970E-005
  8.045320400958045E-006  3.424415522025059E-006  0.997973826735955     
  5.709772916150776E-006 -7.250713375483945E-006  1.382959417003737E-005
 -1.649502026860847E-005  5.709772916150776E-006  0.995962616820559     
  0.997948204628257       4.646013917782290E-006 -8.570417020415102E-006
  2.218863072622757E-005 -7.250531214414511E-006  4.646013917782290E-006
  0.996008118414693      -1.382953522660407E-005  8.047132166908944E-006
  1.382953522680680E-005 -8.570417020415102E-006 -1.382953522660407E-005
  0.995962615749518       3.424059728886699E-006 -1.649614299910844E-005
  2.218863072622757E-005  8.047132166908944E-006  3.424059728886699E-006
  0.997973825852100       5.710168990200078E-006 -7.250531214414511E-006
  1.382953522680680E-005 -1.649614299910844E-005  5.710168990200078E-006
  0.995962615749518       0.997922019825734      -1.706961501853938E-007
  4.060557437074706E-005 -2.965403019535009E-005  9.668175319952219E-005
 -1.706961501853938E-007  0.996002211836299       1.309725285897162E-004
 -1.103654360968976E-004  2.687401384634377E-005  4.060557437074706E-005
  1.309725285897162E-004  0.995937343777963      -7.865522313602189E-005
  1.300324675490955E-004 -2.965403019535009E-005 -1.103654360968976E-004
 -7.865522313602189E-005  0.997960357615355      -5.837173851775094E-005
  9.668175319952219E-005  2.687401384634377E-005  1.300324675490955E-004
 -5.837173851775094E-005  0.995984630580283       0.997922018490501     
 -1.703549790040354E-007  4.060534296957552E-005 -2.965413682199510E-005
  9.668150135485418E-005 -1.703549790040354E-007  0.996002209608888     
  1.309727001620564E-004 -1.103651447897339E-004  2.687463385770964E-005
  4.060534296957552E-005  1.309727001620564E-004  0.995937341938335     
 -7.865471415302908E-005  1.300330951150517E-004 -2.965413682199510E-005
 -1.103651447897339E-004 -7.865471415302908E-005  0.997960356330003     
 -5.837226076466795E-005  9.668150135485418E-005  2.687463385770964E-005
  1.300330951150517E-004 -5.837226076466795E-005  0.995984628873873     
  0.997932585400510       1.163050201041492E-005  2.150772256871814E-005
  5.086209241722537E-006  1.952107612933402E-005  1.163050201041492E-005
  0.995995134190480       3.095036556461191E-005  2.014462040820893E-005
 -3.095036556440928E-005  2.150772256871814E-005  3.095036556461191E-005
  0.995963446456944      -1.012350769570807E-005 -1.887373095197358E-005
  5.086209241722537E-006  2.014462040820893E-005 -1.012350769570807E-005
  0.997938458449058      -1.356448028026645E-005  1.952107612933402E-005
 -3.095036556440928E-005 -1.887373095197358E-005 -1.356448028026645E-005
  0.995963446456943       0.997932585095634       1.162987024430934E-005
  2.150713607214005E-005  5.086653357376512E-006  1.952026619069648E-005
  1.162987024430934E-005  0.995995134578033       3.094964306081113E-005
  2.014352615721556E-005 -3.094964306060851E-005  2.150713607214005E-005
  3.094964306081113E-005  0.995963446699754      -1.012291107308448E-005
 -1.887403980796461E-005  5.086653357376512E-006  2.014352615721556E-005
 -1.012291107308448E-005  0.997938458657001      -1.356427067064239E-005
  1.952026619069648E-005 -3.094964306060851E-005 -1.887403980796461E-005
 -1.356427067064239E-005  0.995963446699754       0.997976454311426     
 -9.549392329205006E-005  9.889228501140447E-005  1.773734771864858E-006
  8.842020856658612E-005 -9.549392329205006E-005  0.996002211836299     
 -2.687401384614109E-005 -5.533054524651802E-005 -1.309725285895133E-004
  9.889228501140447E-005 -2.687401384614109E-005  0.995984630580283     
 -5.454298509295694E-005  1.300324675490954E-004  1.773734771864858E-006
 -5.533054524651802E-005 -5.454298509295694E-005  0.997905923129663     
  4.162152621623125E-006  8.842020856658612E-005 -1.309725285895133E-004
  1.300324675490954E-004  4.162152621623125E-006  0.995937343777963     
  0.997976453105944      -9.549384159823669E-005  9.889261136816763E-005
  1.773703057490676E-006  8.841965207379850E-005 -9.549384159823669E-005
  0.996002209608888      -2.687463385750696E-005 -5.533010413002608E-005
 -1.309727001618535E-004  9.889261136816763E-005 -2.687463385750696E-005
  0.995984628873873      -5.454250586561814E-005  1.300330951150516E-004
  1.773703057490676E-006 -5.533010413002608E-005 -5.454250586561814E-005
  0.997905921714559       4.162098529419748E-006  8.841965207379850E-005
 -1.309727001618535E-004  1.300330951150516E-004  4.162098529419748E-006
  0.995937341938335       0.000000000000000E+000  0.000000000000000E+000
  0.000000000000000E+000  0.000000000000000E+000  0.000000000000000E+000
  0.000000000000000E+000  0.000000000000000E+000  0.000000000000000E+000
  0.000000000000000E+000  0.000000000000000E+000  0.000000000000000E+000
  0.000000000000000E+000  0.000000000000000E+000  0.000000000000000E+000
  0.000000000000000E+000  0.000000000000000E+000  0.000000000000000E+000
  0.000000000000000E+000  0.000000000000000E+000  0.000000000000000E+000
  0.000000000000000E+000  0.000000000000000E+000  0.000000000000000E+000
  0.000000000000000E+000  0.000000000000000E+000  0.000000000000000E+000
  0.000000000000000E+000  0.000000000000000E+000  0.000000000000000E+000
  0.000000000000000E+000  0.000000000000000E+000  0.000000000000000E+000
  0.000000000000000E+000  0.000000000000000E+000  0.000000000000000E+000
  0.000000000000000E+000  0.000000000000000E+000  0.000000000000000E+000
  0.000000000000000E+000  0.000000000000000E+000  0.000000000000000E+000
  0.000000000000000E+000  0.000000000000000E+000  0.000000000000000E+000
  0.000000000000000E+000  0.000000000000000E+000  0.000000000000000E+000
  0.000000000000000E+000  0.000000000000000E+000  0.000000000000000E+000
  0.000000000000000E+000  0.000000000000000E+000  0.000000000000000E+000
  0.000000000000000E+000  0.000000000000000E+000  0.000000000000000E+000
  0.000000000000000E+000  0.000000000000000E+000  0.000000000000000E+000
  0.000000000000000E+000  0.000000000000000E+000  0.000000000000000E+000
  0.000000000000000E+000  0.000000000000000E+000  0.000000000000000E+000
  0.000000000000000E+000  0.000000000000000E+000  0.000000000000000E+000
  0.000000000000000E+000  0.000000000000000E+000  0.000000000000000E+000
  0.000000000000000E+000  0.000000000000000E+000  0.000000000000000E+000
  0.000000000000000E+000  0.000000000000000E+000  0.000000000000000E+000
  0.000000000000000E+000  0.000000000000000E+000  0.000000000000000E+000
  0.000000000000000E+000  0.000000000000000E+000  0.000000000000000E+000
  0.000000000000000E+000  0.000000000000000E+000  0.000000000000000E+000
  0.000000000000000E+000  0.000000000000000E+000  0.000000000000000E+000
  0.000000000000000E+000  0.000000000000000E+000  0.000000000000000E+000
  0.000000000000000E+000  0.000000000000000E+000  0.000000000000000E+000
  0.000000000000000E+000  0.000000000000000E+000  0.000000000000000E+000
  0.000000000000000E+000  0.000000000000000E+000  0.000000000000000E+000
  0.000000000000000E+000  0.000000000000000E+000  0.000000000000000E+000
  0.000000000000000E+000  0.000000000000000E+000  0.000000000000000E+000
  0.000000000000000E+000  0.000000000000000E+000  0.000000000000000E+000
  0.000000000000000E+000  0.000000000000000E+000  0.000000000000000E+000
  0.000000000000000E+000  0.000000000000000E+000  0.000000000000000E+000
  0.000000000000000E+000  0.000000000000000E+000  0.000000000000000E+000
  0.000000000000000E+000  0.000000000000000E+000  0.000000000000000E+000
  0.000000000000000E+000  0.000000000000000E+000  0.000000000000000E+000
  0.000000000000000E+000  0.000000000000000E+000  0.000000000000000E+000
  0.000000000000000E+000  0.000000000000000E+000  0.000000000000000E+000
  0.000000000000000E+000  0.000000000000000E+000  0.000000000000000E+000
  0.000000000000000E+000  0.000000000000000E+000  0.000000000000000E+000
  0.000000000000000E+000  0.000000000000000E+000  0.000000000000000E+000
  0.000000000000000E+000  0.000000000000000E+000  0.000000000000000E+000
  0.000000000000000E+000  0.000000000000000E+000  0.000000000000000E+000
  0.000000000000000E+000  0.000000000000000E+000  0.000000000000000E+000
  0.000000000000000E+000  0.000000000000000E+000  0.000000000000000E+000
  0.000000000000000E+000  0.000000000000000E+000  0.000000000000000E+000
  0.000000000000000E+000  0.000000000000000E+000  0.000000000000000E+000
  0.000000000000000E+000  0.000000000000000E+000  0.000000000000000E+000
  0.000000000000000E+000  0.000000000000000E+000  0.000000000000000E+000
  0.000000000000000E+000  0.000000000000000E+000  0.000000000000000E+000
  0.000000000000000E+000  0.000000000000000E+000  0.000000000000000E+000
  0.000000000000000E+000  0.000000000000000E+000  0.000000000000000E+000
  0.000000000000000E+000  0.000000000000000E+000  0.000000000000000E+000
  0.000000000000000E+000  0.000000000000000E+000  0.000000000000000E+000
  0.000000000000000E+000  0.000000000000000E+000  0.000000000000000E+000
  0.000000000000000E+000  0.000000000000000E+000  0.000000000000000E+000
  0.000000000000000E+000  0.000000000000000E+000  0.000000000000000E+000
  0.000000000000000E+000  0.000000000000000E+000  0.000000000000000E+000
  0.000000000000000E+000  0.000000000000000E+000  0.000000000000000E+000
  0.000000000000000E+000  0.000000000000000E+000  0.000000000000000E+000
  0.000000000000000E+000  0.000000000000000E+000  0.000000000000000E+000
  0.997986637140450       1.319451707975191E-006  1.319451708684922E-006
  4.440991280805865E-016  9.289935796457799E-006  1.319451707975191E-006
  0.995962616820563       1.649502026949309E-005 -9.134188437700869E-006
  1.382959417003733E-005  1.319451708684922E-006  1.649502026949309E-005
  0.995962616820559       9.134188443367614E-006  1.382959417071925E-005
  4.440991280805865E-016 -9.134188437700869E-006  9.134188443367614E-006
  0.997935395522474      -5.191843922072764E-015  9.289935796457799E-006
  1.382959417003733E-005  1.382959417071925E-005 -5.191843922072764E-015
  0.996008120128101       0.997986636464025       1.319885798698383E-006
  1.319885799408114E-006  4.302213408389982E-016  9.292027843576716E-006
  1.319885798698383E-006  0.995962615749522       1.649614299999305E-005
 -9.134228718611810E-006  1.382953522680676E-005  1.319885799408114E-006
  1.649614299999305E-005  0.995962615749518       9.134228724278557E-006
  1.382953522748868E-005  4.302213408389982E-016 -9.134228718611810E-006
  9.134228724278557E-006  0.997935394016332      -5.191844080916281E-015
  9.292027843576716E-006  1.382953522680676E-005  1.382953522748868E-005
 -5.191844080916281E-015  0.996008118414689       0.997925092024477     
 -2.210531819183340E-006  4.781463418924672E-005 -3.142776496679887E-005
 -9.566461943422231E-005 -2.210531819183340E-006  0.995984630580287     
 -1.300324675482108E-004  1.129147236111824E-004  2.687401384634332E-005
  4.781463418924672E-005 -1.300324675482108E-004  0.995937343777963     
 -7.449307050920695E-005 -1.309725285888313E-004 -3.142776496679887E-005
  1.129147236111824E-004 -7.449307050920695E-005  0.997957285416612     
  5.503489084518729E-005 -9.566461943422231E-005  2.687401384634332E-005
 -1.309725285888313E-004  5.503489084518729E-005  0.996002211836295     
  0.997925090634313      -2.211110020614514E-006  4.781430909763064E-005
 -3.142783987903501E-005 -9.566419656922757E-005 -2.211110020614514E-006
  0.995984628873877      -1.300330951141671E-004  1.129147666307606E-004
  2.687463385770919E-005  4.781430909763064E-005 -1.300330951141671E-004
  0.995937341938335      -7.449261561841752E-005 -1.309727001611716E-004
 -3.142783987903501E-005  1.129147666307606E-004 -7.449261561841752E-005
  0.997957284186190       5.503504065451554E-005 -9.566419656922757E-005
  2.687463385770919E-005 -1.309727001611716E-004  5.503504065451554E-005
  0.996002209608884       0.997925092024477       4.781463418853721E-005
 -2.210531818473822E-006  3.142776496765226E-005 -9.566461943422220E-005
  4.781463418853721E-005  0.995937343777967      -1.300324675482111E-004
  7.449307051487387E-005 -1.309725285895136E-004 -2.210531818473822E-006
 -1.300324675482111E-004  0.995984630580283      -1.129147236055165E-004
  2.687401384702562E-005  3.142776496765226E-005  7.449307051487387E-005
 -1.129147236055165E-004  0.997957285416612      -5.503489085557144E-005
 -9.566461943422220E-005 -1.309725285895136E-004  2.687401384702562E-005
 -5.503489085557144E-005  0.996002211836295       0.997925090634314     
  4.781430909692113E-005 -2.211110019904994E-006  3.142783987992309E-005
 -9.566419656922747E-005  4.781430909692113E-005  0.995937341938339     
 -1.300330951141673E-004  7.449261562408447E-005 -1.309727001618538E-004
 -2.211110019904994E-006 -1.300330951141673E-004  0.995984628873873     
 -1.129147666250948E-004  2.687463385839148E-005  3.142783987992309E-005
  7.449261562408447E-005 -1.129147666250948E-004  0.997957284186190     
 -5.503504066489969E-005 -9.566419656922747E-005 -1.309727001618538E-004
  2.687463385839148E-005 -5.503504066489969E-005  0.996002209608884     
  0.997941394973334      -1.986646446686677E-006 -1.986646445976913E-006
  4.371292113197897E-016  2.326100402884237E-005 -1.986646446686677E-006
  0.995963446456947       1.887373095285827E-005  2.368798797644975E-005
 -3.095036556440933E-005 -1.986646445976913E-006  1.887373095285827E-005
  0.995963446456943      -2.368798797078263E-005 -3.095036556372718E-005
  4.371292113197897E-016  2.368798797644975E-005 -2.368798797078263E-005
  0.997929648876234      -5.191991485958348E-015  2.326100402884237E-005
 -3.095036556440933E-005 -3.095036556372718E-005 -5.191991485958348E-015
  0.995995134190476       0.997941395437688      -1.986869888746135E-006
 -1.986869888036370E-006  4.301903177610313E-016  2.325974049663120E-005
 -1.986869888746135E-006  0.995963446699758       1.887403980884930E-005
  2.368718174420210E-005 -3.094964306060856E-005 -1.986869888036370E-006
  1.887403980884930E-005  0.995963446699754      -2.368718173853498E-005
 -3.094964305992641E-005  4.301903177610313E-016  2.368718174420210E-005
 -2.368718173853498E-005  0.997929648314946      -5.191991061760044E-015
  2.325974049663120E-005 -3.094964306060856E-005 -3.094964305992641E-005
 -5.191991061760044E-015  0.995995134578029       0.000000000000000E+000
  0.000000000000000E+000  0.000000000000000E+000  0.000000000000000E+000
  0.000000000000000E+000  0.000000000000000E+000  0.000000000000000E+000
  0.000000000000000E+000  0.000000000000000E+000  0.000000000000000E+000
  0.000000000000000E+000  0.000000000000000E+000  0.000000000000000E+000
  0.000000000000000E+000  0.000000000000000E+000  0.000000000000000E+000
  0.000000000000000E+000  0.000000000000000E+000  0.000000000000000E+000
  0.000000000000000E+000  0.000000000000000E+000  0.000000000000000E+000
  0.000000000000000E+000  0.000000000000000E+000  0.000000000000000E+000
  0.000000000000000E+000  0.000000000000000E+000  0.000000000000000E+000
  0.000000000000000E+000  0.000000000000000E+000  0.000000000000000E+000
  0.000000000000000E+000  0.000000000000000E+000  0.000000000000000E+000
  0.000000000000000E+000  0.000000000000000E+000  0.000000000000000E+000
  0.000000000000000E+000  0.000000000000000E+000  0.000000000000000E+000
  0.000000000000000E+000  0.000000000000000E+000  0.000000000000000E+000
  0.000000000000000E+000  0.000000000000000E+000  0.000000000000000E+000
  0.000000000000000E+000  0.000000000000000E+000  0.000000000000000E+000
  0.000000000000000E+000  0.000000000000000E+000  0.000000000000000E+000
  0.000000000000000E+000  0.000000000000000E+000  0.000000000000000E+000
  0.000000000000000E+000  0.000000000000000E+000  0.000000000000000E+000
  0.000000000000000E+000  0.000000000000000E+000  0.000000000000000E+000
  0.000000000000000E+000  0.000000000000000E+000  0.000000000000000E+000
  0.000000000000000E+000  0.000000000000000E+000  0.000000000000000E+000
  0.000000000000000E+000  0.000000000000000E+000  0.000000000000000E+000
  0.000000000000000E+000  0.000000000000000E+000  0.000000000000000E+000
  0.000000000000000E+000  0.000000000000000E+000  0.000000000000000E+000
  0.000000000000000E+000  0.000000000000000E+000  0.000000000000000E+000
  0.000000000000000E+000  0.000000000000000E+000  0.000000000000000E+000
  0.000000000000000E+000  0.000000000000000E+000  0.000000000000000E+000
  0.000000000000000E+000  0.000000000000000E+000  0.000000000000000E+000
  0.000000000000000E+000  0.000000000000000E+000  0.000000000000000E+000
  0.000000000000000E+000  0.000000000000000E+000  0.000000000000000E+000
  0.000000000000000E+000  0.000000000000000E+000  0.000000000000000E+000
  0.000000000000000E+000  0.000000000000000E+000  0.000000000000000E+000
  0.000000000000000E+000  0.000000000000000E+000  0.000000000000000E+000
  0.000000000000000E+000  0.000000000000000E+000  0.000000000000000E+000
  0.000000000000000E+000  0.000000000000000E+000  0.000000000000000E+000
  0.000000000000000E+000  0.000000000000000E+000  0.000000000000000E+000
  0.000000000000000E+000  0.000000000000000E+000  0.000000000000000E+000
  0.000000000000000E+000  0.000000000000000E+000  0.000000000000000E+000
  0.000000000000000E+000  0.000000000000000E+000  0.000000000000000E+000
  0.000000000000000E+000  0.000000000000000E+000  0.000000000000000E+000
  0.000000000000000E+000  0.000000000000000E+000  0.000000000000000E+000
  0.000000000000000E+000  0.000000000000000E+000  0.000000000000000E+000
  0.000000000000000E+000  0.000000000000000E+000  0.000000000000000E+000
  0.000000000000000E+000  0.000000000000000E+000  0.000000000000000E+000
  0.000000000000000E+000  0.000000000000000E+000  0.000000000000000E+000
  0.000000000000000E+000  0.000000000000000E+000  0.000000000000000E+000
  0.000000000000000E+000  0.000000000000000E+000  0.000000000000000E+000
  0.000000000000000E+000  0.000000000000000E+000  0.000000000000000E+000
  0.000000000000000E+000  0.000000000000000E+000  0.000000000000000E+000
  0.000000000000000E+000  0.000000000000000E+000  0.000000000000000E+000
  0.000000000000000E+000  0.000000000000000E+000  0.000000000000000E+000
  0.000000000000000E+000  0.000000000000000E+000  0.000000000000000E+000
  0.000000000000000E+000  0.000000000000000E+000  0.000000000000000E+000
  0.000000000000000E+000  0.000000000000000E+000  0.000000000000000E+000
  0.000000000000000E+000  0.000000000000000E+000  0.000000000000000E+000
  0.000000000000000E+000  0.000000000000000E+000  0.000000000000000E+000
  0.000000000000000E+000  0.000000000000000E+000  0.000000000000000E+000
  0.000000000000000E+000  0.000000000000000E+000  0.000000000000000E+000
  0.000000000000000E+000  0.000000000000000E+000  0.000000000000000E+000
  0.000000000000000E+000  0.000000000000000E+000  0.000000000000000E+000
  0.000000000000000E+000  0.000000000000000E+000  0.000000000000000E+000
  0.000000000000000E+000  0.000000000000000E+000  0.000000000000000E+000
  0.000000000000000E+000  0.000000000000000E+000  0.000000000000000E+000
  0.000000000000000E+000  0.000000000000000E+000  0.000000000000000E+000
  0.000000000000000E+000  0.000000000000000E+000  0.000000000000000E+000
  0.000000000000000E+000  0.992996175380285      -2.385075405727510E-004
 -2.385075405720497E-004  4.163665126516980E-016 -4.770150811375285E-004
 -2.385075405727510E-004  0.987924968518934       1.935978321491775E-003
 -4.131071782517057E-004 -1.935978321491577E-003 -2.385075405720497E-004
  1.935978321491775E-003  0.987924968518930       4.131071782573529E-004
 -1.935978321490892E-003  4.163665126516980E-016 -4.131071782517057E-004
  4.131071782573529E-004  0.992996175380283      -5.165523505705197E-015
 -4.770150811375285E-004 -1.935978321491577E-003 -1.935978321490892E-003
 -5.165523505705197E-015  0.987924968518930       0.992996171113756     
 -2.385078677506773E-004 -2.385078677499760E-004  4.302442999823062E-016
 -4.770157354933809E-004 -2.385078677506773E-004  0.987924956801500     
  1.935996034835425E-003 -4.131077449404972E-004 -1.935996034835227E-003
 -2.385078677499760E-004  1.935996034835425E-003  0.987924956801497     
  4.131077449461444E-004 -1.935996034834541E-003  4.302442999823062E-016
 -4.131077449404972E-004  4.131077449461444E-004  0.992996171113754     
 -5.165523524397990E-015 -4.770157354933809E-004 -1.935996034835227E-003
 -1.935996034834541E-003 -5.165523524397990E-015  0.987924956801496     
  0.998226408276328       8.832818868993763E-005 -1.251537815689702E-004
 -9.799156226689177E-006  2.057255487250006E-004  8.832818868993763E-005
  0.996589434979447      -5.183388310182061E-004  1.865550983533439E-004
 -5.980576715849219E-004 -1.251537815689702E-004 -5.183388310182061E-004
  0.996637776598491       2.167727084350918E-004  5.183388310190884E-004
 -9.799156226689177E-006  1.865550983533439E-004  2.167727084350918E-004
  0.998237723367297      -1.678309390179349E-005  2.057255487250006E-004
 -5.980576715849219E-004  5.183388310190884E-004 -1.678309390179349E-005
  0.996589434979443       0.998226408212014       8.832844237339199E-005
 -1.251538842428489E-004 -9.798986589135173E-006  2.057257814969638E-004
  8.832844237339199E-005  0.996589434064258      -5.183396652545295E-004
  1.865552206710445E-004 -5.980569858083442E-004 -1.251538842428489E-004
 -5.183396652545295E-004  0.996637774984095       2.167728862714665E-004
  5.183396652554119E-004 -9.798986589135173E-006  1.865552206710445E-004
  2.167728862714665E-004  0.998237723107102      -1.678293536432778E-005
  2.057257814969638E-004 -5.980569858083442E-004  5.183396652554119E-004
 -1.678293536432778E-005  0.996589434064254       0.998226408276328     
 -1.251537815696817E-004  8.832818869064881E-005  9.799156227556518E-006
  2.057255487249991E-004 -1.251537815696817E-004  0.996637776598495     
 -5.183388310182037E-004 -2.167727084294289E-004  5.183388310184076E-004
  8.832818869064881E-005 -5.183388310182037E-004  0.996589434979443     
 -1.865550983476711E-004 -5.980576715842399E-004  9.799156227556518E-006
 -2.167727084294289E-004 -1.865550983476711E-004  0.998237723367297     
  1.678309389140390E-005  2.057255487249991E-004  5.183388310184076E-004
 -5.980576715842399E-004  1.678309389140390E-005  0.996589434979443     
  0.998226408212014      -1.251538842435605E-004  8.832844237410318E-005
  9.798986589988637E-006  2.057257814969624E-004 -1.251538842435605E-004
  0.996637774984099      -5.183396652545271E-004 -2.167728862658036E-004
  5.183396652547310E-004  8.832844237410318E-005 -5.183396652545271E-004
  0.996589434064254      -1.865552206653717E-004 -5.980569858076621E-004
  9.798986589988637E-006 -2.167728862658036E-004 -1.865552206653717E-004
  0.998237723107102       1.678293535393819E-005  2.057257814969624E-004
  5.183396652547310E-004 -5.980569858076621E-004  1.678293535393819E-005
  0.996589434064254       0.998243380912785       1.173973600270454E-004
  1.173973600277540E-004  4.232852287230665E-016 -2.503075631313518E-004
  1.173973600270454E-004  0.996589434979447       5.980576715851253E-004
  1.697720044567436E-004  5.183388310184074E-004  1.173973600277540E-004
  5.980576715851253E-004  0.996589434979443      -1.697720044510739E-004
  5.183388310190891E-004  4.232852287230665E-016  1.697720044567436E-004
 -1.697720044510739E-004  0.998220750730841      -5.191568072505275E-015
 -2.503075631313518E-004  5.183388310184074E-004  5.183388310190891E-004
 -5.191568072505275E-015  0.996637776598491       0.998243380554649     
  1.173973391155543E-004  1.173973391162628E-004  4.163463346630287E-016
 -2.503077684791094E-004  1.173973391155543E-004  0.996589434064258     
  5.980569858085476E-004  1.697722853119099E-004  5.183396652547309E-004
  1.173973391162628E-004  5.980569858085476E-004  0.996589434064254     
 -1.697722853062401E-004  5.183396652554124E-004  4.163463346630287E-016
  1.697722853119099E-004 -1.697722853062401E-004  0.998220750764467     
 -5.191571459559733E-015 -2.503077684791094E-004  5.183396652547309E-004
  5.183396652554124E-004 -5.191571459559733E-015  0.996637774984095     
  0.000000000000000E+000  0.000000000000000E+000  0.000000000000000E+000
  0.000000000000000E+000  0.000000000000000E+000  0.000000000000000E+000
  0.000000000000000E+000  0.000000000000000E+000  0.000000000000000E+000
  0.000000000000000E+000  0.000000000000000E+000  0.000000000000000E+000
  0.000000000000000E+000  0.000000000000000E+000  0.000000000000000E+000
  0.000000000000000E+000  0.000000000000000E+000  0.000000000000000E+000
  0.000000000000000E+000  0.000000000000000E+000  0.000000000000000E+000
  0.000000000000000E+000  0.000000000000000E+000  0.000000000000000E+000
  0.000000000000000E+000  0.000000000000000E+000  0.000000000000000E+000
  0.000000000000000E+000  0.000000000000000E+000  0.000000000000000E+000
  0.000000000000000E+000  0.000000000000000E+000  0.000000000000000E+000
  0.000000000000000E+000  0.000000000000000E+000  0.000000000000000E+000
  0.000000000000000E+000  0.000000000000000E+000  0.000000000000000E+000
  0.000000000000000E+000  0.000000000000000E+000  0.000000000000000E+000
  0.000000000000000E+000  0.000000000000000E+000  0.000000000000000E+000
  0.000000000000000E+000  0.000000000000000E+000  0.000000000000000E+000
  0.000000000000000E+000  0.000000000000000E+000  0.000000000000000E+000
  0.000000000000000E+000  0.000000000000000E+000  0.000000000000000E+000
  0.000000000000000E+000  0.000000000000000E+000  0.000000000000000E+000
  0.000000000000000E+000  0.000000000000000E+000  0.000000000000000E+000
  0.000000000000000E+000  0.000000000000000E+000  0.000000000000000E+000
  0.000000000000000E+000  0.000000000000000E+000  0.000000000000000E+000
  0.000000000000000E+000  0.000000000000000E+000  0.000000000000000E+000
  0.000000000000000E+000  0.000000000000000E+000  0.000000000000000E+000
  0.000000000000000E+000  0.000000000000000E+000  0.000000000000000E+000
  0.000000000000000E+000  0.000000000000000E+000  0.000000000000000E+000
  0.000000000000000E+000  0.000000000000000E+000  0.000000000000000E+000
  0.000000000000000E+000  0.000000000000000E+000  0.000000000000000E+000
  0.000000000000000E+000  0.000000000000000E+000  0.000000000000000E+000
  0.000000000000000E+000  0.000000000000000E+000  0.000000000000000E+000
  0.000000000000000E+000  0.000000000000000E+000  0.000000000000000E+000
  0.000000000000000E+000  0.000000000000000E+000  0.000000000000000E+000
  0.000000000000000E+000  0.000000000000000E+000  0.000000000000000E+000
  0.000000000000000E+000  0.000000000000000E+000  0.000000000000000E+000
  0.000000000000000E+000  0.000000000000000E+000  0.000000000000000E+000
  0.000000000000000E+000  0.000000000000000E+000  0.000000000000000E+000
  0.000000000000000E+000  0.000000000000000E+000  0.000000000000000E+000
  0.000000000000000E+000  0.000000000000000E+000  0.000000000000000E+000
  0.000000000000000E+000  0.000000000000000E+000  0.000000000000000E+000
  0.000000000000000E+000  0.000000000000000E+000  0.000000000000000E+000
  0.000000000000000E+000  0.000000000000000E+000  0.000000000000000E+000
  0.000000000000000E+000  0.000000000000000E+000  0.000000000000000E+000
  0.000000000000000E+000  0.000000000000000E+000  0.000000000000000E+000
  0.000000000000000E+000  0.000000000000000E+000  0.000000000000000E+000
  0.000000000000000E+000  0.000000000000000E+000  0.000000000000000E+000
  0.000000000000000E+000  0.000000000000000E+000  0.000000000000000E+000
  0.000000000000000E+000  0.000000000000000E+000  0.000000000000000E+000
  0.000000000000000E+000  0.000000000000000E+000  0.000000000000000E+000
  0.000000000000000E+000  0.000000000000000E+000  0.000000000000000E+000
  0.000000000000000E+000  0.000000000000000E+000  0.000000000000000E+000
