  0.997928926177079      -5.430126883375153E-006 -5.430126882665406E-006
  4.440901347628418E-016 -1.086025375873847E-005 -5.430126883375153E-006
  0.995952867259962      -5.353066569208306E-006 -9.405255644913862E-006
  5.353066569411055E-006 -5.430126882665406E-006 -5.353066569208306E-006
  0.995952867259958       9.405255650580494E-006  5.353066570092881E-006
  4.440901347628418E-016 -9.405255644913862E-006  9.405255650580494E-006
  0.997928926177077      -5.191671309632280E-015 -1.086025375873847E-005
  5.353066569411055E-006  5.353066570092881E-006 -5.191671309632280E-015
  0.995952867259958       0.997929661374707      -4.885955078568971E-006
 -4.885955077859239E-006  4.440899332185218E-016 -9.771910149126194E-006
 -4.885955078568971E-006  0.995942589492229      -5.138962602432422E-006
 -8.462722430943201E-006  5.138962602635169E-006 -4.885955077859239E-006
 -5.138962602432422E-006  0.995942589492225       8.462722436609770E-006
  5.138962603316990E-006  4.440899332185218E-016 -8.462722430943201E-006
  8.462722436609770E-006  0.997929661374705      -5.191635418809628E-015
 -9.771910149126194E-006  5.138962602635169E-006  5.138962603316990E-006
 -5.191635418809628E-015  0.995942589492225       0.997931140874684     
 -7.466245399513386E-006 -1.997142882719676E-006  3.187462061265958E-006
 -4.683977934169078E-006 -7.466245399513386E-006  0.995945876878520     
 -1.234424364281481E-005 -1.097953051710408E-006  4.209335088149959E-006
 -1.997142882719676E-006 -1.234424364281481E-005  0.995962815492912     
  3.459152941103454E-006  1.234424364369937E-005  3.187462061265958E-006
 -1.097953051710408E-006  3.459152941103454E-006  0.997927460310525     
 -5.916981661884964E-006 -4.683977934169078E-006  4.209335088149959E-006
  1.234424364369937E-005 -5.916981661884964E-006  0.995945876878516     
  0.997931776920518      -7.760212298015241E-006 -1.207295337468001E-006
  3.179191934606077E-006 -5.373379352428392E-006 -7.760212298015241E-006
  0.995934892355010      -1.273126596389755E-005 -1.724283372550978E-006
  1.211947851191412E-006 -1.207295337468001E-006 -1.273126596389755E-005
  0.995954807777799       2.091096862494006E-006  1.273126596478210E-005
  3.179191934606077E-006 -1.724283372550978E-006  2.091096862494006E-006
  0.997928105905878      -5.858399303439028E-006 -5.373379352428392E-006
  1.211947851191412E-006  1.273126596478210E-005 -5.858399303439028E-006
  0.995934892355006       0.997931140874684      -1.997142883429446E-006
 -7.466245398803640E-006 -3.187462060398605E-006 -4.683977934169065E-006
 -1.997142883429446E-006  0.995962815492916      -1.234424364281483E-005
 -3.459152935436875E-006  1.234424364301758E-005 -7.466245398803640E-006
 -1.234424364281483E-005  0.995945876878516       1.097953057376991E-006
  4.209335088831779E-006 -3.187462060398605E-006 -3.459152935436875E-006
  1.097953057376991E-006  0.997927460310525       5.916981651501732E-006
 -4.683977934169065E-006  1.234424364301758E-005  4.209335088831779E-006
  5.916981651501732E-006  0.995945876878516       0.997931776920518     
 -1.207295338177755E-006 -7.760212297305510E-006 -3.179191933717906E-006
 -5.373379352428384E-006 -1.207295338177755E-006  0.995954807777803     
 -1.273126596389757E-005 -2.091096856827480E-006  1.273126596410031E-005
 -7.760212297305510E-006 -1.273126596389757E-005  0.995934892355006     
  1.724283378217506E-006  1.211947851873228E-006 -3.179191933717906E-006
 -2.091096856827480E-006  1.724283378217506E-006  0.997928105905878     
  5.858399293055858E-006 -5.373379352428384E-006  1.273126596410031E-005
  1.211947851873228E-006  5.858399293055858E-006  0.995934892355006     
  0.997925620028448       2.782267457332588E-006  2.782267458042310E-006
  4.371583392693643E-016 -3.994285758847065E-006  2.782267457332588E-006
  0.995945876878520      -4.209335087947211E-006 -7.014934708403776E-006
  1.234424364301756E-005  2.782267458042310E-006 -4.209335087947211E-006
  0.995945876878516       7.014934714070325E-006  1.234424364369939E-005
  4.371583392693643E-016 -7.014934708403776E-006  7.014934714070325E-006
  0.997932981156761      -5.191670935081283E-015 -3.994285758847065E-006
  1.234424364301756E-005  1.234424364369939E-005 -5.191670935081283E-015
  0.995962815492912       0.997926270398561       2.386832937575205E-006
  2.386832938284911E-006  4.371584536517841E-016 -2.414590668343764E-006
  2.386832937575205E-006  0.995934892355010      -1.211947850988662E-006
 -7.582682670798441E-006  1.273126596410029E-005  2.386832938284911E-006
 -1.211947850988662E-006  0.995934892355006       7.582682676464932E-006
  1.273126596478213E-005  4.371584536517841E-016 -7.582682670798441E-006
  7.582682676464932E-006  0.997933612427835      -5.191643934852612E-015
 -2.414590668343764E-006  1.273126596410029E-005  1.273126596478213E-005
 -5.191643934852612E-015  0.995954807777799       0.000000000000000E+000
  0.000000000000000E+000  0.000000000000000E+000  0.000000000000000E+000
  0.000000000000000E+000  0.000000000000000E+000  0.000000000000000E+000
  0.000000000000000E+000  0.000000000000000E+000  0.000000000000000E+000
  0.000000000000000E+000  0.000000000000000E+000  0.000000000000000E+000
  0.000000000000000E+000  0.000000000000000E+000  0.000000000000000E+000
  0.000000000000000E+000  0.000000000000000E+000  0.000000000000000E+000
  0.000000000000000E+000  0.000000000000000E+000  0.000000000000000E+000
  0.000000000000000E+000  0.000000000000000E+000  0.000000000000000E+000
  0.000000000000000E+000  0.000000000000000E+000  0.000000000000000E+000
  0.000000000000000E+000  0.000000000000000E+000  0.000000000000000E+000
  0.000000000000000E+000  0.000000000000000E+000  0.000000000000000E+000
  0.000000000000000E+000  0.000000000000000E+000  0.000000000000000E+000
  0.000000000000000E+000  0.000000000000000E+000  0.000000000000000E+000
  0.000000000000000E+000  0.000000000000000E+000  0.000000000000000E+000
  0.000000000000000E+000  0.000000000000000E+000  0.000000000000000E+000
  0.000000000000000E+000  0.000000000000000E+000  0.000000000000000E+000
  0.000000000000000E+000  0.000000000000000E+000  0.000000000000000E+000
  0.000000000000000E+000  0.000000000000000E+000  0.000000000000000E+000
  0.000000000000000E+000  0.000000000000000E+000  0.000000000000000E+000
  0.000000000000000E+000  0.000000000000000E+000  0.000000000000000E+000
  0.000000000000000E+000  0.000000000000000E+000  0.000000000000000E+000
  0.000000000000000E+000  0.000000000000000E+000  0.000000000000000E+000
  0.000000000000000E+000  0.000000000000000E+000  0.000000000000000E+000
  0.000000000000000E+000  0.000000000000000E+000  0.000000000000000E+000
  0.000000000000000E+000  0.000000000000000E+000  0.000000000000000E+000
  0.000000000000000E+000  0.000000000000000E+000  0.000000000000000E+000
  0.000000000000000E+000  0.000000000000000E+000  0.000000000000000E+000
  0.000000000000000E+000  0.000000000000000E+000  0.000000000000000E+000
  0.000000000000000E+000  0.000000000000000E+000  0.000000000000000E+000
  0.000000000000000E+000  0.000000000000000E+000  0.000000000000000E+000
  0.000000000000000E+000  0.000000000000000E+000  0.000000000000000E+000
  0.000000000000000E+000  0.000000000000000E+000  0.000000000000000E+000
  0.000000000000000E+000  0.000000000000000E+000  0.000000000000000E+000
  0.000000000000000E+000  0.000000000000000E+000  0.000000000000000E+000
  0.000000000000000E+000  0.000000000000000E+000  0.000000000000000E+000
  0.000000000000000E+000  0.000000000000000E+000  0.000000000000000E+000
  0.000000000000000E+000  0.000000000000000E+000  0.000000000000000E+000
  0.000000000000000E+000  0.000000000000000E+000  0.000000000000000E+000
  0.000000000000000E+000  0.000000000000000E+000  0.000000000000000E+000
  0.000000000000000E+000  0.000000000000000E+000  0.000000000000000E+000
  0.000000000000000E+000  0.000000000000000E+000  0.000000000000000E+000
  0.000000000000000E+000  0.000000000000000E+000  0.000000000000000E+000
  0.000000000000000E+000  0.000000000000000E+000  0.000000000000000E+000
  0.000000000000000E+000  0.000000000000000E+000  0.000000000000000E+000
  0.000000000000000E+000  0.000000000000000E+000  0.000000000000000E+000
  0.000000000000000E+000  0.000000000000000E+000  0.000000000000000E+000
  0.000000000000000E+000  0.000000000000000E+000  0.000000000000000E+000
  0.000000000000000E+000  0.000000000000000E+000  0.000000000000000E+000
  0.000000000000000E+000  0.000000000000000E+000  0.000000000000000E+000
  0.000000000000000E+000  0.000000000000000E+000  0.000000000000000E+000
  0.000000000000000E+000  0.000000000000000E+000  0.000000000000000E+000
  0.000000000000000E+000  0.000000000000000E+000  0.000000000000000E+000
  0.000000000000000E+000  0.000000000000000E+000  0.000000000000000E+000
  0.000000000000000E+000  0.000000000000000E+000  0.000000000000000E+000
  0.000000000000000E+000  0.000000000000000E+000  0.000000000000000E+000
  0.000000000000000E+000  0.000000000000000E+000  0.000000000000000E+000
  0.000000000000000E+000  0.000000000000000E+000  0.000000000000000E+000
  0.000000000000000E+000  0.000000000000000E+000  0.000000000000000E+000
  0.000000000000000E+000  0.000000000000000E+000  0.000000000000000E+000
  0.000000000000000E+000  0.000000000000000E+000  0.000000000000000E+000
  0.000000000000000E+000  0.000000000000000E+000  0.000000000000000E+000
  0.000000000000000E+000  0.000000000000000E+000  0.000000000000000E+000
  0.000000000000000E+000  0.000000000000000E+000  0.000000000000000E+000
  0.000000000000000E+000  0.000000000000000E+000  0.000000000000000E+000
  0.000000000000000E+000  0.000000000000000E+000  0.000000000000000E+000
  0.000000000000000E+000  0.000000000000000E+000  0.000000000000000E+000
  0.000000000000000E+000  0.997932342547713      -3.563273723720218E-005
 -3.563273723649225E-005  4.510069216550340E-016  3.249164278412048E-005
 -3.563273723720218E-005  0.995934350392388      -1.394667667700359E-005
 -1.302438735032347E-005  2.293457299964964E-005 -3.563273723649225E-005
 -1.394667667700359E-005  0.995934350392384       1.302438735598986E-005
  2.293457300033142E-005  4.510069216550340E-016 -1.302438735032347E-005
  1.302438735598986E-005  0.997926397697440      -5.191611041610124E-015
  3.249164278412048E-005  2.293457299964964E-005  2.293457300033142E-005
 -5.191611041610124E-015  0.995961022305215       0.997906388783727     
 -9.274147374990999E-005 -9.274147374919983E-005  4.509100685457290E-016
  3.215610530969170E-005 -9.274147374990999E-005  0.995813422296802     
 -1.404604508858319E-004 -6.614874821363248E-006  3.401784404448739E-005
 -9.274147374919983E-005 -1.404604508858319E-004  0.995813422296798     
  6.614874827028095E-006  3.401784404516912E-005  4.509100685457290E-016
 -6.614874821363248E-006  6.614874827028095E-006  0.997925517038414     
 -5.191541812818389E-015  3.215610530969170E-005  3.401784404448739E-005
  3.401784404516912E-005 -5.191541812818389E-015  0.995962586653634     
  0.997921947762208       2.429928567305418E-005 -4.155484895120524E-005
  3.389279581704500E-006 -1.210185106314220E-005  2.429928567305418E-005
  0.995912902338838       4.096691436058200E-005  8.200424970368218E-007
  2.176131089237754E-005 -4.155484895120524E-005  4.096691436058200E-005
  0.995927622122829       1.898990994324832E-005 -3.589007569541841E-006
  3.389279581704500E-006  8.200424970368218E-007  1.898990994324832E-005
  0.997946868203516       6.544704257406067E-006 -1.210185106314220E-005
  2.176131089237754E-005 -3.589007569541841E-006  6.544704257406067E-006
  0.995994137627040       0.997899659313872       6.914718750205465E-005
 -8.429759979211475E-005  1.513337104526541E-006 -1.473153608683712E-005
  6.914718750205465E-005  0.995805640317596       1.412577205726776E-004
 -2.445823431870007E-006  3.463243179620767E-005 -8.429759979211475E-005
  1.412577205726776E-004  0.995828680038102       8.976126640908723E-006
 -1.591018181711823E-005  1.513337104526541E-006 -2.445823431870007E-006
  8.976126640908723E-006  0.997945469610620       6.319311914426282E-006
 -1.473153608683712E-005  3.463243179620767E-005 -1.591018181711823E-005
  6.319311914426282E-006  0.995994274041543       0.997921947762209     
 -4.155484895191491E-005  2.429928567376388E-005 -3.389279580837148E-006
 -1.210185106314227E-005 -4.155484895191491E-005  0.995927622122833     
  4.096691436058196E-005 -1.898990993758151E-005 -3.589007570223817E-006
  2.429928567376388E-005  4.096691436058196E-005  0.995912902338834     
 -8.200424913702344E-007  2.176131089305958E-005 -3.389279580837148E-006
 -1.898990993758151E-005 -8.200424913702344E-007  0.997946868203516     
 -6.544704267789740E-006 -1.210185106314227E-005 -3.589007570223817E-006
  2.176131089305958E-005 -6.544704267789740E-006  0.995994137627040     
  0.997899659313872      -8.429759979282424E-005  6.914718750276411E-005
 -1.513337103638374E-006 -1.473153608683728E-005 -8.429759979282424E-005
  0.995828680038106       1.412577205726775E-004 -8.976126635241817E-006
 -1.591018181780050E-005  6.914718750276411E-005  1.412577205726775E-004
  0.995805640317592       2.445823437536403E-006  3.463243179688998E-005
 -1.513337103638374E-006 -8.976126635241817E-006  2.445823437536403E-006
  0.997945469610620      -6.319311924809936E-006 -1.473153608683728E-005
 -1.591018181780050E-005  3.463243179688998E-005 -6.319311924809936E-006
  0.995994274041543       0.997962242793186      -6.248297999719864E-005
 -6.248297999648875E-005  4.301582084066217E-016 -5.177577251407819E-005
 -6.248297999719864E-005  0.995955840491380       5.091081661915780E-006
 -4.320554792949616E-005  9.214137191991061E-005 -6.248297999648875E-005
  5.091081661915780E-006  0.995955840491376       4.320554793516224E-005
  9.214137192059209E-005  4.301582084066217E-016 -4.320554792949616E-005
  4.320554793516224E-005  0.997917126948835      -5.191230944986009E-015
 -5.177577251407819E-005  9.214137191991061E-005  9.214137192059209E-005
 -5.191230944986009E-015  0.995956019224344       0.997953530011781     
 -4.356817220437605E-005 -4.356817220366624E-005  4.579578983773179E-016
 -5.573789567150400E-005 -4.356817220437605E-005  0.995878976985554     
 -6.476894525255842E-005 -4.832553570936807E-005  9.263019055657165E-005
 -4.356817220366624E-005 -6.476894525255842E-005  0.995878976985550     
  4.832553571503326E-005  9.263019055725305E-005  4.579578983773179E-016
 -4.832553570936807E-005  4.832553571503326E-005  0.997915543476162     
 -5.191226032532765E-015 -5.573789567150400E-005  9.263019055657165E-005
  9.263019055725305E-005 -5.191226032532765E-015  0.995954782220283     
  0.000000000000000E+000  0.000000000000000E+000  0.000000000000000E+000
  0.000000000000000E+000  0.000000000000000E+000  0.000000000000000E+000
  0.000000000000000E+000  0.000000000000000E+000  0.000000000000000E+000
  0.000000000000000E+000  0.000000000000000E+000  0.000000000000000E+000
  0.000000000000000E+000  0.000000000000000E+000  0.000000000000000E+000
  0.000000000000000E+000  0.000000000000000E+000  0.000000000000000E+000
  0.000000000000000E+000  0.000000000000000E+000  0.000000000000000E+000
  0.000000000000000E+000  0.000000000000000E+000  0.000000000000000E+000
  0.000000000000000E+000  0.000000000000000E+000  0.000000000000000E+000
  0.000000000000000E+000  0.000000000000000E+000  0.000000000000000E+000
  0.000000000000000E+000  0.000000000000000E+000  0.000000000000000E+000
  0.000000000000000E+000  0.000000000000000E+000  0.000000000000000E+000
  0.000000000000000E+000  0.000000000000000E+000  0.000000000000000E+000
  0.000000000000000E+000  0.000000000000000E+000  0.000000000000000E+000
  0.000000000000000E+000  0.000000000000000E+000  0.000000000000000E+000
  0.000000000000000E+000  0.000000000000000E+000  0.000000000000000E+000
  0.000000000000000E+000  0.000000000000000E+000  0.000000000000000E+000
  0.000000000000000E+000  0.000000000000000E+000  0.000000000000000E+000
  0.000000000000000E+000  0.000000000000000E+000  0.000000000000000E+000
  0.000000000000000E+000  0.000000000000000E+000  0.000000000000000E+000
  0.000000000000000E+000  0.000000000000000E+000  0.000000000000000E+000
  0.000000000000000E+000  0.000000000000000E+000  0.000000000000000E+000
  0.000000000000000E+000  0.000000000000000E+000  0.000000000000000E+000
  0.000000000000000E+000  0.000000000000000E+000  0.000000000000000E+000
  0.000000000000000E+000  0.000000000000000E+000  0.000000000000000E+000
  0.000000000000000E+000  0.000000000000000E+000  0.000000000000000E+000
  0.000000000000000E+000  0.000000000000000E+000  0.000000000000000E+000
  0.000000000000000E+000  0.000000000000000E+000  0.000000000000000E+000
  0.000000000000000E+000  0.000000000000000E+000  0.000000000000000E+000
  0.000000000000000E+000  0.000000000000000E+000  0.000000000000000E+000
  0.000000000000000E+000  0.000000000000000E+000  0.000000000000000E+000
  0.000000000000000E+000  0.000000000000000E+000  0.000000000000000E+000
  0.000000000000000E+000  0.000000000000000E+000  0.000000000000000E+000
  0.000000000000000E+000  0.000000000000000E+000  0.000000000000000E+000
  0.000000000000000E+000  0.000000000000000E+000  0.000000000000000E+000
  0.000000000000000E+000  0.000000000000000E+000  0.000000000000000E+000
  0.000000000000000E+000  0.000000000000000E+000  0.000000000000000E+000
  0.000000000000000E+000  0.000000000000000E+000  0.000000000000000E+000
  0.000000000000000E+000  0.000000000000000E+000  0.000000000000000E+000
  0.000000000000000E+000  0.000000000000000E+000  0.000000000000000E+000
  0.000000000000000E+000  0.000000000000000E+000  0.000000000000000E+000
  0.000000000000000E+000  0.000000000000000E+000  0.000000000000000E+000
  0.000000000000000E+000  0.000000000000000E+000  0.000000000000000E+000
  0.000000000000000E+000  0.000000000000000E+000  0.000000000000000E+000
  0.000000000000000E+000  0.000000000000000E+000  0.000000000000000E+000
  0.000000000000000E+000  0.000000000000000E+000  0.000000000000000E+000
  0.000000000000000E+000  0.000000000000000E+000  0.000000000000000E+000
  0.000000000000000E+000  0.000000000000000E+000  0.000000000000000E+000
  0.000000000000000E+000  0.000000000000000E+000  0.000000000000000E+000
  0.000000000000000E+000  0.000000000000000E+000  0.000000000000000E+000
  0.000000000000000E+000  0.000000000000000E+000  0.000000000000000E+000
  0.000000000000000E+000  0.000000000000000E+000  0.000000000000000E+000
  0.000000000000000E+000  0.000000000000000E+000  0.000000000000000E+000
  0.000000000000000E+000  0.000000000000000E+000  0.000000000000000E+000
  0.000000000000000E+000  0.000000000000000E+000  0.000000000000000E+000
  0.000000000000000E+000  0.000000000000000E+000  0.000000000000000E+000
  0.000000000000000E+000  0.000000000000000E+000  0.000000000000000E+000
  0.000000000000000E+000  0.000000000000000E+000  0.000000000000000E+000
  0.000000000000000E+000  0.000000000000000E+000  0.000000000000000E+000
  0.000000000000000E+000  0.000000000000000E+000  0.000000000000000E+000
  0.000000000000000E+000  0.000000000000000E+000  0.000000000000000E+000
  0.000000000000000E+000  0.000000000000000E+000  0.000000000000000E+000
  0.000000000000000E+000  0.000000000000000E+000  0.000000000000000E+000
  0.000000000000000E+000  0.000000000000000E+000  0.000000000000000E+000
  0.000000000000000E+000  0.000000000000000E+000  0.000000000000000E+000
  0.000000000000000E+000  0.000000000000000E+000  0.000000000000000E+000
  0.000000000000000E+000  0.000000000000000E+000  0.997927883910010     
  1.624582138805449E-005  6.536918297721865E-006  2.574195679033720E-006
 -2.909581893217840E-005  1.624582138805449E-005  0.995961022305219     
 -2.293457299944690E-005  2.813858806343682E-005  2.293457299964962E-005
  6.536918297721865E-006 -2.293457299944690E-005  0.995934350392384     
  3.737104933030206E-005  1.394667667788805E-005  2.574195679033720E-006
  2.813858806343682E-005  3.737104933030206E-005  0.997930856335143     
 -2.434666197950379E-005 -2.909581893217840E-005  2.293457299964962E-005
  1.394667667788805E-005 -2.434666197950379E-005  0.995934350392384     
  0.997920734974744       1.607805265084024E-005  4.064208723003136E-005
 -8.282777245169350E-006 -5.209938651257820E-005  1.607805265084024E-005
  0.995962586653638      -3.401784404428493E-005  2.784800408665994E-005
  3.401784404448767E-005  4.064208723003136E-005 -3.401784404428493E-005
  0.995813422296798       8.362390966385799E-005  1.404604508867160E-004
 -8.282777245169350E-006  2.784800408665994E-005  8.362390966385799E-005
  0.997911170847397      -7.700903484202080E-005 -5.209938651257820E-005
  3.401784404448767E-005  1.404604508867160E-004 -7.700903484202080E-005
  0.995813422296798       0.997943573295408      -3.830453839110929E-007
  4.331680047662591E-006 -9.096227832641735E-006  1.285982047167529E-005
 -3.830453839110929E-007  0.995994137627044       3.589007570426509E-006
 -1.375286258309669E-005  2.176131089237767E-005  4.331680047662591E-006
  3.589007570426509E-006  0.995927622122829       4.548250981292221E-005
 -4.096691435969743E-005 -9.096227832641735E-006 -1.375286258309669E-005
  4.548250981292221E-005  0.997925242670316       2.063377743728885E-005
  1.285982047167529E-005  2.176131089237767E-005 -4.096691435969743E-005
  2.063377743728885E-005  0.995912902338834       0.997935327624811     
 -1.893083390597574E-006  3.437524619593597E-005 -1.907977181784397E-005
  3.245544852638820E-005 -1.893083390597574E-006  0.995994274041547     
  1.591018181800303E-005 -1.591754044607812E-005  3.463243179620792E-005
  3.437524619593597E-005  1.591018181800303E-005  0.995828680038102     
  7.749192621760873E-005 -1.412577205717930E-004 -1.907977181784397E-005
 -1.591754044607812E-005  7.749192621760873E-005  0.997909801299681     
  6.110613269208714E-005  3.245544852638820E-005  3.463243179620792E-005
 -1.412577205717930E-004  6.110613269208714E-005  0.995805640317592     
  0.997928405909924      -2.588788626104447E-005 -6.175612099540636E-006
  1.953573366018230E-005 -6.865859208943765E-005 -2.588788626104447E-005
  0.995956019224348      -9.214137191970761E-005 -4.483913429605677E-005
  9.214137191991060E-005 -6.175612099540636E-006 -9.214137191970761E-005
  0.995955840491376       7.571462194782439E-005 -5.091081661031375E-006
  1.953573366018230E-005 -4.483913429605677E-005  7.571462194782439E-005
  0.997950963832097      -3.250907401785366E-005 -6.865859208943765E-005
  9.214137191991060E-005 -5.091081661031375E-006 -3.250907401785366E-005
  0.995955840491376       0.997925040110068      -2.786894783975739E-005
 -2.006705548038600E-005  1.644865242367289E-005 -6.363522767746143E-005
 -2.786894783975739E-005  0.995954782220287      -9.263019055636878E-005
 -4.827043360331018E-005  9.263019055657173E-005 -2.006705548038600E-005
 -9.263019055636878E-005  0.995878976985550       6.189391178147588E-005
  6.476894525344269E-005  1.644865242367289E-005 -4.827043360331018E-005
  6.189391178147588E-005  0.997944033377875      -1.356837607163369E-005
 -6.363522767746143E-005  9.263019055657173E-005  6.476894525344269E-005
 -1.356837607163369E-005  0.995878976985550       0.997937702890972     
 -1.171880568724325E-005 -1.143946520868089E-005 -1.248550741390909E-005
 -3.722316889695003E-005 -1.171880568724325E-005  0.995994137627044     
 -2.176131089217496E-005 -7.208158320498776E-006 -3.589007570223757E-006
 -1.143946520868089E-005 -2.176131089217496E-005  0.995912902338834     
 -2.145381993385065E-005 -4.096691435969729E-005 -1.248550741390909E-005
 -7.208158320498776E-006 -2.145381993385065E-005  0.997931113074751     
 -2.649259987486549E-005 -3.722316889695003E-005 -3.589007570223757E-006
 -4.096691435969729E-005 -2.649259987486549E-005  0.995927622122829     
  0.997932706448058      -1.283845270425174E-005 -3.669173898296817E-005
 -2.059310892188471E-005 -4.992235358958601E-005 -1.283845270425174E-005
  0.995994274041547      -3.463243179600527E-005 -9.598228526459998E-006
 -1.591018181780031E-005 -3.669173898296817E-005 -3.463243179600527E-005
  0.995805640317592      -5.866030925974207E-005 -1.412577205717927E-004
 -2.059310892188471E-005 -9.598228526459998E-006 -5.866030925974207E-005
  0.997912422476434      -6.851579958189137E-005 -4.992235358958601E-005
 -1.591018181780031E-005 -1.412577205717927E-004 -6.851579958189137E-005
  0.995828680038102       0.000000000000000E+000  0.000000000000000E+000
  0.000000000000000E+000  0.000000000000000E+000  0.000000000000000E+000
  0.000000000000000E+000  0.000000000000000E+000  0.000000000000000E+000
  0.000000000000000E+000  0.000000000000000E+000  0.000000000000000E+000
  0.000000000000000E+000  0.000000000000000E+000  0.000000000000000E+000
  0.000000000000000E+000  0.000000000000000E+000  0.000000000000000E+000
  0.000000000000000E+000  0.000000000000000E+000  0.000000000000000E+000
  0.000000000000000E+000  0.000000000000000E+000  0.000000000000000E+000
  0.000000000000000E+000  0.000000000000000E+000  0.000000000000000E+000
  0.000000000000000E+000  0.000000000000000E+000  0.000000000000000E+000
  0.000000000000000E+000  0.000000000000000E+000  0.000000000000000E+000
  0.000000000000000E+000  0.000000000000000E+000  0.000000000000000E+000
  0.000000000000000E+000  0.000000000000000E+000  0.000000000000000E+000
  0.000000000000000E+000  0.000000000000000E+000  0.000000000000000E+000
  0.000000000000000E+000  0.000000000000000E+000  0.000000000000000E+000
  0.000000000000000E+000  0.000000000000000E+000  0.000000000000000E+000
  0.000000000000000E+000  0.000000000000000E+000  0.000000000000000E+000
  0.000000000000000E+000  0.000000000000000E+000  0.000000000000000E+000
  0.000000000000000E+000  0.000000000000000E+000  0.000000000000000E+000
  0.000000000000000E+000  0.000000000000000E+000  0.000000000000000E+000
  0.000000000000000E+000  0.000000000000000E+000  0.000000000000000E+000
  0.000000000000000E+000  0.000000000000000E+000  0.000000000000000E+000
  0.000000000000000E+000  0.000000000000000E+000  0.000000000000000E+000
  0.000000000000000E+000  0.000000000000000E+000  0.000000000000000E+000
  0.000000000000000E+000  0.000000000000000E+000  0.000000000000000E+000
  0.000000000000000E+000  0.000000000000000E+000  0.000000000000000E+000
  0.000000000000000E+000  0.000000000000000E+000  0.000000000000000E+000
  0.000000000000000E+000  0.000000000000000E+000  0.000000000000000E+000
  0.000000000000000E+000  0.000000000000000E+000  0.000000000000000E+000
  0.000000000000000E+000  0.000000000000000E+000  0.000000000000000E+000
  0.000000000000000E+000  0.000000000000000E+000  0.000000000000000E+000
  0.000000000000000E+000  0.000000000000000E+000  0.000000000000000E+000
  0.000000000000000E+000  0.000000000000000E+000  0.000000000000000E+000
  0.000000000000000E+000  0.000000000000000E+000  0.000000000000000E+000
  0.000000000000000E+000  0.000000000000000E+000  0.000000000000000E+000
  0.000000000000000E+000  0.000000000000000E+000  0.000000000000000E+000
  0.000000000000000E+000  0.000000000000000E+000  0.000000000000000E+000
  0.000000000000000E+000  0.000000000000000E+000  0.000000000000000E+000
  0.000000000000000E+000  0.000000000000000E+000  0.000000000000000E+000
  0.000000000000000E+000  0.000000000000000E+000  0.000000000000000E+000
  0.000000000000000E+000  0.000000000000000E+000  0.000000000000000E+000
  0.000000000000000E+000  0.000000000000000E+000  0.000000000000000E+000
  0.000000000000000E+000  0.000000000000000E+000  0.000000000000000E+000
  0.000000000000000E+000  0.000000000000000E+000  0.000000000000000E+000
  0.000000000000000E+000  0.000000000000000E+000  0.000000000000000E+000
  0.000000000000000E+000  0.000000000000000E+000  0.000000000000000E+000
  0.000000000000000E+000  0.000000000000000E+000  0.000000000000000E+000
  0.000000000000000E+000  0.000000000000000E+000  0.000000000000000E+000
  0.000000000000000E+000  0.000000000000000E+000  0.000000000000000E+000
  0.000000000000000E+000  0.000000000000000E+000  0.000000000000000E+000
  0.000000000000000E+000  0.000000000000000E+000  0.000000000000000E+000
  0.000000000000000E+000  0.000000000000000E+000  0.000000000000000E+000
  0.000000000000000E+000  0.000000000000000E+000  0.000000000000000E+000
  0.000000000000000E+000  0.000000000000000E+000  0.000000000000000E+000
  0.000000000000000E+000  0.000000000000000E+000  0.000000000000000E+000
  0.000000000000000E+000  0.000000000000000E+000  0.000000000000000E+000
  0.000000000000000E+000  0.000000000000000E+000  0.000000000000000E+000
  0.000000000000000E+000  0.000000000000000E+000  0.000000000000000E+000
  0.000000000000000E+000  0.000000000000000E+000  0.000000000000000E+000
  0.000000000000000E+000  0.000000000000000E+000  0.000000000000000E+000
  0.000000000000000E+000  0.000000000000000E+000  0.000000000000000E+000
  0.000000000000000E+000  0.000000000000000E+000  0.000000000000000E+000
  0.000000000000000E+000  0.000000000000000E+000  0.000000000000000E+000
  0.000000000000000E+000  0.000000000000000E+000  0.000000000000000E+000
  0.000000000000000E+000  0.000000000000000E+000  0.000000000000000E+000
  0.000000000000000E+000  0.000000000000000E+000  0.000000000000000E+000
  0.000000000000000E+000  0.000000000000000E+000  0.000000000000000E+000
  0.997936272535781      -4.755965253658161E-006 -1.834408619759131E-005
 -2.297142655173501E-005 -1.125668213736073E-005 -4.755965253658161E-006
  0.995959680130921       1.625223881398088E-005 -1.025223910553226E-005
  3.154825812621030E-005 -1.834408619759131E-005  1.625223881398088E-005
  0.995987678552870       3.177288931090947E-005 -1.625223881309623E-005
 -2.297142655173501E-005 -1.025223910553226E-005  3.177288931090947E-005
  0.997962797654385       1.007332822709134E-006 -1.125668213736073E-005
  3.154825812621030E-005 -1.625223881309623E-005  1.007332822709134E-006
  0.995959680130917       0.997932255402768       9.624815416955864E-007
 -2.608533614278105E-005 -1.224303041099521E-005 -1.383537867311889E-005
  9.624815416955864E-007  0.995954497014429       2.321004863042202E-005
 -1.653140818033295E-005  3.743928554187695E-005 -2.608533614278105E-005
  2.321004863042202E-005  0.995974838252191       4.518112753006786E-005
 -2.321004862953736E-005 -1.224303041099521E-005 -1.653140818033295E-005
  4.518112753006786E-005  0.997946392436574       9.099237555075534E-006
 -1.383537867311889E-005  3.743928554187695E-005 -2.321004862953736E-005
  9.099237555075534E-006  0.995954497014425       0.997921218866580     
  1.990355383575219E-005 -1.412239403950527E-005 -6.720089571053677E-006
  2.601718519550004E-005  1.990355383575219E-005  0.995964887994715     
  4.253035741325282E-006  1.855073558684113E-005  3.323545693767073E-005
 -1.412239403950527E-005  4.253035741325282E-006  0.995976060234536     
  2.446070399918941E-005 -4.253035740440694E-006 -6.720089571053677E-006
  1.855073558684113E-005  2.446070399918941E-005  0.997928978557624     
  7.961615453059149E-006  2.601718519550004E-005  3.323545693767073E-005
 -4.253035740440694E-006  7.961615453059149E-006  0.995964887994711     
  0.997916512365676       1.204812259931758E-005 -2.597351468084082E-005
  6.273116411818759E-006  2.973479820705116E-005  1.204812259931758E-005
  0.995957807559078      -6.788558219390966E-006  2.737880067172113E-005
  4.090272657623715E-005 -2.597351468084082E-005 -6.788558219390966E-006
  0.995953112227020       4.498744707661086E-005  6.788558220275482E-006
  6.273116411818759E-006  2.737880067172113E-005  4.498744707661086E-005
  0.997909268794776      -3.255420097814953E-006  2.973479820705116E-005
  4.090272657623715E-005  6.788558220275482E-006 -3.255420097814953E-006
  0.995957807559074       0.997907774230127       4.870592778442921E-005
  2.329242924574957E-005  2.967254605978214E-005  1.087499563972105E-004
  4.870592778442921E-005  0.995937286210802       1.164343615145062E-004
  7.873295552892793E-005  9.443677363349603E-005  2.329242924574957E-005
  1.164343615145062E-004  0.995982239008354       8.009406960588872E-005
 -3.791225199977728E-007  2.967254605978214E-005  7.873295552892793E-005
  8.009406960588872E-005  0.997951836106222       5.315830564094205E-005
  1.087499563972105E-004  9.443677363349603E-005 -3.791225199977728E-007
  5.315830564094205E-005  0.995984378295317       0.997899145256186     
  5.307557974582009E-005  3.391049071179092E-005  3.932047328655820E-005
  1.133760270640494E-004  5.307557974582009E-005  0.995933204847070     
  1.106006750461927E-004  7.402890324085301E-005  9.121586380946908E-005
  3.391049071179092E-005  1.106006750461927E-004  0.995965447823879     
  6.787289456413885E-005 -6.910414572493165E-006  3.932047328655820E-005
  7.402890324085301E-005  6.787289456413885E-005  0.997941408332726     
  4.707559445526800E-005  1.133760270640494E-004  9.121586380946908E-005
 -6.910414572493165E-006  4.707559445526800E-005  0.995980510582501     
  0.997966517815883       1.004114213062890E-004 -8.100971359556187E-005
 -4.243078989107844E-006  9.253770349582824E-005  1.004114213062890E-004
  0.995984378295321       3.791225208824383E-007  6.760107207906660E-005
  9.443677363349608E-005 -8.100971359556187E-005  3.791225208824383E-007
  0.995982239008354       1.987519935940288E-005 -1.164343615136214E-004
 -4.243078989107844E-006  6.760107207906660E-005  1.987519935940288E-005
  0.997893092520467       2.814093010869261E-006  9.253770349582824E-005
  9.443677363349608E-005 -1.164343615136214E-004  2.814093010869261E-006
  0.995937286210798       0.997964895092347       9.745667422903103E-005
 -7.573489627833079E-005  1.359787679754204E-006  9.064870069432045E-005
  9.745667422903103E-005  0.995980510582505       6.910414573377843E-006
  7.464872238908821E-005  9.121586380946912E-005 -7.573489627833079E-005
  6.910414573377843E-006  0.995965447823879       4.569100869991478E-006
 -1.106006750453078E-004  1.359787679754204E-006  7.464872238908821E-005
  4.569100869991478E-006  0.997875658496565       8.950348759167741E-006
  9.064870069432045E-005  9.121586380946912E-005 -1.106006750453078E-004
  8.950348759167741E-006  0.995933204847066       0.000000000000000E+000
  0.000000000000000E+000  0.000000000000000E+000  0.000000000000000E+000
  0.000000000000000E+000  0.000000000000000E+000  0.000000000000000E+000
  0.000000000000000E+000  0.000000000000000E+000  0.000000000000000E+000
  0.000000000000000E+000  0.000000000000000E+000  0.000000000000000E+000
  0.000000000000000E+000  0.000000000000000E+000  0.000000000000000E+000
  0.000000000000000E+000  0.000000000000000E+000  0.000000000000000E+000
  0.000000000000000E+000  0.000000000000000E+000  0.000000000000000E+000
  0.000000000000000E+000  0.000000000000000E+000  0.000000000000000E+000
  0.000000000000000E+000  0.000000000000000E+000  0.000000000000000E+000
  0.000000000000000E+000  0.000000000000000E+000  0.000000000000000E+000
  0.000000000000000E+000  0.000000000000000E+000  0.000000000000000E+000
  0.000000000000000E+000  0.000000000000000E+000  0.000000000000000E+000
  0.000000000000000E+000  0.000000000000000E+000  0.000000000000000E+000
  0.000000000000000E+000  0.000000000000000E+000  0.000000000000000E+000
  0.000000000000000E+000  0.000000000000000E+000  0.000000000000000E+000
  0.000000000000000E+000  0.000000000000000E+000  0.000000000000000E+000
  0.000000000000000E+000  0.000000000000000E+000  0.000000000000000E+000
  0.000000000000000E+000  0.000000000000000E+000  0.000000000000000E+000
  0.000000000000000E+000  0.000000000000000E+000  0.000000000000000E+000
  0.000000000000000E+000  0.000000000000000E+000  0.000000000000000E+000
  0.000000000000000E+000  0.000000000000000E+000  0.000000000000000E+000
  0.000000000000000E+000  0.000000000000000E+000  0.000000000000000E+000
  0.000000000000000E+000  0.000000000000000E+000  0.000000000000000E+000
  0.000000000000000E+000  0.000000000000000E+000  0.000000000000000E+000
  0.000000000000000E+000  0.000000000000000E+000  0.000000000000000E+000
  0.000000000000000E+000  0.000000000000000E+000  0.000000000000000E+000
  0.000000000000000E+000  0.000000000000000E+000  0.000000000000000E+000
  0.000000000000000E+000  0.000000000000000E+000  0.000000000000000E+000
  0.000000000000000E+000  0.000000000000000E+000  0.000000000000000E+000
  0.000000000000000E+000  0.000000000000000E+000  0.000000000000000E+000
  0.000000000000000E+000  0.000000000000000E+000  0.000000000000000E+000
  0.000000000000000E+000  0.000000000000000E+000  0.000000000000000E+000
  0.000000000000000E+000  0.000000000000000E+000  0.000000000000000E+000
  0.000000000000000E+000  0.000000000000000E+000  0.000000000000000E+000
  0.000000000000000E+000  0.000000000000000E+000  0.000000000000000E+000
  0.000000000000000E+000  0.000000000000000E+000  0.000000000000000E+000
  0.000000000000000E+000  0.000000000000000E+000  0.000000000000000E+000
  0.000000000000000E+000  0.000000000000000E+000  0.000000000000000E+000
  0.000000000000000E+000  0.000000000000000E+000  0.000000000000000E+000
  0.000000000000000E+000  0.000000000000000E+000  0.000000000000000E+000
  0.000000000000000E+000  0.000000000000000E+000  0.000000000000000E+000
  0.000000000000000E+000  0.000000000000000E+000  0.000000000000000E+000
  0.000000000000000E+000  0.000000000000000E+000  0.000000000000000E+000
  0.000000000000000E+000  0.000000000000000E+000  0.000000000000000E+000
  0.000000000000000E+000  0.000000000000000E+000  0.000000000000000E+000
  0.000000000000000E+000  0.000000000000000E+000  0.000000000000000E+000
  0.000000000000000E+000  0.000000000000000E+000  0.000000000000000E+000
  0.000000000000000E+000  0.000000000000000E+000  0.000000000000000E+000
  0.000000000000000E+000  0.000000000000000E+000  0.000000000000000E+000
  0.000000000000000E+000  0.000000000000000E+000  0.000000000000000E+000
  0.000000000000000E+000  0.000000000000000E+000  0.000000000000000E+000
  0.000000000000000E+000  0.000000000000000E+000  0.000000000000000E+000
  0.000000000000000E+000  0.000000000000000E+000  0.000000000000000E+000
  0.000000000000000E+000  0.000000000000000E+000  0.000000000000000E+000
  0.000000000000000E+000  0.000000000000000E+000  0.000000000000000E+000
  0.000000000000000E+000  0.000000000000000E+000  0.000000000000000E+000
  0.000000000000000E+000  0.000000000000000E+000  0.000000000000000E+000
  0.000000000000000E+000  0.000000000000000E+000  0.000000000000000E+000
  0.000000000000000E+000  0.000000000000000E+000  0.000000000000000E+000
  0.000000000000000E+000  0.000000000000000E+000  0.000000000000000E+000
  0.000000000000000E+000  0.000000000000000E+000  0.000000000000000E+000
  0.000000000000000E+000  0.000000000000000E+000  0.000000000000000E+000
  0.000000000000000E+000  0.000000000000000E+000  0.000000000000000E+000
  0.000000000000000E+000  0.000000000000000E+000  0.000000000000000E+000
  0.000000000000000E+000  0.000000000000000E+000  0.000000000000000E+000
  0.000000000000000E+000  0.000000000000000E+000  0.000000000000000E+000
  0.000000000000000E+000  0.997927883910010       6.536918297012163E-006
  1.624582138876412E-005 -2.574195678131635E-006 -2.909581893217835E-005
  6.536918297012163E-006  0.995934350392388      -2.293457299944688E-005
 -3.737104932463589E-005  1.394667667720642E-005  1.624582138876412E-005
 -2.293457299944688E-005  0.995961022305215      -2.813858805777020E-005
  2.293457300033144E-005 -2.574195678131635E-006 -3.737104932463589E-005
 -2.813858805777020E-005  0.997930856335143       2.434666196912077E-005
 -2.909581893217835E-005  1.394667667720642E-005  2.293457300033144E-005
  2.434666196912077E-005  0.995934350392384       0.997920734974744     
  4.064208722932190E-005  1.607805265154976E-005  8.282777246064584E-006
 -5.209938651257821E-005  4.064208722932190E-005  0.995813422296802     
 -3.401784404428441E-005 -8.362390965819375E-005  1.404604508860349E-004
  1.607805265154976E-005 -3.401784404428441E-005  0.995962586653634     
 -2.784800408099327E-005  3.401784404516893E-005  8.282777246064584E-006
 -8.362390965819375E-005 -2.784800408099327E-005  0.997911170847397     
  7.700903483163940E-005 -5.209938651257821E-005  1.404604508860349E-004
  3.401784404516893E-005  7.700903483163940E-005  0.995813422296798     
  0.997928405909924      -6.175612100250489E-006 -2.588788626033468E-005
 -1.953573365932182E-005 -6.865859208943745E-005 -6.175612100250489E-006
  0.995955840491380      -9.214137191970782E-005 -7.571462194215828E-005
 -5.091081661712725E-006 -2.588788626033468E-005 -9.214137191970782E-005
  0.995956019224344       4.483913430172242E-005  9.214137192059205E-005
 -1.953573365932182E-005 -7.571462194215828E-005  4.483913430172242E-005
  0.997950963832096       3.250907400747055E-005 -6.865859208943745E-005
 -5.091081661712725E-006  9.214137192059205E-005  3.250907400747055E-005
  0.995955840491376       0.997925040110068      -2.006705548109577E-005
 -2.786894783904755E-005 -1.644865242278468E-005 -6.363522767746134E-005
 -2.006705548109577E-005  0.995878976985554      -9.263019055636866E-005
 -6.189391177581071E-005  6.476894525276145E-005 -2.786894783904755E-005
 -9.263019055636866E-005  0.995954782220283       4.827043360897571E-005
  9.263019055725289E-005 -1.644865242278468E-005 -6.189391177581071E-005
  4.827043360897571E-005  0.997944033377875       1.356837606125154E-005
 -6.363522767746134E-005  6.476894525276145E-005  9.263019055725289E-005
  1.356837606125154E-005  0.995878976985550       0.997943573295408     
  4.331680046952840E-006 -3.830453832012892E-007  9.096227833529961E-006
  1.285982047167534E-005  4.331680046952840E-006  0.995927622122833     
  3.589007570426504E-006 -4.548250980725529E-005 -4.096691436037915E-005
 -3.830453832012892E-007  3.589007570426504E-006  0.995994137627040     
  1.375286258876349E-005  2.176131089305942E-005  9.096227833529961E-006
 -4.548250980725529E-005  1.375286258876349E-005  0.997925242670316     
 -2.063377744767207E-005  1.285982047167534E-005 -4.096691436037915E-005
  2.176131089305942E-005 -2.063377744767207E-005  0.995912902338834     
  0.997935327624811       3.437524619522631E-005 -1.893083389887803E-006
  1.907977181873227E-005  3.245544852638834E-005  3.437524619522631E-005
  0.995828680038106       1.591018181800300E-005 -7.749192621194160E-005
 -1.412577205724747E-004 -1.893083389887803E-006  1.591018181800300E-005
  0.995994274041543       1.591754045174487E-005  3.463243179688962E-005
  1.907977181873227E-005 -7.749192621194160E-005  1.591754045174487E-005
  0.997909801299681      -6.110613270247006E-005  3.245544852638834E-005
 -1.412577205724747E-004  3.463243179688962E-005 -6.110613270247006E-005
  0.995805640317592       0.997937702890972      -1.143946520939054E-005
 -1.171880568653348E-005  1.248550741477642E-005 -3.722316889695001E-005
 -1.143946520939054E-005  0.995912902338838      -2.176131089217487E-005
  2.145381993951734E-005 -4.096691436037929E-005 -1.171880568653348E-005
 -2.176131089217487E-005  0.995994137627040       7.208158326165612E-006
 -3.589007569541926E-006  1.248550741477642E-005  2.145381993951734E-005
  7.208158326165612E-006  0.997931113074752       2.649259986448207E-005
 -3.722316889695001E-005 -4.096691436037929E-005 -3.589007569541926E-006
  2.649259986448207E-005  0.995927622122829       0.997932706448058     
 -3.669173898367774E-005 -1.283845270354192E-005  2.059310892277279E-005
 -4.992235358958592E-005 -3.669173898367774E-005  0.995805640317596     
 -3.463243179600514E-005  5.866030926540882E-005 -1.412577205724750E-004
 -1.283845270354192E-005 -3.463243179600514E-005  0.995994274041543     
  9.598228532126866E-006 -1.591018181711849E-005  2.059310892277279E-005
  5.866030926540882E-005  9.598228532126866E-006  0.997912422476434     
  6.851579957150817E-005 -4.992235358958592E-005 -1.412577205724750E-004
 -1.591018181711849E-005  6.851579957150817E-005  0.995828680038102     
  0.000000000000000E+000  0.000000000000000E+000  0.000000000000000E+000
  0.000000000000000E+000  0.000000000000000E+000  0.000000000000000E+000
  0.000000000000000E+000  0.000000000000000E+000  0.000000000000000E+000
  0.000000000000000E+000  0.000000000000000E+000  0.000000000000000E+000
  0.000000000000000E+000  0.000000000000000E+000  0.000000000000000E+000
  0.000000000000000E+000  0.000000000000000E+000  0.000000000000000E+000
  0.000000000000000E+000  0.000000000000000E+000  0.000000000000000E+000
  0.000000000000000E+000  0.000000000000000E+000  0.000000000000000E+000
  0.000000000000000E+000  0.000000000000000E+000  0.000000000000000E+000
  0.000000000000000E+000  0.000000000000000E+000  0.000000000000000E+000
  0.000000000000000E+000  0.000000000000000E+000  0.000000000000000E+000
  0.000000000000000E+000  0.000000000000000E+000  0.000000000000000E+000
  0.000000000000000E+000  0.000000000000000E+000  0.000000000000000E+000
  0.000000000000000E+000  0.000000000000000E+000  0.000000000000000E+000
  0.000000000000000E+000  0.000000000000000E+000  0.000000000000000E+000
  0.000000000000000E+000  0.000000000000000E+000  0.000000000000000E+000
  0.000000000000000E+000  0.000000000000000E+000  0.000000000000000E+000
  0.000000000000000E+000  0.000000000000000E+000  0.000000000000000E+000
  0.000000000000000E+000  0.000000000000000E+000  0.000000000000000E+000
  0.000000000000000E+000  0.000000000000000E+000  0.000000000000000E+000
  0.000000000000000E+000  0.000000000000000E+000  0.000000000000000E+000
  0.000000000000000E+000  0.000000000000000E+000  0.000000000000000E+000
  0.000000000000000E+000  0.000000000000000E+000  0.000000000000000E+000
  0.000000000000000E+000  0.000000000000000E+000  0.000000000000000E+000
  0.000000000000000E+000  0.000000000000000E+000  0.000000000000000E+000
  0.000000000000000E+000  0.000000000000000E+000  0.000000000000000E+000
  0.000000000000000E+000  0.000000000000000E+000  0.000000000000000E+000
  0.000000000000000E+000  0.000000000000000E+000  0.000000000000000E+000
  0.000000000000000E+000  0.000000000000000E+000  0.000000000000000E+000
  0.000000000000000E+000  0.000000000000000E+000  0.000000000000000E+000
  0.000000000000000E+000  0.000000000000000E+000  0.000000000000000E+000
  0.000000000000000E+000  0.000000000000000E+000  0.000000000000000E+000
  0.000000000000000E+000  0.000000000000000E+000  0.000000000000000E+000
  0.000000000000000E+000  0.000000000000000E+000  0.000000000000000E+000
  0.000000000000000E+000  0.000000000000000E+000  0.000000000000000E+000
  0.000000000000000E+000  0.000000000000000E+000  0.000000000000000E+000
  0.000000000000000E+000  0.000000000000000E+000  0.000000000000000E+000
  0.000000000000000E+000  0.000000000000000E+000  0.000000000000000E+000
  0.000000000000000E+000  0.000000000000000E+000  0.000000000000000E+000
  0.000000000000000E+000  0.000000000000000E+000  0.000000000000000E+000
  0.000000000000000E+000  0.000000000000000E+000  0.000000000000000E+000
  0.000000000000000E+000  0.000000000000000E+000  0.000000000000000E+000
  0.000000000000000E+000  0.000000000000000E+000  0.000000000000000E+000
  0.000000000000000E+000  0.000000000000000E+000  0.000000000000000E+000
  0.000000000000000E+000  0.000000000000000E+000  0.000000000000000E+000
  0.000000000000000E+000  0.000000000000000E+000  0.000000000000000E+000
  0.000000000000000E+000  0.000000000000000E+000  0.000000000000000E+000
  0.000000000000000E+000  0.000000000000000E+000  0.000000000000000E+000
  0.000000000000000E+000  0.000000000000000E+000  0.000000000000000E+000
  0.000000000000000E+000  0.000000000000000E+000  0.000000000000000E+000
  0.000000000000000E+000  0.000000000000000E+000  0.000000000000000E+000
  0.000000000000000E+000  0.000000000000000E+000  0.000000000000000E+000
  0.000000000000000E+000  0.000000000000000E+000  0.000000000000000E+000
  0.000000000000000E+000  0.000000000000000E+000  0.000000000000000E+000
  0.000000000000000E+000  0.000000000000000E+000  0.000000000000000E+000
  0.000000000000000E+000  0.000000000000000E+000  0.000000000000000E+000
  0.000000000000000E+000  0.000000000000000E+000  0.000000000000000E+000
  0.000000000000000E+000  0.000000000000000E+000  0.000000000000000E+000
  0.000000000000000E+000  0.000000000000000E+000  0.000000000000000E+000
  0.000000000000000E+000  0.000000000000000E+000  0.000000000000000E+000
  0.000000000000000E+000  0.000000000000000E+000  0.000000000000000E+000
  0.000000000000000E+000  0.000000000000000E+000  0.000000000000000E+000
  0.000000000000000E+000  0.000000000000000E+000  0.000000000000000E+000
  0.000000000000000E+000  0.000000000000000E+000  0.000000000000000E+000
  0.000000000000000E+000  0.000000000000000E+000  0.000000000000000E+000
  0.000000000000000E+000  0.000000000000000E+000  0.000000000000000E+000
  0.000000000000000E+000  0.000000000000000E+000  0.997936272535780     
 -1.834408619830111E-005 -4.755965252948404E-006  2.297142655256074E-005
 -1.125668213736077E-005 -1.834408619830111E-005  0.995987678552874     
  1.625223881398073E-005 -3.177288930524236E-005 -1.625223881377798E-005
 -4.755965252948404E-006  1.625223881398073E-005  0.995959680130917     
  1.025223911119889E-005  3.154825812689216E-005  2.297142655256074E-005
 -3.177288930524236E-005  1.025223911119889E-005  0.997962797654386     
 -1.007332833092634E-006 -1.125668213736077E-005 -1.625223881377798E-005
  3.154825812689216E-005 -1.007332833092634E-006  0.995959680130917     
  0.997932255402768      -2.608533614349084E-005  9.624815424053362E-007
  1.224303041187647E-005 -1.383537867311890E-005 -2.608533614349084E-005
  0.995974838252195       2.321004863042186E-005 -4.518112752440080E-005
 -2.321004863021909E-005  9.624815424053362E-007  2.321004863042186E-005
  0.995954497014425       1.653140818599953E-005  3.743928554255881E-005
  1.224303041187647E-005 -4.518112752440080E-005  1.653140818599953E-005
  0.997946392436573      -9.099237565458982E-006 -1.383537867311890E-005
 -2.321004863021909E-005  3.743928554255881E-005 -9.099237565458982E-006
  0.995954497014425       0.997907774230127       2.329242924503975E-005
  4.870592778513882E-005 -2.967254605892857E-005  1.087499563972106E-004
  2.329242924503975E-005  0.995982239008358       1.164343615145059E-004
 -8.009406960022144E-005 -3.791225206793952E-007  4.870592778513882E-005
  1.164343615145059E-004  0.995937286210798      -7.873295552326124E-005
  9.443677363417814E-005 -2.967254605892857E-005 -8.009406960022144E-005
 -7.873295552326124E-005  0.997951836106222      -5.315830565132519E-005
  1.087499563972106E-004 -3.791225206793952E-007  9.443677363417814E-005
 -5.315830565132519E-005  0.995984378295317       0.997899145256186     
  3.391049071108116E-005  5.307557974652971E-005 -3.932047328566298E-005
  1.133760270640496E-004  3.391049071108116E-005  0.995965447823883     
  1.106006750461924E-004 -6.787289455847160E-005 -6.910414573174847E-006
  5.307557974652971E-005  1.106006750461924E-004  0.995933204847066     
 -7.402890323518629E-005  9.121586381015120E-005 -3.932047328566298E-005
 -6.787289455847160E-005 -7.402890323518629E-005  0.997941408332726     
 -4.707559446565112E-005  1.133760270640496E-004 -6.910414573174847E-006
  9.121586381015120E-005 -4.707559446565112E-005  0.995980510582501     
  0.997921218866579      -1.412239404021510E-005  1.990355383646196E-005
  6.720089571921051E-006  2.601718519550000E-005 -1.412239404021510E-005
  0.995976060234540       4.253035741325190E-006 -2.446070399352258E-005
 -4.253035741122432E-006  1.990355383646196E-005  4.253035741325190E-006
  0.995964887994711      -1.855073558117452E-005  3.323545693835260E-005
  6.720089571921051E-006 -2.446070399352258E-005 -1.855073558117452E-005
  0.997928978557624      -7.961615463442462E-006  2.601718519550000E-005
 -4.253035741122432E-006  3.323545693835260E-005 -7.961615463442462E-006
  0.995964887994711       0.997916512365676      -2.597351468155070E-005
  1.204812260002740E-005 -6.273116410972222E-006  2.973479820705118E-005
 -2.597351468155070E-005  0.995953112227023      -6.788558219391017E-006
 -4.498744707094439E-005  6.788558219593831E-006  1.204812260002740E-005
 -6.788558219391017E-006  0.995957807559074      -2.737880066605459E-005
  4.090272657691900E-005 -6.273116410972222E-006 -4.498744707094439E-005
 -2.737880066605459E-005  0.997909268794776       3.255420087431833E-006
  2.973479820705118E-005  6.788558219593831E-006  4.090272657691900E-005
  3.255420087431833E-006  0.995957807559074       0.997966517815883     
 -8.100971359627182E-005  1.004114213069988E-004  4.243078989954380E-006
  9.253770349582821E-005 -8.100971359627182E-005  0.995982239008358     
  3.791225208820535E-007 -1.987519935373528E-005 -1.164343615143032E-004
  1.004114213069988E-004  3.791225208820535E-007  0.995984378295317     
 -6.760107207340025E-005  9.443677363417807E-005  4.243078989954380E-006
 -1.987519935373528E-005 -6.760107207340025E-005  0.997893092520467     
 -2.814093021252474E-006  9.253770349582821E-005 -1.164343615143032E-004
  9.443677363417807E-005 -2.814093021252474E-006  0.995937286210798     
  0.997964895092347      -7.573489627904065E-005  9.745667422974088E-005
 -1.359787678914627E-006  9.064870069432047E-005 -7.573489627904065E-005
  0.995965447823883       6.910414573377497E-006 -4.569100864323957E-006
 -1.106006750459897E-004  9.745667422974088E-005  6.910414573377497E-006
  0.995980510582501      -7.464872238342190E-005  9.121586381015115E-005
 -1.359787678914627E-006 -4.569100864323957E-006 -7.464872238342190E-005
  0.997875658496565      -8.950348769550838E-006  9.064870069432047E-005
 -1.106006750459897E-004  9.121586381015115E-005 -8.950348769550838E-006
  0.995933204847066       0.000000000000000E+000  0.000000000000000E+000
  0.000000000000000E+000  0.000000000000000E+000  0.000000000000000E+000
  0.000000000000000E+000  0.000000000000000E+000  0.000000000000000E+000
  0.000000000000000E+000  0.000000000000000E+000  0.000000000000000E+000
  0.000000000000000E+000  0.000000000000000E+000  0.000000000000000E+000
  0.000000000000000E+000  0.000000000000000E+000  0.000000000000000E+000
  0.000000000000000E+000  0.000000000000000E+000  0.000000000000000E+000
  0.000000000000000E+000  0.000000000000000E+000  0.000000000000000E+000
  0.000000000000000E+000  0.000000000000000E+000  0.000000000000000E+000
  0.000000000000000E+000  0.000000000000000E+000  0.000000000000000E+000
  0.000000000000000E+000  0.000000000000000E+000  0.000000000000000E+000
  0.000000000000000E+000  0.000000000000000E+000  0.000000000000000E+000
  0.000000000000000E+000  0.000000000000000E+000  0.000000000000000E+000
  0.000000000000000E+000  0.000000000000000E+000  0.000000000000000E+000
  0.000000000000000E+000  0.000000000000000E+000  0.000000000000000E+000
  0.000000000000000E+000  0.000000000000000E+000  0.000000000000000E+000
  0.000000000000000E+000  0.000000000000000E+000  0.000000000000000E+000
  0.000000000000000E+000  0.000000000000000E+000  0.000000000000000E+000
  0.000000000000000E+000  0.000000000000000E+000  0.000000000000000E+000
  0.000000000000000E+000  0.000000000000000E+000  0.000000000000000E+000
  0.000000000000000E+000  0.000000000000000E+000  0.000000000000000E+000
  0.000000000000000E+000  0.000000000000000E+000  0.000000000000000E+000
  0.000000000000000E+000  0.000000000000000E+000  0.000000000000000E+000
  0.000000000000000E+000  0.000000000000000E+000  0.000000000000000E+000
  0.000000000000000E+000  0.000000000000000E+000  0.000000000000000E+000
  0.000000000000000E+000  0.000000000000000E+000  0.000000000000000E+000
  0.000000000000000E+000  0.000000000000000E+000  0.000000000000000E+000
  0.000000000000000E+000  0.000000000000000E+000  0.000000000000000E+000
  0.000000000000000E+000  0.000000000000000E+000  0.000000000000000E+000
  0.000000000000000E+000  0.000000000000000E+000  0.000000000000000E+000
  0.000000000000000E+000  0.000000000000000E+000  0.000000000000000E+000
  0.000000000000000E+000  0.000000000000000E+000  0.000000000000000E+000
  0.000000000000000E+000  0.000000000000000E+000  0.000000000000000E+000
  0.000000000000000E+000  0.000000000000000E+000  0.000000000000000E+000
  0.000000000000000E+000  0.000000000000000E+000  0.000000000000000E+000
  0.000000000000000E+000  0.000000000000000E+000  0.000000000000000E+000
  0.000000000000000E+000  0.000000000000000E+000  0.000000000000000E+000
  0.000000000000000E+000  0.000000000000000E+000  0.000000000000000E+000
  0.000000000000000E+000  0.000000000000000E+000  0.000000000000000E+000
  0.000000000000000E+000  0.000000000000000E+000  0.000000000000000E+000
  0.000000000000000E+000  0.000000000000000E+000  0.000000000000000E+000
  0.000000000000000E+000  0.000000000000000E+000  0.000000000000000E+000
  0.000000000000000E+000  0.000000000000000E+000  0.000000000000000E+000
  0.000000000000000E+000  0.000000000000000E+000  0.000000000000000E+000
  0.000000000000000E+000  0.000000000000000E+000  0.000000000000000E+000
  0.000000000000000E+000  0.000000000000000E+000  0.000000000000000E+000
  0.000000000000000E+000  0.000000000000000E+000  0.000000000000000E+000
  0.000000000000000E+000  0.000000000000000E+000  0.000000000000000E+000
  0.000000000000000E+000  0.000000000000000E+000  0.000000000000000E+000
  0.000000000000000E+000  0.000000000000000E+000  0.000000000000000E+000
  0.000000000000000E+000  0.000000000000000E+000  0.000000000000000E+000
  0.000000000000000E+000  0.000000000000000E+000  0.000000000000000E+000
  0.000000000000000E+000  0.000000000000000E+000  0.000000000000000E+000
  0.000000000000000E+000  0.000000000000000E+000  0.000000000000000E+000
  0.000000000000000E+000  0.000000000000000E+000  0.000000000000000E+000
  0.000000000000000E+000  0.000000000000000E+000  0.000000000000000E+000
  0.000000000000000E+000  0.000000000000000E+000  0.000000000000000E+000
  0.000000000000000E+000  0.000000000000000E+000  0.000000000000000E+000
  0.000000000000000E+000  0.000000000000000E+000  0.000000000000000E+000
  0.000000000000000E+000  0.000000000000000E+000  0.000000000000000E+000
  0.000000000000000E+000  0.000000000000000E+000  0.000000000000000E+000
  0.000000000000000E+000  0.000000000000000E+000  0.000000000000000E+000
  0.000000000000000E+000  0.000000000000000E+000  0.000000000000000E+000
  0.000000000000000E+000  0.000000000000000E+000  0.000000000000000E+000
  0.000000000000000E+000  0.000000000000000E+000  0.000000000000000E+000
  0.000000000000000E+000  0.000000000000000E+000  0.000000000000000E+000
  0.000000000000000E+000  0.000000000000000E+000  0.000000000000000E+000
  0.997976060213691      -6.500716891714448E-006 -6.500716891004731E-006
  4.371510540813820E-016 -3.668817238858974E-005 -6.500716891714448E-006
  0.995959680130921      -3.154825812600759E-005 -9.244906277631359E-006
 -1.625223881377808E-005 -6.500716891004731E-006 -3.154825812600759E-005
  0.995959680130917       9.244906283298050E-006 -1.625223881309613E-005
  4.371510540813820E-016 -9.244906277631359E-006  9.244906283298050E-006
  0.997923009976475      -5.191918776901988E-015 -3.668817238858974E-005
 -1.625223881377808E-005 -1.625223881309613E-005 -5.191918776901988E-015
  0.995987678552870       0.997953460953480      -1.479786022282631E-005
 -1.479786022211659E-005  4.371389301374812E-016 -5.217067227896923E-005
 -1.479786022282631E-005  0.995954497014429      -3.743928554167425E-005
 -7.432170620065646E-006 -2.321004863021921E-005 -1.479786022211659E-005
 -3.743928554167425E-005  0.995954497014425       7.432170625732328E-006
 -2.321004862953725E-005  4.371389301374812E-016 -7.432170620065646E-006
  7.432170625732328E-006  0.997925186885862      -5.191907470427126E-015
 -5.217067227896923E-005 -2.321004863021921E-005 -2.321004862953725E-005
 -5.191907470427126E-015  0.995974838252191       0.997915123458518     
  8.338535082910184E-006  4.383177570409687E-005 -3.391562504846687E-005
 -5.771728434321903E-005  8.338535082910184E-006  0.995984378295321     
 -9.443677363329348E-005  1.207593777252002E-004 -3.791225206797552E-007
  4.383177570409687E-005 -9.443677363329348E-005  0.995937286210798     
 -8.154704853932188E-005 -1.164343615136211E-004 -3.391562504846687E-005
  1.207593777252002E-004 -8.154704853932188E-005  0.997944486877832     
  6.021887024129393E-005 -5.771728434321903E-005 -3.791225206797552E-007
 -1.164343615136211E-004  6.021887024129393E-005  0.995982239008354     
  0.997896790034838       1.591935282700719E-005  3.757312094119831E-005
 -3.796068560639473E-005 -4.182440555994661E-005  1.591935282700719E-005
  0.995980510582505      -9.121586380926652E-005  1.217243168495478E-004
 -6.910414573175166E-006  3.757312094119831E-005 -9.121586380926652E-005
  0.995933204847066      -8.297925199954542E-005 -1.106006750453076E-004
 -3.796068560639473E-005  1.217243168495478E-004 -8.297925199954542E-005
  0.997943763554074       6.330379368895550E-005 -4.182440555994661E-005
 -6.910414573175166E-006 -1.106006750453076E-004  6.330379368895550E-005
  0.995965447823879       0.997915123458518       4.383177570338738E-005
  8.338535083619734E-006  3.391562504932721E-005 -5.771728434321899E-005
  4.383177570338738E-005  0.995937286210802      -9.443677363329365E-005
  8.154704854498892E-005 -1.164343615143034E-004  8.338535083619734E-006
 -9.443677363329365E-005  0.995984378295317      -1.207593777195340E-004
 -3.791225199974226E-007  3.391562504932721E-005  8.154704854498892E-005
 -1.207593777195340E-004  0.997944486877832      -6.021887025167797E-005
 -5.771728434321899E-005 -1.164343615143034E-004 -3.791225199974226E-007
 -6.021887025167797E-005  0.995982239008354       0.997896790034838     
  3.757312094048876E-005  1.591935282771677E-005  3.796068560725506E-005
 -4.182440555994667E-005  3.757312094048876E-005  0.995933204847070     
 -9.121586380926667E-005  8.297925200521241E-005 -1.106006750459899E-004
  1.591935282771677E-005 -9.121586380926667E-005  0.995980510582501     
 -1.217243168438815E-004 -6.910414572492860E-006  3.796068560725506E-005
  8.297925200521241E-005 -1.217243168438815E-004  0.997943763554074     
 -6.330379369933937E-005 -4.182440555994667E-005 -1.106006750459899E-004
 -6.910414572492860E-006 -6.330379369933937E-005  0.995965447823878     
  0.997932858403149       6.113631351736093E-006  6.113631352445769E-006
  4.440756454725027E-016 -2.824478807241798E-005  6.113631351736093E-006
  0.995964887994715      -3.323545693746806E-005  2.651235104509193E-005
 -4.253035741122532E-006  6.113631352445769E-006 -3.323545693746806E-005
  0.995964887994711      -2.651235103942530E-005 -4.253035740440577E-006
  4.440756454725027E-016  2.651235104509193E-005 -2.651235103942530E-005
  0.997917339021054      -5.191747815303239E-015 -2.824478807241798E-005
 -4.253035741122532E-006 -4.253035740440577E-006 -5.191747815303239E-015
  0.995976060234536       0.997905647009329       1.768667559972206E-005
  1.768667560043165E-005  4.232754316930204E-016 -5.194702935508939E-005
  1.768667559972206E-005  0.995957807559078      -4.090272657603445E-005
  2.412338057909767E-005  6.788558219593734E-006  1.768667560043165E-005
 -4.090272657603445E-005  0.995957807559074      -2.412338057343123E-005
  6.788558220275600E-006  4.232754316930204E-016  2.412338057909767E-005
 -2.412338057343123E-005  0.997920134151122      -5.191604590197762E-015
 -5.194702935508939E-005  6.788558219593734E-006  6.788558220275600E-006
 -5.191604590197762E-015  0.995953112227019       0.000000000000000E+000
  0.000000000000000E+000  0.000000000000000E+000  0.000000000000000E+000
  0.000000000000000E+000  0.000000000000000E+000  0.000000000000000E+000
  0.000000000000000E+000  0.000000000000000E+000  0.000000000000000E+000
  0.000000000000000E+000  0.000000000000000E+000  0.000000000000000E+000
  0.000000000000000E+000  0.000000000000000E+000  0.000000000000000E+000
  0.000000000000000E+000  0.000000000000000E+000  0.000000000000000E+000
  0.000000000000000E+000  0.000000000000000E+000  0.000000000000000E+000
  0.000000000000000E+000  0.000000000000000E+000  0.000000000000000E+000
  0.000000000000000E+000  0.000000000000000E+000  0.000000000000000E+000
  0.000000000000000E+000  0.000000000000000E+000  0.000000000000000E+000
  0.000000000000000E+000  0.000000000000000E+000  0.000000000000000E+000
  0.000000000000000E+000  0.000000000000000E+000  0.000000000000000E+000
  0.000000000000000E+000  0.000000000000000E+000  0.000000000000000E+000
  0.000000000000000E+000  0.000000000000000E+000  0.000000000000000E+000
  0.000000000000000E+000  0.000000000000000E+000  0.000000000000000E+000
  0.000000000000000E+000  0.000000000000000E+000  0.000000000000000E+000
  0.000000000000000E+000  0.000000000000000E+000  0.000000000000000E+000
  0.000000000000000E+000  0.000000000000000E+000  0.000000000000000E+000
  0.000000000000000E+000  0.000000000000000E+000  0.000000000000000E+000
  0.000000000000000E+000  0.000000000000000E+000  0.000000000000000E+000
  0.000000000000000E+000  0.000000000000000E+000  0.000000000000000E+000
  0.000000000000000E+000  0.000000000000000E+000  0.000000000000000E+000
  0.000000000000000E+000  0.000000000000000E+000  0.000000000000000E+000
  0.000000000000000E+000  0.000000000000000E+000  0.000000000000000E+000
  0.000000000000000E+000  0.000000000000000E+000  0.000000000000000E+000
  0.000000000000000E+000  0.000000000000000E+000  0.000000000000000E+000
  0.000000000000000E+000  0.000000000000000E+000  0.000000000000000E+000
  0.000000000000000E+000  0.000000000000000E+000  0.000000000000000E+000
  0.000000000000000E+000  0.000000000000000E+000  0.000000000000000E+000
  0.000000000000000E+000  0.000000000000000E+000  0.000000000000000E+000
  0.000000000000000E+000  0.000000000000000E+000  0.000000000000000E+000
  0.000000000000000E+000  0.000000000000000E+000  0.000000000000000E+000
  0.000000000000000E+000  0.000000000000000E+000  0.000000000000000E+000
  0.000000000000000E+000  0.000000000000000E+000  0.000000000000000E+000
  0.000000000000000E+000  0.000000000000000E+000  0.000000000000000E+000
  0.000000000000000E+000  0.000000000000000E+000  0.000000000000000E+000
  0.000000000000000E+000  0.000000000000000E+000  0.000000000000000E+000
  0.000000000000000E+000  0.000000000000000E+000  0.000000000000000E+000
  0.000000000000000E+000  0.000000000000000E+000  0.000000000000000E+000
  0.000000000000000E+000  0.000000000000000E+000  0.000000000000000E+000
  0.000000000000000E+000  0.000000000000000E+000  0.000000000000000E+000
  0.000000000000000E+000  0.000000000000000E+000  0.000000000000000E+000
  0.000000000000000E+000  0.000000000000000E+000  0.000000000000000E+000
  0.000000000000000E+000  0.000000000000000E+000  0.000000000000000E+000
  0.000000000000000E+000  0.000000000000000E+000  0.000000000000000E+000
  0.000000000000000E+000  0.000000000000000E+000  0.000000000000000E+000
  0.000000000000000E+000  0.000000000000000E+000  0.000000000000000E+000
  0.000000000000000E+000  0.000000000000000E+000  0.000000000000000E+000
  0.000000000000000E+000  0.000000000000000E+000  0.000000000000000E+000
  0.000000000000000E+000  0.000000000000000E+000  0.000000000000000E+000
  0.000000000000000E+000  0.000000000000000E+000  0.000000000000000E+000
  0.000000000000000E+000  0.000000000000000E+000  0.000000000000000E+000
  0.000000000000000E+000  0.000000000000000E+000  0.000000000000000E+000
  0.000000000000000E+000  0.000000000000000E+000  0.000000000000000E+000
  0.000000000000000E+000  0.000000000000000E+000  0.000000000000000E+000
  0.000000000000000E+000  0.000000000000000E+000  0.000000000000000E+000
  0.000000000000000E+000  0.000000000000000E+000  0.000000000000000E+000
  0.000000000000000E+000  0.000000000000000E+000  0.000000000000000E+000
  0.000000000000000E+000  0.000000000000000E+000  0.000000000000000E+000
  0.000000000000000E+000  0.000000000000000E+000  0.000000000000000E+000
  0.000000000000000E+000  0.000000000000000E+000  0.000000000000000E+000
  0.000000000000000E+000  0.000000000000000E+000  0.000000000000000E+000
  0.000000000000000E+000  0.000000000000000E+000  0.000000000000000E+000
  0.000000000000000E+000  0.000000000000000E+000  0.000000000000000E+000
  0.000000000000000E+000  0.000000000000000E+000  0.000000000000000E+000
  0.000000000000000E+000  0.000000000000000E+000  0.000000000000000E+000
  0.000000000000000E+000  0.991744901911428       1.605169747369102E-004
  1.605169747376069E-004  4.302092511301658E-016  3.210339494817731E-004
  1.605169747369102E-004  0.984193554240496       2.757064418266214E-003
  2.780235557301500E-004 -2.757064418266020E-003  1.605169747376069E-004
  2.757064418266214E-003  0.984193554240492      -2.780235557245130E-004
 -2.757064418265331E-003  4.302092511301658E-016  2.780235557301500E-004
 -2.780235557245130E-004  0.991744901911426      -5.153019840615410E-015
  3.210339494817731E-004 -2.757064418266020E-003 -2.757064418265331E-003
 -5.153019840615410E-015  0.984193554240492       0.991985941358112     
 -1.110198158958247E-004 -1.110198158951270E-004  4.439899735685990E-016
 -2.220396317837990E-004 -1.110198158958247E-004  0.979801727518894     
 -2.653048613498964E-003 -1.922919617700461E-004  2.653048613499169E-003
 -1.110198158951270E-004 -2.653048613498964E-003  0.979801727518891     
  1.922919617755860E-004  2.653048613499825E-003  4.439899735685990E-016
 -1.922919617700461E-004  1.922919617755860E-004  0.991985941358110     
 -5.107040689075032E-015 -2.220396317837990E-004  2.653048613499169E-003
  2.653048613499825E-003 -5.107040689075032E-015  0.979801727518890     
  0.998327678607078       6.648814763692848E-006 -4.500605278853907E-005
 -8.193592421441887E-006  5.127847553008417E-005  6.648814763692848E-006
  0.996574572278784      -5.184101575787290E-004  5.537258830763155E-005
 -6.536783902490195E-004 -4.500605278853907E-005 -5.184101575787290E-004
  0.996644360245974       7.795277007613464E-005  5.184101575796119E-004
 -8.193592421441887E-006  5.537258830763155E-005  7.795277007613464E-005
  0.998337139752657      -2.192825166427384E-005  5.127847553008417E-005
 -6.536783902490195E-004  5.184101575796119E-004 -2.192825166427384E-005
  0.996574572278780       0.998418561934515       8.386275143839957E-005
 -1.038333035713820E-004 -6.058002965679527E-006  1.446382804228534E-004
  8.386275143839957E-005  0.996568091851495      -3.634725885128218E-004
  1.185957181559614E-004 -3.810199920346394E-004 -1.038333035713820E-004
 -3.634725885128218E-004  0.996742518329450       1.798445573016142E-004
  3.634725885137051E-004 -6.058002965679527E-006  1.185957181559614E-004
  1.798445573016142E-004  0.998425557113799       1.332941409806010E-005
  1.446382804228534E-004 -3.810199920346394E-004  3.634725885137051E-004
  1.332941409806010E-005  0.996568091851491       0.998327678607078     
 -4.500605278925019E-005  6.648814764403799E-006  8.193592422309220E-006
  5.127847553008289E-005 -4.500605278925019E-005  0.996644360245978     
 -5.184101575787266E-004 -7.795277007047126E-005  5.184101575789302E-004
  6.648814764403799E-006 -5.184101575787266E-004  0.996574572278780     
 -5.537258830195891E-005 -6.536783902483378E-004  8.193592422309220E-006
 -7.795277007047126E-005 -5.537258830195891E-005  0.998337139752657     
  2.192825165388380E-005  5.127847553008289E-005  5.184101575789302E-004
 -6.536783902483378E-004  2.192825165388380E-005  0.996574572278780     
  0.998418561934515      -1.038333035720933E-004  8.386275143911043E-005
  6.058002966533036E-006  1.446382804228523E-004 -1.038333035720933E-004
  0.996742518329454      -3.634725885128206E-004 -1.798445572959485E-004
  3.634725885130241E-004  8.386275143911043E-005 -3.634725885128206E-004
  0.996568091851491      -1.185957181502898E-004 -3.810199920339570E-004
  6.058002966533036E-006 -1.798445572959485E-004 -1.185957181502898E-004
  0.998425557113799      -1.332941410844973E-005  1.446382804228523E-004
  3.634725885130241E-004 -3.810199920339570E-004 -1.332941410844973E-005
  0.996568091851491       0.998341870325449       4.462966075837316E-005
  4.462966075908231E-005  4.441171954752160E-016 -9.001210557048914E-005
  4.462966075837316E-005  0.996574572278784       6.536783902492231E-004
  3.344433664855131E-005  5.184101575789306E-004  4.462966075908231E-005
  6.536783902492231E-004  0.996574572278780      -3.344433664288137E-005
  5.184101575796119E-004  4.441171954752160E-016  3.344433664855131E-005
 -3.344433664288137E-005  0.998322948034285      -5.191922747339610E-015
 -9.001210557048914E-005  5.184101575789306E-004  5.184101575796119E-004
 -5.191922747339610E-015  0.996644360245974       0.998429054703444     
  6.077552897643672E-005  6.077552897714575E-005  4.232498512113379E-016
 -2.076666071361722E-004  6.077552897643672E-005  0.996568091851495     
  3.810199920348424E-004  1.319251322592153E-004  3.634725885130237E-004
  6.077552897714575E-005  3.810199920348424E-004  0.996568091851491     
 -1.319251322535457E-004  3.634725885137060E-004  4.232498512113379E-016
  1.319251322592153E-004 -1.319251322535457E-004  0.998415064344869     
 -5.193155992599007E-015 -2.076666071361722E-004  3.634725885130237E-004
  3.634725885137060E-004 -5.193155992599007E-015  0.996742518329449     
  0.000000000000000E+000  0.000000000000000E+000  0.000000000000000E+000
  0.000000000000000E+000  0.000000000000000E+000  0.000000000000000E+000
  0.000000000000000E+000  0.000000000000000E+000  0.000000000000000E+000
  0.000000000000000E+000  0.000000000000000E+000  0.000000000000000E+000
  0.000000000000000E+000  0.000000000000000E+000  0.000000000000000E+000
  0.000000000000000E+000  0.000000000000000E+000  0.000000000000000E+000
  0.000000000000000E+000  0.000000000000000E+000  0.000000000000000E+000
  0.000000000000000E+000  0.000000000000000E+000  0.000000000000000E+000
  0.000000000000000E+000  0.000000000000000E+000  0.000000000000000E+000
  0.000000000000000E+000  0.000000000000000E+000  0.000000000000000E+000
  0.000000000000000E+000  0.000000000000000E+000  0.000000000000000E+000
  0.000000000000000E+000  0.000000000000000E+000  0.000000000000000E+000
  0.000000000000000E+000  0.000000000000000E+000  0.000000000000000E+000
  0.000000000000000E+000  0.000000000000000E+000  0.000000000000000E+000
  0.000000000000000E+000  0.000000000000000E+000  0.000000000000000E+000
  0.000000000000000E+000  0.000000000000000E+000  0.000000000000000E+000
  0.000000000000000E+000  0.000000000000000E+000  0.000000000000000E+000
  0.000000000000000E+000  0.000000000000000E+000  0.000000000000000E+000
  0.000000000000000E+000  0.000000000000000E+000  0.000000000000000E+000
  0.000000000000000E+000  0.000000000000000E+000  0.000000000000000E+000
  0.000000000000000E+000  0.000000000000000E+000  0.000000000000000E+000
  0.000000000000000E+000  0.000000000000000E+000  0.000000000000000E+000
  0.000000000000000E+000  0.000000000000000E+000  0.000000000000000E+000
  0.000000000000000E+000  0.000000000000000E+000  0.000000000000000E+000
  0.000000000000000E+000  0.000000000000000E+000  0.000000000000000E+000
  0.000000000000000E+000  0.000000000000000E+000  0.000000000000000E+000
  0.000000000000000E+000  0.000000000000000E+000  0.000000000000000E+000
  0.000000000000000E+000  0.000000000000000E+000  0.000000000000000E+000
  0.000000000000000E+000  0.000000000000000E+000  0.000000000000000E+000
  0.000000000000000E+000  0.000000000000000E+000  0.000000000000000E+000
  0.000000000000000E+000  0.000000000000000E+000  0.000000000000000E+000
  0.000000000000000E+000  0.000000000000000E+000  0.000000000000000E+000
  0.000000000000000E+000  0.000000000000000E+000  0.000000000000000E+000
  0.000000000000000E+000  0.000000000000000E+000  0.000000000000000E+000
  0.000000000000000E+000  0.000000000000000E+000  0.000000000000000E+000
  0.000000000000000E+000  0.000000000000000E+000  0.000000000000000E+000
  0.000000000000000E+000  0.000000000000000E+000  0.000000000000000E+000
  0.000000000000000E+000  0.000000000000000E+000  0.000000000000000E+000
  0.000000000000000E+000  0.000000000000000E+000  0.000000000000000E+000
  0.000000000000000E+000  0.000000000000000E+000  0.000000000000000E+000
  0.000000000000000E+000  0.000000000000000E+000  0.000000000000000E+000
  0.000000000000000E+000  0.000000000000000E+000  0.000000000000000E+000
  0.000000000000000E+000  0.000000000000000E+000  0.000000000000000E+000
  0.000000000000000E+000  0.000000000000000E+000  0.000000000000000E+000
  0.000000000000000E+000  0.000000000000000E+000  0.000000000000000E+000
  0.000000000000000E+000  0.000000000000000E+000  0.000000000000000E+000
  0.000000000000000E+000  0.000000000000000E+000  0.000000000000000E+000
  0.000000000000000E+000  0.000000000000000E+000  0.000000000000000E+000
  0.000000000000000E+000  0.000000000000000E+000  0.000000000000000E+000
  0.000000000000000E+000  0.000000000000000E+000  0.000000000000000E+000
