  0.997938552269716       4.488874458673046E-007  4.488874465770466E-007
  4.440894579365171E-016  8.977748997466194E-007  4.488874458673046E-007
  0.995965208775742       2.186620047078685E-006  7.774958717597252E-007
 -2.186620046875966E-006  4.488874465770466E-007  2.186620047078685E-006
  0.995965208775738      -7.774958660929175E-007 -2.186620046194068E-006
  4.440894579365171E-016  7.774958717597252E-007 -7.774958660929175E-007
  0.997938552269713      -5.191759469516676E-015  8.977748997466194E-007
 -2.186620046875966E-006 -2.186620046194068E-006 -5.191759469516676E-015
  0.995965208775738       0.997938550952214       4.491241958449019E-007
  4.491241965546439E-007  4.440894578374482E-016  8.982483997018139E-007
  4.491241958449019E-007  0.995965205943877       2.187568638610314E-006
  7.779059347496143E-007 -2.187568638407596E-006  4.491241965546439E-007
  2.187568638610314E-006  0.995965205943873      -7.779059290828067E-007
 -2.187568637725698E-006  4.440894578374482E-016  7.779059347496143E-007
 -7.779059290828067E-007  0.997938550952212      -5.191759457184558E-015
  8.982483997018139E-007 -2.187568638407596E-006 -2.187568637725698E-006
 -5.191759457184558E-015  0.995965205943873       0.997939972306799     
 -1.159834835175118E-005  3.999311229451211E-006  2.342669383724454E-006
 -1.408261061023913E-005 -1.159834835175118E-005  0.995959543128813     
 -1.726935737099684E-005 -9.564888511003616E-006 -2.333251984700242E-006
  3.999311229451211E-006 -1.726935737099684E-005  0.995973327714120     
 -6.927010246431858E-006  1.726935737188140E-005  2.342669383724454E-006
 -9.564888511003616E-006 -6.927010246431858E-006  0.997937267225199     
 -5.262020059928985E-006 -1.408261061023913E-005 -2.333251984700242E-006
  1.726935737188140E-005 -5.262020059928985E-006  0.995959543128809     
  0.997939973789714      -1.159798593411139E-005  4.001174672750438E-006
  2.343078268601799E-006 -1.408278774625936E-005 -1.159798593411139E-005
  0.995959546092728      -1.726912368788912E-005 -9.565302291983423E-006
 -2.333437057891008E-006  4.001174672750438E-006 -1.726912368788912E-005
  0.995973331122777      -6.930237824903144E-006  1.726912368877368E-005
  2.343078268601799E-006 -9.565302291983423E-006 -6.930237824903144E-006
  0.997937268235974      -5.261499306556248E-006 -1.408278774625936E-005
 -2.333437057891008E-006  1.726912368877368E-005 -5.261499306556248E-006
  0.995959546092724       0.997939972306799       3.999311228741458E-006
 -1.159834835104143E-005 -2.342669382864038E-006 -1.408261061023912E-005
  3.999311228741458E-006  0.995973327714123      -1.726935737099683E-005
  6.927010252098471E-006  1.726935737119958E-005 -1.159834835104143E-005
 -1.726935737099683E-005  0.995959543128809       9.564888516670261E-006
 -2.333251984018437E-006 -2.342669382864038E-006  6.927010252098471E-006
  9.564888516670261E-006  0.997937267225199       5.262020049545615E-006
 -1.408261061023912E-005  1.726935737119958E-005 -2.333251984018437E-006
  5.262020049545615E-006  0.995959543128809       0.997939973789714     
  4.001174672040686E-006 -1.159798593340164E-005 -2.343078267706689E-006
 -1.408278774625935E-005  4.001174672040686E-006  0.995973331122781     
 -1.726912368788912E-005  6.930237830569758E-006  1.726912368809186E-005
 -1.159798593340164E-005 -1.726912368788912E-005  0.995959546092724     
  9.565302297650068E-006 -2.333437057209204E-006 -2.343078267706689E-006
  6.930237830569758E-006  9.565302297650068E-006  0.997937268235974     
  5.261499296172879E-006 -1.408278774625935E-005  1.726912368809186E-005
 -2.333437057209204E-006  5.261499296172879E-006  0.995959546092724     
  0.997935914684402      -2.484262266499828E-006 -2.484262265790049E-006
  4.302192388908491E-016  7.998622465494730E-006 -2.484262266499828E-006
  0.995959543128813       2.333251984903018E-006 -1.482690856574092E-005
  1.726935737119959E-005 -2.484262265790049E-006  2.333251984903018E-006
  0.995959543128809       1.482690857140755E-005  1.726935737188139E-005
  4.302192388908491E-016 -1.482690856574092E-005  1.482690857140755E-005
  0.997941324847596      -5.191705145068768E-015  7.998622465494730E-006
  1.726935737119959E-005  1.726935737188139E-005 -5.191705145068768E-015
  0.995973327714119       0.997935915459107      -2.484801820159837E-006
 -2.484801819450057E-006  4.440970257442230E-016  8.002349352093185E-006
 -2.484801820159837E-006  0.995959546092728       2.333437058093784E-006
 -1.482680159334800E-005  1.726912368809188E-005 -2.484801819450057E-006
  2.333437058093784E-006  0.995959546092724       1.482680159901462E-005
  1.726912368877367E-005  4.440970257442230E-016 -1.482680159334800E-005
  1.482680159901462E-005  0.997941326566581      -5.191704933637555E-015
  8.002349352093185E-006  1.726912368809188E-005  1.726912368877367E-005
 -5.191704933637555E-015  0.995973331122777       0.000000000000000E+000
  0.000000000000000E+000  0.000000000000000E+000  0.000000000000000E+000
  0.000000000000000E+000  0.000000000000000E+000  0.000000000000000E+000
  0.000000000000000E+000  0.000000000000000E+000  0.000000000000000E+000
  0.000000000000000E+000  0.000000000000000E+000  0.000000000000000E+000
  0.000000000000000E+000  0.000000000000000E+000  0.000000000000000E+000
  0.000000000000000E+000  0.000000000000000E+000  0.000000000000000E+000
  0.000000000000000E+000  0.000000000000000E+000  0.000000000000000E+000
  0.000000000000000E+000  0.000000000000000E+000  0.000000000000000E+000
  0.000000000000000E+000  0.000000000000000E+000  0.000000000000000E+000
  0.000000000000000E+000  0.000000000000000E+000  0.000000000000000E+000
  0.000000000000000E+000  0.000000000000000E+000  0.000000000000000E+000
  0.000000000000000E+000  0.000000000000000E+000  0.000000000000000E+000
  0.000000000000000E+000  0.000000000000000E+000  0.000000000000000E+000
  0.000000000000000E+000  0.000000000000000E+000  0.000000000000000E+000
  0.000000000000000E+000  0.000000000000000E+000  0.000000000000000E+000
  0.000000000000000E+000  0.000000000000000E+000  0.000000000000000E+000
  0.000000000000000E+000  0.000000000000000E+000  0.000000000000000E+000
  0.000000000000000E+000  0.000000000000000E+000  0.000000000000000E+000
  0.000000000000000E+000  0.000000000000000E+000  0.000000000000000E+000
  0.000000000000000E+000  0.000000000000000E+000  0.000000000000000E+000
  0.000000000000000E+000  0.000000000000000E+000  0.000000000000000E+000
  0.000000000000000E+000  0.000000000000000E+000  0.000000000000000E+000
  0.000000000000000E+000  0.000000000000000E+000  0.000000000000000E+000
  0.000000000000000E+000  0.000000000000000E+000  0.000000000000000E+000
  0.000000000000000E+000  0.000000000000000E+000  0.000000000000000E+000
  0.000000000000000E+000  0.000000000000000E+000  0.000000000000000E+000
  0.000000000000000E+000  0.000000000000000E+000  0.000000000000000E+000
  0.000000000000000E+000  0.000000000000000E+000  0.000000000000000E+000
  0.000000000000000E+000  0.000000000000000E+000  0.000000000000000E+000
  0.000000000000000E+000  0.000000000000000E+000  0.000000000000000E+000
  0.000000000000000E+000  0.000000000000000E+000  0.000000000000000E+000
  0.000000000000000E+000  0.000000000000000E+000  0.000000000000000E+000
  0.000000000000000E+000  0.000000000000000E+000  0.000000000000000E+000
  0.000000000000000E+000  0.000000000000000E+000  0.000000000000000E+000
  0.000000000000000E+000  0.000000000000000E+000  0.000000000000000E+000
  0.000000000000000E+000  0.000000000000000E+000  0.000000000000000E+000
  0.000000000000000E+000  0.000000000000000E+000  0.000000000000000E+000
  0.000000000000000E+000  0.000000000000000E+000  0.000000000000000E+000
  0.000000000000000E+000  0.000000000000000E+000  0.000000000000000E+000
  0.000000000000000E+000  0.000000000000000E+000  0.000000000000000E+000
  0.000000000000000E+000  0.000000000000000E+000  0.000000000000000E+000
  0.000000000000000E+000  0.000000000000000E+000  0.000000000000000E+000
  0.000000000000000E+000  0.000000000000000E+000  0.000000000000000E+000
  0.000000000000000E+000  0.000000000000000E+000  0.000000000000000E+000
  0.000000000000000E+000  0.000000000000000E+000  0.000000000000000E+000
  0.000000000000000E+000  0.000000000000000E+000  0.000000000000000E+000
  0.000000000000000E+000  0.000000000000000E+000  0.000000000000000E+000
  0.000000000000000E+000  0.000000000000000E+000  0.000000000000000E+000
  0.000000000000000E+000  0.000000000000000E+000  0.000000000000000E+000
  0.000000000000000E+000  0.000000000000000E+000  0.000000000000000E+000
  0.000000000000000E+000  0.000000000000000E+000  0.000000000000000E+000
  0.000000000000000E+000  0.000000000000000E+000  0.000000000000000E+000
  0.000000000000000E+000  0.000000000000000E+000  0.000000000000000E+000
  0.000000000000000E+000  0.000000000000000E+000  0.000000000000000E+000
  0.000000000000000E+000  0.000000000000000E+000  0.000000000000000E+000
  0.000000000000000E+000  0.000000000000000E+000  0.000000000000000E+000
  0.000000000000000E+000  0.000000000000000E+000  0.000000000000000E+000
  0.000000000000000E+000  0.000000000000000E+000  0.000000000000000E+000
  0.000000000000000E+000  0.000000000000000E+000  0.000000000000000E+000
  0.000000000000000E+000  0.000000000000000E+000  0.000000000000000E+000
  0.000000000000000E+000  0.000000000000000E+000  0.000000000000000E+000
  0.000000000000000E+000  0.000000000000000E+000  0.000000000000000E+000
  0.000000000000000E+000  0.000000000000000E+000  0.000000000000000E+000
  0.000000000000000E+000  0.000000000000000E+000  0.000000000000000E+000
  0.000000000000000E+000  0.000000000000000E+000  0.000000000000000E+000
  0.000000000000000E+000  0.000000000000000E+000  0.000000000000000E+000
  0.000000000000000E+000  0.997934601957852      -1.385957861578999E-005
 -1.385957861508020E-005  4.302046644249931E-016 -9.272080476962939E-006
 -1.385957861578999E-005  0.995944543365336      -3.042904932245206E-005
  1.058777768839640E-006 -4.675380968334389E-006 -1.385957861508020E-005
 -3.042904932245206E-005  0.995944543365332      -1.058777763173069E-006
 -4.675380967652554E-006  4.302046644249931E-016  1.058777768839640E-006
 -1.058777763173069E-006  0.997912293636850      -5.191620831462197E-015
 -9.272080476962939E-006 -4.675380968334389E-006 -4.675380967652554E-006
 -5.191620831462197E-015  0.995933354677629       0.997934602244143     
 -1.385853848617649E-005 -1.385853848546670E-005  4.440824532188713E-016
 -9.272795349511910E-006 -1.385853848617649E-005  0.995944543108962     
 -3.043044500763584E-005  1.059099719832301E-006 -4.675797384619605E-006
 -1.385853848546670E-005 -3.043044500763584E-005  0.995944543108958     
 -1.059099714165729E-006 -4.675797383937770E-006  4.440824532188713E-016
  1.059099719832301E-006 -1.059099714165729E-006  0.997912294592794     
 -5.191620726114290E-015 -9.272795349511910E-006 -4.675797384619605E-006
 -4.675797383937770E-006 -5.191620726114290E-015  0.995933355085037     
  0.997927800830425       4.933466710280665E-006 -2.133884089247166E-005
  3.052582693778562E-006  2.300328942108057E-005  4.933466710280665E-006
  0.995929724929446       4.791335457310473E-005 -9.378597473276355E-006
 -3.441580187698826E-006 -2.133884089247166E-005  4.791335457310473E-005
  0.995939646343575       8.290581605341247E-006  1.706364335964523E-005
  3.052582693778562E-006 -9.378597473276355E-006  8.290581605341247E-006
  0.997932597532838       5.827477744248181E-006  2.300328942108057E-005
 -3.441580187698826E-006  1.706364335964523E-005  5.827477744248181E-006
  0.995965652549244       0.997927802358412       4.934073913243982E-006
 -2.133912895706071E-005  3.052490939840781E-006  2.300344292776415E-005
  4.934073913243982E-006  0.995929726980861       4.791375730405520E-005
 -9.378055521309546E-006 -3.442242715787170E-006 -2.133912895706071E-005
  4.791375730405520E-005  0.995939648603915       8.290936316741273E-006
  1.706427009250404E-005  3.052490939840781E-006 -9.378055521309546E-006
  8.290936316741273E-006  0.997932599212665       5.827230162466792E-006
  2.300344292776415E-005 -3.442242715787170E-006  1.706427009250404E-005
  5.827230162466792E-006  0.995965655307639       0.997927800830425     
 -2.133884089318143E-005  4.933466710990431E-006 -3.052582692911208E-006
  2.300328942108052E-005 -2.133884089318143E-005  0.995939646343579     
  4.791335457310478E-005 -8.290581599674447E-006  1.706364335896330E-005
  4.933466710990431E-006  4.791335457310478E-005  0.995929724929442     
  9.378597478943227E-006 -3.441580187016884E-006 -3.052582692911208E-006
 -8.290581599674447E-006  9.378597478943227E-006  0.997932597532838     
 -5.827477754631617E-006  2.300328942108052E-005  1.706364335896330E-005
 -3.441580187016884E-006 -5.827477754631617E-006  0.995965652549245     
  0.997927802358412      -2.133912895777048E-005  4.934073913953749E-006
 -3.052490938980366E-006  2.300344292776410E-005 -2.133912895777048E-005
  0.995939648603919       4.791375730405525E-005 -8.290936311074479E-006
  1.706427009182210E-005  4.934073913953749E-006  4.791375730405525E-005
  0.995929726980857       9.378055526976420E-006 -3.442242715105227E-006
 -3.052490938980366E-006 -8.290936311074479E-006  9.378055526976420E-006
  0.997932599212665      -5.827230172850228E-006  2.300344292776410E-005
  1.706427009182210E-005 -3.442242715105227E-006 -5.827230172850228E-006
  0.995965655307639       0.997968374015438      -7.204795422967265E-005
 -7.204795422896274E-005  4.440296120382150E-016 -8.455550540496039E-005
 -7.204795422967265E-005  0.995967627794061      -7.478305503961403E-006
 -4.810549429424739E-005  1.100415754514440E-004 -7.204795422896274E-005
 -7.478305503961403E-006  0.995967627794057       4.810549429991335E-005
  1.100415754521253E-004  4.440296120382150E-016 -4.810549429424739E-005
  4.810549429991335E-005  0.997908348878936      -5.191046537108344E-015
 -8.455550540496039E-005  1.100415754514440E-004  1.100415754521253E-004
 -5.191046537108344E-015  0.995935560652683       0.997968371612131     
 -7.204786312914357E-005 -7.204786312843366E-005  4.440296119124048E-016
 -8.455557375699891E-005 -7.204786312914357E-005  0.995967623962780     
 -7.477491394806773E-006 -4.810525671613413E-005  1.100424084719162E-004
 -7.204786312843366E-005 -7.477491394806773E-006  0.995967623962776     
  4.810525672180008E-005  1.100424084725975E-004  4.440296119124048E-016
 -4.810525671613413E-005  4.810525672180008E-005  0.997908346593939     
 -5.191044841678840E-015 -8.455557375699891E-005  1.100424084719162E-004
  1.100424084725975E-004 -5.191044841678840E-015  0.995935556176931     
  0.000000000000000E+000  0.000000000000000E+000  0.000000000000000E+000
  0.000000000000000E+000  0.000000000000000E+000  0.000000000000000E+000
  0.000000000000000E+000  0.000000000000000E+000  0.000000000000000E+000
  0.000000000000000E+000  0.000000000000000E+000  0.000000000000000E+000
  0.000000000000000E+000  0.000000000000000E+000  0.000000000000000E+000
  0.000000000000000E+000  0.000000000000000E+000  0.000000000000000E+000
  0.000000000000000E+000  0.000000000000000E+000  0.000000000000000E+000
  0.000000000000000E+000  0.000000000000000E+000  0.000000000000000E+000
  0.000000000000000E+000  0.000000000000000E+000  0.000000000000000E+000
  0.000000000000000E+000  0.000000000000000E+000  0.000000000000000E+000
  0.000000000000000E+000  0.000000000000000E+000  0.000000000000000E+000
  0.000000000000000E+000  0.000000000000000E+000  0.000000000000000E+000
  0.000000000000000E+000  0.000000000000000E+000  0.000000000000000E+000
  0.000000000000000E+000  0.000000000000000E+000  0.000000000000000E+000
  0.000000000000000E+000  0.000000000000000E+000  0.000000000000000E+000
  0.000000000000000E+000  0.000000000000000E+000  0.000000000000000E+000
  0.000000000000000E+000  0.000000000000000E+000  0.000000000000000E+000
  0.000000000000000E+000  0.000000000000000E+000  0.000000000000000E+000
  0.000000000000000E+000  0.000000000000000E+000  0.000000000000000E+000
  0.000000000000000E+000  0.000000000000000E+000  0.000000000000000E+000
  0.000000000000000E+000  0.000000000000000E+000  0.000000000000000E+000
  0.000000000000000E+000  0.000000000000000E+000  0.000000000000000E+000
  0.000000000000000E+000  0.000000000000000E+000  0.000000000000000E+000
  0.000000000000000E+000  0.000000000000000E+000  0.000000000000000E+000
  0.000000000000000E+000  0.000000000000000E+000  0.000000000000000E+000
  0.000000000000000E+000  0.000000000000000E+000  0.000000000000000E+000
  0.000000000000000E+000  0.000000000000000E+000  0.000000000000000E+000
  0.000000000000000E+000  0.000000000000000E+000  0.000000000000000E+000
  0.000000000000000E+000  0.000000000000000E+000  0.000000000000000E+000
  0.000000000000000E+000  0.000000000000000E+000  0.000000000000000E+000
  0.000000000000000E+000  0.000000000000000E+000  0.000000000000000E+000
  0.000000000000000E+000  0.000000000000000E+000  0.000000000000000E+000
  0.000000000000000E+000  0.000000000000000E+000  0.000000000000000E+000
  0.000000000000000E+000  0.000000000000000E+000  0.000000000000000E+000
  0.000000000000000E+000  0.000000000000000E+000  0.000000000000000E+000
  0.000000000000000E+000  0.000000000000000E+000  0.000000000000000E+000
  0.000000000000000E+000  0.000000000000000E+000  0.000000000000000E+000
  0.000000000000000E+000  0.000000000000000E+000  0.000000000000000E+000
  0.000000000000000E+000  0.000000000000000E+000  0.000000000000000E+000
  0.000000000000000E+000  0.000000000000000E+000  0.000000000000000E+000
  0.000000000000000E+000  0.000000000000000E+000  0.000000000000000E+000
  0.000000000000000E+000  0.000000000000000E+000  0.000000000000000E+000
  0.000000000000000E+000  0.000000000000000E+000  0.000000000000000E+000
  0.000000000000000E+000  0.000000000000000E+000  0.000000000000000E+000
  0.000000000000000E+000  0.000000000000000E+000  0.000000000000000E+000
  0.000000000000000E+000  0.000000000000000E+000  0.000000000000000E+000
  0.000000000000000E+000  0.000000000000000E+000  0.000000000000000E+000
  0.000000000000000E+000  0.000000000000000E+000  0.000000000000000E+000
  0.000000000000000E+000  0.000000000000000E+000  0.000000000000000E+000
  0.000000000000000E+000  0.000000000000000E+000  0.000000000000000E+000
  0.000000000000000E+000  0.000000000000000E+000  0.000000000000000E+000
  0.000000000000000E+000  0.000000000000000E+000  0.000000000000000E+000
  0.000000000000000E+000  0.000000000000000E+000  0.000000000000000E+000
  0.000000000000000E+000  0.000000000000000E+000  0.000000000000000E+000
  0.000000000000000E+000  0.000000000000000E+000  0.000000000000000E+000
  0.000000000000000E+000  0.000000000000000E+000  0.000000000000000E+000
  0.000000000000000E+000  0.000000000000000E+000  0.000000000000000E+000
  0.000000000000000E+000  0.000000000000000E+000  0.000000000000000E+000
  0.000000000000000E+000  0.000000000000000E+000  0.000000000000000E+000
  0.000000000000000E+000  0.000000000000000E+000  0.000000000000000E+000
  0.000000000000000E+000  0.000000000000000E+000  0.000000000000000E+000
  0.000000000000000E+000  0.000000000000000E+000  0.000000000000000E+000
  0.000000000000000E+000  0.000000000000000E+000  0.000000000000000E+000
  0.000000000000000E+000  0.000000000000000E+000  0.000000000000000E+000
  0.000000000000000E+000  0.000000000000000E+000  0.000000000000000E+000
  0.000000000000000E+000  0.000000000000000E+000  0.000000000000000E+000
  0.000000000000000E+000  0.000000000000000E+000  0.997917870717102     
 -4.636040242487353E-006  7.846717745901834E-006  9.659786351569334E-006
 -6.012860862586223E-006 -4.636040242487353E-006  0.995933354677633     
  4.675380968537126E-006 -8.029857237284554E-006 -4.675380968334394E-006
  7.846717745901834E-006  4.675380968537126E-006  0.995944543365332     
  1.147335828394961E-005  3.042904932333655E-005  9.659786351569334E-006
 -8.029857237284554E-006  1.147335828394961E-005  0.997929024877600     
 -1.253213605231434E-005 -6.012860862586223E-006 -4.675380968334394E-006
  3.042904932333655E-005 -1.253213605231434E-005  0.995944543365332     
  0.997917871505633      -4.636397678761840E-006  7.846476498833503E-006
  9.659496383020162E-006 -6.012061980041057E-006 -4.636397678761840E-006
  0.995933355085041       4.675797384822341E-006 -8.030476335072432E-006
 -4.675797384619609E-006  7.846476498833503E-006  4.675797384822341E-006
  0.995944543108958       1.147229652978476E-005  3.043044500852032E-005
  9.659496383020162E-006 -8.030476335072432E-006  1.147229652978476E-005
  0.997929025331304      -1.253139624914215E-005 -6.012061980041057E-006
 -4.675797384619609E-006  3.043044500852032E-005 -1.253139624914215E-005
  0.995944543108958       0.997934041971395       1.654838847753791E-005
  3.489566162354069E-006 -5.507417256550512E-007 -5.655370308053975E-006
  1.654838847753791E-005  0.995965652549249      -1.706364335876062E-005
  1.700769413624077E-005 -3.441580187698837E-006  3.489566162354069E-006
 -1.706364335876062E-005  0.995939646343575       2.262526910199447E-005
 -4.791335457222014E-005 -5.507417256550512E-007  1.700769413624077E-005
  2.262526910199447E-005  0.997926356391867       8.961806235593255E-006
 -5.655370308053975E-006 -3.441580187698837E-006 -4.791335457222014E-005
  8.961806235593255E-006  0.995929724929441       0.997934043533801     
  1.654825081876750E-005  3.489403005565155E-006 -5.508533516759778E-007
 -5.654597362401431E-006  1.654825081876750E-005  0.995965655307643     
 -1.706427009161942E-005  1.700795086781911E-005 -3.442242715787180E-006
  3.489403005565155E-006 -1.706427009161942E-005  0.995939648603915     
  2.262569592894654E-005 -4.791375730317061E-005 -5.508533516759778E-007
  1.700795086781911E-005  2.262569592894654E-005  0.997926358037275     
  8.962061112801338E-006 -5.654597362401431E-006 -3.442242715787180E-006
 -4.791375730317061E-005  8.962061112801338E-006  0.995929726980857     
  0.997923355163063      -4.227775270648542E-005 -5.636603012359313E-006
  2.599164653788872E-005 -7.768455723473050E-005 -4.227775270648542E-005
  0.995935560652687      -1.100415754512409E-004 -7.322721570882918E-005
  1.100415754514439E-004 -5.636603012359313E-006 -1.100415754512409E-004
  0.995967627794057       8.644810580206598E-005  7.478305504845766E-006
  2.599164653788872E-005 -7.322721570882918E-005  8.644810580206598E-005
  0.997953367731311      -3.834261150734413E-005 -7.768455723473050E-005
  1.100415754514439E-004  7.478305504845766E-006 -3.834261150734413E-005
  0.995967627794057       0.997923352848488      -4.227778688250469E-005
 -5.636442813942383E-006  2.599159530849993E-005 -7.768430593578450E-005
 -4.227778688250469E-005  0.995935556176935      -1.100424084717131E-004
 -7.322727490343093E-005  1.100424084719162E-004 -5.636442813942383E-006
 -1.100424084717131E-004  0.995967623962776       8.644790811763686E-005
  7.477491395691136E-006  2.599159530849993E-005 -7.322727490343093E-005
  8.644790811763686E-005  0.997953365357582      -3.834265140102829E-005
 -7.768430593578450E-005  1.100424084719162E-004  7.477491395691136E-006
 -3.834265140102829E-005  0.995967623962776       0.997928754743076     
  6.454900935530813E-006 -1.058883702563702E-005 -3.603324419010357E-006
 -1.784927472352506E-005  6.454900935530813E-006  0.995965652549249     
  3.441580187901545E-006  2.283517188568067E-005  1.706364335896328E-005
 -1.058883702563702E-005  3.441580187901545E-006  0.995929724929442     
  4.167912381582544E-007 -4.791335457222008E-005 -3.603324419010357E-006
  2.283517188568067E-005  4.167912381582544E-007  0.997931643620186     
 -1.433468750184487E-005 -1.784927472352506E-005  1.706364335896328E-005
 -4.791335457222008E-005 -1.433468750184487E-005  0.995939646343575     
  0.997928756464405       6.455192100984804E-006 -1.058867128294780E-005
 -3.603344291114319E-006 -1.784972594490303E-005  6.455192100984804E-006
  0.995965655307643       3.442242715989888E-006  2.283518103547761E-005
  1.706427009182208E-005 -1.058867128294780E-005  3.442242715989888E-006
  0.995929726980857       4.159944089833648E-007 -4.791375730317054E-005
 -3.603344291114319E-006  2.283518103547761E-005  4.159944089833648E-007
  0.997931645106672      -1.433475961739690E-005 -1.784972594490303E-005
  1.706427009182208E-005 -4.791375730317054E-005 -1.433475961739690E-005
  0.995939648603915       0.000000000000000E+000  0.000000000000000E+000
  0.000000000000000E+000  0.000000000000000E+000  0.000000000000000E+000
  0.000000000000000E+000  0.000000000000000E+000  0.000000000000000E+000
  0.000000000000000E+000  0.000000000000000E+000  0.000000000000000E+000
  0.000000000000000E+000  0.000000000000000E+000  0.000000000000000E+000
  0.000000000000000E+000  0.000000000000000E+000  0.000000000000000E+000
  0.000000000000000E+000  0.000000000000000E+000  0.000000000000000E+000
  0.000000000000000E+000  0.000000000000000E+000  0.000000000000000E+000
  0.000000000000000E+000  0.000000000000000E+000  0.000000000000000E+000
  0.000000000000000E+000  0.000000000000000E+000  0.000000000000000E+000
  0.000000000000000E+000  0.000000000000000E+000  0.000000000000000E+000
  0.000000000000000E+000  0.000000000000000E+000  0.000000000000000E+000
  0.000000000000000E+000  0.000000000000000E+000  0.000000000000000E+000
  0.000000000000000E+000  0.000000000000000E+000  0.000000000000000E+000
  0.000000000000000E+000  0.000000000000000E+000  0.000000000000000E+000
  0.000000000000000E+000  0.000000000000000E+000  0.000000000000000E+000
  0.000000000000000E+000  0.000000000000000E+000  0.000000000000000E+000
  0.000000000000000E+000  0.000000000000000E+000  0.000000000000000E+000
  0.000000000000000E+000  0.000000000000000E+000  0.000000000000000E+000
  0.000000000000000E+000  0.000000000000000E+000  0.000000000000000E+000
  0.000000000000000E+000  0.000000000000000E+000  0.000000000000000E+000
  0.000000000000000E+000  0.000000000000000E+000  0.000000000000000E+000
  0.000000000000000E+000  0.000000000000000E+000  0.000000000000000E+000
  0.000000000000000E+000  0.000000000000000E+000  0.000000000000000E+000
  0.000000000000000E+000  0.000000000000000E+000  0.000000000000000E+000
  0.000000000000000E+000  0.000000000000000E+000  0.000000000000000E+000
  0.000000000000000E+000  0.000000000000000E+000  0.000000000000000E+000
  0.000000000000000E+000  0.000000000000000E+000  0.000000000000000E+000
  0.000000000000000E+000  0.000000000000000E+000  0.000000000000000E+000
  0.000000000000000E+000  0.000000000000000E+000  0.000000000000000E+000
  0.000000000000000E+000  0.000000000000000E+000  0.000000000000000E+000
  0.000000000000000E+000  0.000000000000000E+000  0.000000000000000E+000
  0.000000000000000E+000  0.000000000000000E+000  0.000000000000000E+000
  0.000000000000000E+000  0.000000000000000E+000  0.000000000000000E+000
  0.000000000000000E+000  0.000000000000000E+000  0.000000000000000E+000
  0.000000000000000E+000  0.000000000000000E+000  0.000000000000000E+000
  0.000000000000000E+000  0.000000000000000E+000  0.000000000000000E+000
  0.000000000000000E+000  0.000000000000000E+000  0.000000000000000E+000
  0.000000000000000E+000  0.000000000000000E+000  0.000000000000000E+000
  0.000000000000000E+000  0.000000000000000E+000  0.000000000000000E+000
  0.000000000000000E+000  0.000000000000000E+000  0.000000000000000E+000
  0.000000000000000E+000  0.000000000000000E+000  0.000000000000000E+000
  0.000000000000000E+000  0.000000000000000E+000  0.000000000000000E+000
  0.000000000000000E+000  0.000000000000000E+000  0.000000000000000E+000
  0.000000000000000E+000  0.000000000000000E+000  0.000000000000000E+000
  0.000000000000000E+000  0.000000000000000E+000  0.000000000000000E+000
  0.000000000000000E+000  0.000000000000000E+000  0.000000000000000E+000
  0.000000000000000E+000  0.000000000000000E+000  0.000000000000000E+000
  0.000000000000000E+000  0.000000000000000E+000  0.000000000000000E+000
  0.000000000000000E+000  0.000000000000000E+000  0.000000000000000E+000
  0.000000000000000E+000  0.000000000000000E+000  0.000000000000000E+000
  0.000000000000000E+000  0.000000000000000E+000  0.000000000000000E+000
  0.000000000000000E+000  0.000000000000000E+000  0.000000000000000E+000
  0.000000000000000E+000  0.000000000000000E+000  0.000000000000000E+000
  0.000000000000000E+000  0.000000000000000E+000  0.000000000000000E+000
  0.000000000000000E+000  0.000000000000000E+000  0.000000000000000E+000
  0.000000000000000E+000  0.000000000000000E+000  0.000000000000000E+000
  0.000000000000000E+000  0.000000000000000E+000  0.000000000000000E+000
  0.000000000000000E+000  0.000000000000000E+000  0.000000000000000E+000
  0.000000000000000E+000  0.000000000000000E+000  0.000000000000000E+000
  0.000000000000000E+000  0.000000000000000E+000  0.000000000000000E+000
  0.000000000000000E+000  0.000000000000000E+000  0.000000000000000E+000
  0.000000000000000E+000  0.000000000000000E+000  0.000000000000000E+000
  0.000000000000000E+000  0.000000000000000E+000  0.000000000000000E+000
  0.000000000000000E+000  0.000000000000000E+000  0.000000000000000E+000
  0.000000000000000E+000  0.000000000000000E+000  0.000000000000000E+000
  0.000000000000000E+000  0.000000000000000E+000  0.000000000000000E+000
  0.997948180794702      -8.578891231243443E-006  4.555087572495494E-006
 -2.221804607401013E-005 -7.273873205913388E-006 -8.578891231243443E-006
  0.995962732293305      -1.389760627863989E-005 -3.446120145877447E-006
 -1.647379648393688E-005  4.555087572495494E-006 -1.389760627863989E-005
  0.996007929021033      -7.889643110229419E-006  1.389760627952447E-005
 -2.221804607401013E-005 -3.446120145877447E-006 -7.889643110229419E-006
  0.997973835984464      -5.706477670494596E-006 -7.273873205913388E-006
 -1.647379648393688E-005  1.389760627952447E-005 -5.706477670494596E-006
  0.995962732293301       0.997948179089334      -8.579153551351280E-006
  4.556480614988442E-006 -2.221849286286605E-005 -7.273750513261970E-006
 -8.579153551351280E-006  0.995962730673562      -1.389718307224641E-005
 -3.445827022021926E-006 -1.647530804610794E-005  4.556480614988442E-006
 -1.389718307224641E-005  0.996007926933928      -7.892055930604310E-006
  1.389718307313099E-005 -2.221849286286605E-005 -3.445827022021926E-006
 -7.892055930604310E-006  0.997973834795004      -5.706851408299664E-006
 -7.273750513261970E-006 -1.647530804610794E-005  1.389718307313099E-005
 -5.706851408299664E-006  0.995962730673558       0.997932556764686     
  2.154205797359543E-005  1.174100707885577E-005 -5.107607677259909E-006
  1.950897941864058E-005  2.154205797359543E-005  0.995963360891424     
  3.099167373285998E-005  1.008971606736636E-005 -1.911389979867995E-005
  1.174100707885577E-005  3.099167373285998E-005  0.995995232554685     
 -2.033602079434570E-005 -3.099167373197522E-005 -5.107607677259909E-006
  1.008971606736636E-005 -2.033602079434570E-005  0.997938454522019     
  1.361111142037467E-005  1.950897941864058E-005 -1.911389979867995E-005
 -3.099167373197522E-005  1.361111142037467E-005  0.995963360891420     
  0.997932556507596       2.154135186069021E-005  1.174029252724383E-005
 -5.108192718629426E-006  1.950814926088785E-005  2.154135186069021E-005
  0.995963361129314       3.099097074995980E-005  1.008916515823825E-005
 -1.911453370350933E-005  1.174029252724383E-005  3.099097074995980E-005
  0.995995232846463      -2.033478315464918E-005 -3.099097074907504E-005
 -5.108192718629426E-006  1.008916515823825E-005 -2.033478315464918E-005
  0.997938454940477       1.361077536322486E-005  1.950814926088785E-005
 -1.911453370350933E-005 -3.099097074907504E-005  1.361077536322486E-005
  0.995963361129310       0.997922474526069       4.089418992335123E-005
 -4.294574830433002E-007  3.008417523565897E-005  9.712610144049643E-005
  4.089418992335123E-005  0.995937375342490       1.310039524276637E-004
  7.952313480504640E-005  1.299881984499913E-004 -4.294574830433002E-007
  1.310039524276637E-004  0.996002336484498       1.110573251412732E-004
  2.626190752884607E-005  3.008417523565897E-005  7.952313480504640E-005
  1.110573251412732E-004  0.997961639052956       5.852061357261467E-005
  9.712610144049643E-005  1.299881984499913E-004  2.626190752884607E-005
  5.852061357261467E-005  0.995985123773250       0.997922473160249     
  4.089392013877816E-005 -4.291621325980072E-007  3.008452522337833E-005
  9.712568735923529E-005  4.089392013877816E-005  0.995937373550679     
  1.310042587844173E-004  7.952261863014731E-005  1.299891751912874E-004
 -4.291621325980072E-007  1.310042587844173E-004  0.996002333913782     
  1.110571889466722E-004  2.626257879935116E-005  3.008452522337833E-005
  7.952261863014731E-005  1.110571889466722E-004  0.997961637464718     
  5.852106244179550E-005  9.712568735923529E-005  1.299891751912874E-004
  2.626257879935116E-005  5.852106244179550E-005  0.995985122054272     
  0.997977901581242       9.924338871967529E-005 -9.596373610867745E-005
 -1.916649988539717E-006  8.931614989195181E-005  9.924338871967529E-005
  0.995985123773254      -2.626190752796144E-005  5.485336443081029E-005
  1.299881984499914E-004 -9.596373610867745E-005 -2.626190752796144E-005
  0.996002336484498       5.590058365992661E-005 -1.310039524267789E-004
 -1.916649988539717E-006  5.485336443081029E-005  5.590058365992661E-005
  0.997906211997783      -4.346160062588220E-006  8.931614989195181E-005
  1.299881984499914E-004 -1.310039524267789E-004 -4.346160062588220E-006
  0.995937375342486       0.997977900351706       9.924357041115827E-005
 -9.596376583591580E-005 -1.916378684983707E-006  8.931556797908985E-005
  9.924357041115827E-005  0.995985122054276      -2.626257879846653E-005
  5.485278139132852E-005  1.299891751912875E-004 -9.596376583591580E-005
 -2.626257879846653E-005  0.996002333913782       5.590025978163748E-005
 -1.310042587835325E-004 -1.916378684983707E-006  5.485278139132852E-005
  5.590025978163748E-005  0.997906210273261      -4.346135615432503E-006
  8.931556797908985E-005  1.299891751912875E-004 -1.310042587835325E-004
 -4.346135615432503E-006  0.995937373550674       0.000000000000000E+000
  0.000000000000000E+000  0.000000000000000E+000  0.000000000000000E+000
  0.000000000000000E+000  0.000000000000000E+000  0.000000000000000E+000
  0.000000000000000E+000  0.000000000000000E+000  0.000000000000000E+000
  0.000000000000000E+000  0.000000000000000E+000  0.000000000000000E+000
  0.000000000000000E+000  0.000000000000000E+000  0.000000000000000E+000
  0.000000000000000E+000  0.000000000000000E+000  0.000000000000000E+000
  0.000000000000000E+000  0.000000000000000E+000  0.000000000000000E+000
  0.000000000000000E+000  0.000000000000000E+000  0.000000000000000E+000
  0.000000000000000E+000  0.000000000000000E+000  0.000000000000000E+000
  0.000000000000000E+000  0.000000000000000E+000  0.000000000000000E+000
  0.000000000000000E+000  0.000000000000000E+000  0.000000000000000E+000
  0.000000000000000E+000  0.000000000000000E+000  0.000000000000000E+000
  0.000000000000000E+000  0.000000000000000E+000  0.000000000000000E+000
  0.000000000000000E+000  0.000000000000000E+000  0.000000000000000E+000
  0.000000000000000E+000  0.000000000000000E+000  0.000000000000000E+000
  0.000000000000000E+000  0.000000000000000E+000  0.000000000000000E+000
  0.000000000000000E+000  0.000000000000000E+000  0.000000000000000E+000
  0.000000000000000E+000  0.000000000000000E+000  0.000000000000000E+000
  0.000000000000000E+000  0.000000000000000E+000  0.000000000000000E+000
  0.000000000000000E+000  0.000000000000000E+000  0.000000000000000E+000
  0.000000000000000E+000  0.000000000000000E+000  0.000000000000000E+000
  0.000000000000000E+000  0.000000000000000E+000  0.000000000000000E+000
  0.000000000000000E+000  0.000000000000000E+000  0.000000000000000E+000
  0.000000000000000E+000  0.000000000000000E+000  0.000000000000000E+000
  0.000000000000000E+000  0.000000000000000E+000  0.000000000000000E+000
  0.000000000000000E+000  0.000000000000000E+000  0.000000000000000E+000
  0.000000000000000E+000  0.000000000000000E+000  0.000000000000000E+000
  0.000000000000000E+000  0.000000000000000E+000  0.000000000000000E+000
  0.000000000000000E+000  0.000000000000000E+000  0.000000000000000E+000
  0.000000000000000E+000  0.000000000000000E+000  0.000000000000000E+000
  0.000000000000000E+000  0.000000000000000E+000  0.000000000000000E+000
  0.000000000000000E+000  0.000000000000000E+000  0.000000000000000E+000
  0.000000000000000E+000  0.000000000000000E+000  0.000000000000000E+000
  0.000000000000000E+000  0.000000000000000E+000  0.000000000000000E+000
  0.000000000000000E+000  0.000000000000000E+000  0.000000000000000E+000
  0.000000000000000E+000  0.000000000000000E+000  0.000000000000000E+000
  0.000000000000000E+000  0.000000000000000E+000  0.000000000000000E+000
  0.000000000000000E+000  0.000000000000000E+000  0.000000000000000E+000
  0.000000000000000E+000  0.000000000000000E+000  0.000000000000000E+000
  0.000000000000000E+000  0.000000000000000E+000  0.000000000000000E+000
  0.000000000000000E+000  0.000000000000000E+000  0.000000000000000E+000
  0.000000000000000E+000  0.000000000000000E+000  0.000000000000000E+000
  0.000000000000000E+000  0.000000000000000E+000  0.000000000000000E+000
  0.000000000000000E+000  0.000000000000000E+000  0.000000000000000E+000
  0.000000000000000E+000  0.000000000000000E+000  0.000000000000000E+000
  0.000000000000000E+000  0.000000000000000E+000  0.000000000000000E+000
  0.000000000000000E+000  0.000000000000000E+000  0.000000000000000E+000
  0.000000000000000E+000  0.000000000000000E+000  0.000000000000000E+000
  0.000000000000000E+000  0.000000000000000E+000  0.000000000000000E+000
  0.000000000000000E+000  0.000000000000000E+000  0.000000000000000E+000
  0.000000000000000E+000  0.000000000000000E+000  0.000000000000000E+000
  0.000000000000000E+000  0.000000000000000E+000  0.000000000000000E+000
  0.000000000000000E+000  0.000000000000000E+000  0.000000000000000E+000
  0.000000000000000E+000  0.000000000000000E+000  0.000000000000000E+000
  0.000000000000000E+000  0.000000000000000E+000  0.000000000000000E+000
  0.000000000000000E+000  0.000000000000000E+000  0.000000000000000E+000
  0.000000000000000E+000  0.000000000000000E+000  0.000000000000000E+000
  0.000000000000000E+000  0.000000000000000E+000  0.000000000000000E+000
  0.000000000000000E+000  0.000000000000000E+000  0.000000000000000E+000
  0.000000000000000E+000  0.000000000000000E+000  0.000000000000000E+000
  0.000000000000000E+000  0.000000000000000E+000  0.000000000000000E+000
  0.000000000000000E+000  0.000000000000000E+000  0.000000000000000E+000
  0.000000000000000E+000  0.000000000000000E+000  0.000000000000000E+000
  0.000000000000000E+000  0.000000000000000E+000  0.000000000000000E+000
  0.000000000000000E+000  0.000000000000000E+000  0.000000000000000E+000
  0.000000000000000E+000  0.000000000000000E+000  0.000000000000000E+000
  0.000000000000000E+000  0.997917870717102       7.846717745192083E-006
 -4.636040241777661E-006 -9.659786350715837E-006 -6.012860862586182E-006
  7.846717745192083E-006  0.995944543365336       4.675380968537158E-006
 -1.147335827828321E-005  3.042904932265479E-005 -4.636040241777661E-006
  4.675380968537158E-006  0.995933354677629       8.029857242951240E-006
 -4.675380967652560E-006 -9.659786350715837E-006 -1.147335827828321E-005
  8.029857242951240E-006  0.997929024877600       1.253213604193117E-005
 -6.012860862586182E-006  3.042904932265479E-005 -4.675380967652560E-006
  1.253213604193117E-005  0.995944543365332       0.997917871505633     
  7.846476498123750E-006 -4.636397678052148E-006 -9.659496382159726E-006
 -6.012061980041016E-006  7.846476498123750E-006  0.995944543108962     
  4.675797384822373E-006 -1.147229652411836E-005  3.043044500783856E-005
 -4.636397678052148E-006  4.675797384822373E-006  0.995933355085037     
  8.030476340739120E-006 -4.675797383937776E-006 -9.659496382159726E-006
 -1.147229652411836E-005  8.030476340739120E-006  0.997929025331304     
  1.253139623875898E-005 -6.012061980041016E-006  3.043044500783856E-005
 -4.675797383937776E-006  1.253139623875898E-005  0.995944543108958     
  0.997923355163063      -5.636603013069214E-006 -4.227775270577561E-005
 -2.599164653701435E-005 -7.768455723473021E-005 -5.636603013069214E-006
  0.995967627794061      -1.100415754512412E-004 -8.644810579639997E-005
  7.478305504164520E-006 -4.227775270577561E-005 -1.100415754512412E-004
  0.995935560652684       7.322721571449443E-005  1.100415754521253E-004
 -2.599164653701435E-005 -8.644810579639997E-005  7.322721571449443E-005
  0.997953367731311       3.834261149696102E-005 -7.768455723473021E-005
  7.478305504164520E-006  1.100415754521253E-004  3.834261149696102E-005
  0.995967627794057       0.997923352848488      -5.636442814652283E-006
 -4.227778688179487E-005 -2.599159530760475E-005 -7.768430593578419E-005
 -5.636442814652283E-006  0.995967623962780      -1.100424084717134E-004
 -8.644790811197087E-005  7.477491395009888E-006 -4.227778688179487E-005
 -1.100424084717134E-004  0.995935556176931       7.322727490909620E-005
  1.100424084725975E-004 -2.599159530760475E-005 -8.644790811197087E-005
  7.322727490909620E-005  0.997953365357582       3.834265139064518E-005
 -7.768430593578419E-005  7.477491395009888E-006  1.100424084725975E-004
  3.834265139064518E-005  0.995967623962776       0.997934041971396     
  3.489566161644366E-006  1.654838847824761E-005  5.507417265293757E-007
 -5.655370308053945E-006  3.489566161644366E-006  0.995939646343579     
 -1.706364335876066E-005 -2.262526909632762E-005 -4.791335457290198E-005
  1.654838847824761E-005 -1.706364335876066E-005  0.995965652549245     
 -1.700769413057401E-005 -3.441580187016895E-006  5.507417265293757E-007
 -2.262526909632762E-005 -1.700769413057401E-005  0.997926356391867     
 -8.961806245976731E-006 -5.655370308053945E-006 -4.791335457290198E-005
 -3.441580187016895E-006 -8.961806245976731E-006  0.995929724929441     
  0.997934043533802       3.489403004855451E-006  1.654825081947720E-005
  5.508533525294857E-007 -5.654597362401401E-006  3.489403004855451E-006
  0.995939648603919      -1.706427009161946E-005 -2.262569592327968E-005
 -4.791375730385246E-005  1.654825081947720E-005 -1.706427009161946E-005
  0.995965655307639      -1.700795086215234E-005 -3.442242715105238E-006
  5.508533525294857E-007 -2.262569592327968E-005 -1.700795086215234E-005
  0.997926358037275      -8.962061123184815E-006 -5.654597362401401E-006
 -4.791375730385246E-005 -3.442242715105238E-006 -8.962061123184815E-006
  0.995929726980857       0.997928754743076      -1.058883702634670E-005
  6.454900936240509E-006  3.603324419891581E-006 -1.784927472352500E-005
 -1.058883702634670E-005  0.995929724929445       3.441580187901485E-006
 -4.167912324913570E-007 -4.791335457290203E-005  6.454900936240509E-006
  3.441580187901485E-006  0.995965652549245      -2.283517188001393E-005
  1.706364335964524E-005  3.603324419891581E-006 -4.167912324913570E-007
 -2.283517188001393E-005  0.997931643620186       1.433468749146145E-005
 -1.784927472352500E-005 -4.791335457290203E-005  1.706364335964524E-005
  1.433468749146145E-005  0.995939646343575       0.997928756464405     
 -1.058867128365747E-005  6.455192101694500E-006  3.603344291974726E-006
 -1.784972594490297E-005 -1.058867128365747E-005  0.995929726980861     
  3.442242715989828E-006 -4.159944033164676E-007 -4.791375730385250E-005
  6.455192101694500E-006  3.442242715989828E-006  0.995965655307639     
 -2.283518102981087E-005  1.706427009250404E-005  3.603344291974726E-006
 -4.159944033164676E-007 -2.283518102981087E-005  0.997931645106672     
  1.433475960701348E-005 -1.784972594490297E-005 -4.791375730385250E-005
  1.706427009250404E-005  1.433475960701348E-005  0.995939648603915     
  0.000000000000000E+000  0.000000000000000E+000  0.000000000000000E+000
  0.000000000000000E+000  0.000000000000000E+000  0.000000000000000E+000
  0.000000000000000E+000  0.000000000000000E+000  0.000000000000000E+000
  0.000000000000000E+000  0.000000000000000E+000  0.000000000000000E+000
  0.000000000000000E+000  0.000000000000000E+000  0.000000000000000E+000
  0.000000000000000E+000  0.000000000000000E+000  0.000000000000000E+000
  0.000000000000000E+000  0.000000000000000E+000  0.000000000000000E+000
  0.000000000000000E+000  0.000000000000000E+000  0.000000000000000E+000
  0.000000000000000E+000  0.000000000000000E+000  0.000000000000000E+000
  0.000000000000000E+000  0.000000000000000E+000  0.000000000000000E+000
  0.000000000000000E+000  0.000000000000000E+000  0.000000000000000E+000
  0.000000000000000E+000  0.000000000000000E+000  0.000000000000000E+000
  0.000000000000000E+000  0.000000000000000E+000  0.000000000000000E+000
  0.000000000000000E+000  0.000000000000000E+000  0.000000000000000E+000
  0.000000000000000E+000  0.000000000000000E+000  0.000000000000000E+000
  0.000000000000000E+000  0.000000000000000E+000  0.000000000000000E+000
  0.000000000000000E+000  0.000000000000000E+000  0.000000000000000E+000
  0.000000000000000E+000  0.000000000000000E+000  0.000000000000000E+000
  0.000000000000000E+000  0.000000000000000E+000  0.000000000000000E+000
  0.000000000000000E+000  0.000000000000000E+000  0.000000000000000E+000
  0.000000000000000E+000  0.000000000000000E+000  0.000000000000000E+000
  0.000000000000000E+000  0.000000000000000E+000  0.000000000000000E+000
  0.000000000000000E+000  0.000000000000000E+000  0.000000000000000E+000
  0.000000000000000E+000  0.000000000000000E+000  0.000000000000000E+000
  0.000000000000000E+000  0.000000000000000E+000  0.000000000000000E+000
  0.000000000000000E+000  0.000000000000000E+000  0.000000000000000E+000
  0.000000000000000E+000  0.000000000000000E+000  0.000000000000000E+000
  0.000000000000000E+000  0.000000000000000E+000  0.000000000000000E+000
  0.000000000000000E+000  0.000000000000000E+000  0.000000000000000E+000
  0.000000000000000E+000  0.000000000000000E+000  0.000000000000000E+000
  0.000000000000000E+000  0.000000000000000E+000  0.000000000000000E+000
  0.000000000000000E+000  0.000000000000000E+000  0.000000000000000E+000
  0.000000000000000E+000  0.000000000000000E+000  0.000000000000000E+000
  0.000000000000000E+000  0.000000000000000E+000  0.000000000000000E+000
  0.000000000000000E+000  0.000000000000000E+000  0.000000000000000E+000
  0.000000000000000E+000  0.000000000000000E+000  0.000000000000000E+000
  0.000000000000000E+000  0.000000000000000E+000  0.000000000000000E+000
  0.000000000000000E+000  0.000000000000000E+000  0.000000000000000E+000
  0.000000000000000E+000  0.000000000000000E+000  0.000000000000000E+000
  0.000000000000000E+000  0.000000000000000E+000  0.000000000000000E+000
  0.000000000000000E+000  0.000000000000000E+000  0.000000000000000E+000
  0.000000000000000E+000  0.000000000000000E+000  0.000000000000000E+000
  0.000000000000000E+000  0.000000000000000E+000  0.000000000000000E+000
  0.000000000000000E+000  0.000000000000000E+000  0.000000000000000E+000
  0.000000000000000E+000  0.000000000000000E+000  0.000000000000000E+000
  0.000000000000000E+000  0.000000000000000E+000  0.000000000000000E+000
  0.000000000000000E+000  0.000000000000000E+000  0.000000000000000E+000
  0.000000000000000E+000  0.000000000000000E+000  0.000000000000000E+000
  0.000000000000000E+000  0.000000000000000E+000  0.000000000000000E+000
  0.000000000000000E+000  0.000000000000000E+000  0.000000000000000E+000
  0.000000000000000E+000  0.000000000000000E+000  0.000000000000000E+000
  0.000000000000000E+000  0.000000000000000E+000  0.000000000000000E+000
  0.000000000000000E+000  0.000000000000000E+000  0.000000000000000E+000
  0.000000000000000E+000  0.000000000000000E+000  0.000000000000000E+000
  0.000000000000000E+000  0.000000000000000E+000  0.000000000000000E+000
  0.000000000000000E+000  0.000000000000000E+000  0.000000000000000E+000
  0.000000000000000E+000  0.000000000000000E+000  0.000000000000000E+000
  0.000000000000000E+000  0.000000000000000E+000  0.000000000000000E+000
  0.000000000000000E+000  0.000000000000000E+000  0.000000000000000E+000
  0.000000000000000E+000  0.000000000000000E+000  0.000000000000000E+000
  0.000000000000000E+000  0.000000000000000E+000  0.000000000000000E+000
  0.000000000000000E+000  0.000000000000000E+000  0.000000000000000E+000
  0.000000000000000E+000  0.000000000000000E+000  0.000000000000000E+000
  0.000000000000000E+000  0.000000000000000E+000  0.000000000000000E+000
  0.000000000000000E+000  0.000000000000000E+000  0.000000000000000E+000
  0.000000000000000E+000  0.000000000000000E+000  0.000000000000000E+000
  0.000000000000000E+000  0.000000000000000E+000  0.997948180794702     
  4.555087571785703E-006 -8.578891230533687E-006  2.221804607491912E-005
 -7.273873205913459E-006  4.555087571785703E-006  0.996007929021037     
 -1.389760627863992E-005  7.889643115896268E-006  1.389760627884265E-005
 -8.578891230533687E-006 -1.389760627863992E-005  0.995962732293301     
  3.446120151544244E-006 -1.647379648325502E-005  2.221804607491912E-005
  7.889643115896268E-006  3.446120151544244E-006  0.997973835984464     
  5.706477660111006E-006 -7.273873205913459E-006  1.389760627884265E-005
 -1.647379648325502E-005  5.706477660111006E-006  0.995962732293301     
  0.997948179089335       4.556480614278652E-006 -8.579153550641522E-006
  2.221849286371258E-005 -7.273750513262042E-006  4.556480614278652E-006
  0.996007926933932      -1.389718307224644E-005  7.892055936271159E-006
  1.389718307244917E-005 -8.579153550641522E-006 -1.389718307224644E-005
  0.995962730673558       3.445827027688724E-006 -1.647530804542609E-005
  2.221849286371258E-005  7.892055936271159E-006  3.445827027688724E-006
  0.997973834795003       5.706851397916076E-006 -7.273750513262042E-006
  1.389718307244917E-005 -1.647530804542609E-005  5.706851397916076E-006
  0.995962730673558       0.997922474526069      -4.294574837531832E-007
  4.089418992406088E-005 -3.008417523479847E-005  9.712610144049650E-005
 -4.294574837531832E-007  0.996002336484502       1.310039524276634E-004
 -1.110573251356059E-004  2.626190752816465E-005  4.089418992406088E-005
  1.310039524276634E-004  0.995937375342487      -7.952313479937985E-005
  1.299881984506734E-004 -3.008417523479847E-005 -1.110573251356059E-004
 -7.952313479937985E-005  0.997961639052956      -5.852061358299755E-005
  9.712610144049650E-005  2.626190752816465E-005  1.299881984506734E-004
 -5.852061358299755E-005  0.995985123773250       0.997922473160249     
 -4.291621333078877E-007  4.089392013948781E-005 -3.008452522249008E-005
  9.712568735923538E-005 -4.291621333078877E-007  0.996002333913786     
  1.310042587844170E-004 -1.110571889410049E-004  2.626257879866975E-005
  4.089392013948781E-005  1.310042587844170E-004  0.995937373550675     
 -7.952261862448075E-005  1.299891751919695E-004 -3.008452522249008E-005
 -1.110571889410049E-004 -7.952261862448075E-005  0.997961637464718     
 -5.852106245217835E-005  9.712568735923538E-005  2.626257879866975E-005
  1.299891751919695E-004 -5.852106245217835E-005  0.995985122054272     
  0.997932556764686       1.174100707814606E-005  2.154205797430511E-005
  5.107607678134228E-006  1.950897941864055E-005  1.174100707814606E-005
  0.995995232554689       3.099167373285989E-005  2.033602080001311E-005
 -3.099167373265726E-005  2.154205797430511E-005  3.099167373285989E-005
  0.995963360891420      -1.008971606169933E-005 -1.911389979799790E-005
  5.107607678134228E-006  2.033602080001311E-005 -1.008971606169933E-005
  0.997938454522019      -1.361111143075838E-005  1.950897941864055E-005
 -3.099167373265726E-005 -1.911389979799790E-005 -1.361111143075838E-005
  0.995963360891420       0.997932556507596       1.174029252653412E-005
  2.154135186139990E-005  5.108192719510683E-006  1.950814926088782E-005
  1.174029252653412E-005  0.995995232846467       3.099097074995971E-005
  2.033478316031660E-005 -3.099097074975709E-005  2.154135186139990E-005
  3.099097074995971E-005  0.995963361129310      -1.008916515257121E-005
 -1.911453370282729E-005  5.108192719510683E-006  2.033478316031660E-005
 -1.008916515257121E-005  0.997938454940477      -1.361077537360858E-005
  1.950814926088782E-005 -3.099097074975709E-005 -1.911453370282729E-005
 -1.361077537360858E-005  0.995963361129310       0.997977901581241     
 -9.596373610938753E-005  9.924338872038520E-005  1.916649989427902E-006
  8.931614989195182E-005 -9.596373610938753E-005  0.996002336484502     
 -2.626190752796198E-005 -5.590058365425899E-005 -1.310039524274605E-004
  9.924338872038520E-005 -2.626190752796198E-005  0.995985123773250     
 -5.485336442514432E-005  1.299881984506733E-004  1.916649989427902E-006
 -5.590058365425899E-005 -5.485336442514432E-005  0.997906211997784     
  4.346160052205024E-006  8.931614989195182E-005 -1.310039524274605E-004
  1.299881984506733E-004  4.346160052205024E-006  0.995937375342487     
  0.997977900351706      -9.596376583662586E-005  9.924357041186821E-005
  1.916378685858014E-006  8.931556797908989E-005 -9.596376583662586E-005
  0.996002333913786      -2.626257879846707E-005 -5.590025977596985E-005
 -1.310042587842141E-004  9.924357041186821E-005 -2.626257879846707E-005
  0.995985122054272      -5.485278138566254E-005  1.299891751919694E-004
  1.916378685858014E-006 -5.590025977596985E-005 -5.485278138566254E-005
  0.997906210273261       4.346135605049305E-006  8.931556797908989E-005
 -1.310042587842141E-004  1.299891751919694E-004  4.346135605049305E-006
  0.995937373550675       0.000000000000000E+000  0.000000000000000E+000
  0.000000000000000E+000  0.000000000000000E+000  0.000000000000000E+000
  0.000000000000000E+000  0.000000000000000E+000  0.000000000000000E+000
  0.000000000000000E+000  0.000000000000000E+000  0.000000000000000E+000
  0.000000000000000E+000  0.000000000000000E+000  0.000000000000000E+000
  0.000000000000000E+000  0.000000000000000E+000  0.000000000000000E+000
  0.000000000000000E+000  0.000000000000000E+000  0.000000000000000E+000
  0.000000000000000E+000  0.000000000000000E+000  0.000000000000000E+000
  0.000000000000000E+000  0.000000000000000E+000  0.000000000000000E+000
  0.000000000000000E+000  0.000000000000000E+000  0.000000000000000E+000
  0.000000000000000E+000  0.000000000000000E+000  0.000000000000000E+000
  0.000000000000000E+000  0.000000000000000E+000  0.000000000000000E+000
  0.000000000000000E+000  0.000000000000000E+000  0.000000000000000E+000
  0.000000000000000E+000  0.000000000000000E+000  0.000000000000000E+000
  0.000000000000000E+000  0.000000000000000E+000  0.000000000000000E+000
  0.000000000000000E+000  0.000000000000000E+000  0.000000000000000E+000
  0.000000000000000E+000  0.000000000000000E+000  0.000000000000000E+000
  0.000000000000000E+000  0.000000000000000E+000  0.000000000000000E+000
  0.000000000000000E+000  0.000000000000000E+000  0.000000000000000E+000
  0.000000000000000E+000  0.000000000000000E+000  0.000000000000000E+000
  0.000000000000000E+000  0.000000000000000E+000  0.000000000000000E+000
  0.000000000000000E+000  0.000000000000000E+000  0.000000000000000E+000
  0.000000000000000E+000  0.000000000000000E+000  0.000000000000000E+000
  0.000000000000000E+000  0.000000000000000E+000  0.000000000000000E+000
  0.000000000000000E+000  0.000000000000000E+000  0.000000000000000E+000
  0.000000000000000E+000  0.000000000000000E+000  0.000000000000000E+000
  0.000000000000000E+000  0.000000000000000E+000  0.000000000000000E+000
  0.000000000000000E+000  0.000000000000000E+000  0.000000000000000E+000
  0.000000000000000E+000  0.000000000000000E+000  0.000000000000000E+000
  0.000000000000000E+000  0.000000000000000E+000  0.000000000000000E+000
  0.000000000000000E+000  0.000000000000000E+000  0.000000000000000E+000
  0.000000000000000E+000  0.000000000000000E+000  0.000000000000000E+000
  0.000000000000000E+000  0.000000000000000E+000  0.000000000000000E+000
  0.000000000000000E+000  0.000000000000000E+000  0.000000000000000E+000
  0.000000000000000E+000  0.000000000000000E+000  0.000000000000000E+000
  0.000000000000000E+000  0.000000000000000E+000  0.000000000000000E+000
  0.000000000000000E+000  0.000000000000000E+000  0.000000000000000E+000
  0.000000000000000E+000  0.000000000000000E+000  0.000000000000000E+000
  0.000000000000000E+000  0.000000000000000E+000  0.000000000000000E+000
  0.000000000000000E+000  0.000000000000000E+000  0.000000000000000E+000
  0.000000000000000E+000  0.000000000000000E+000  0.000000000000000E+000
  0.000000000000000E+000  0.000000000000000E+000  0.000000000000000E+000
  0.000000000000000E+000  0.000000000000000E+000  0.000000000000000E+000
  0.000000000000000E+000  0.000000000000000E+000  0.000000000000000E+000
  0.000000000000000E+000  0.000000000000000E+000  0.000000000000000E+000
  0.000000000000000E+000  0.000000000000000E+000  0.000000000000000E+000
  0.000000000000000E+000  0.000000000000000E+000  0.000000000000000E+000
  0.000000000000000E+000  0.000000000000000E+000  0.000000000000000E+000
  0.000000000000000E+000  0.000000000000000E+000  0.000000000000000E+000
  0.000000000000000E+000  0.000000000000000E+000  0.000000000000000E+000
  0.000000000000000E+000  0.000000000000000E+000  0.000000000000000E+000
  0.000000000000000E+000  0.000000000000000E+000  0.000000000000000E+000
  0.000000000000000E+000  0.000000000000000E+000  0.000000000000000E+000
  0.000000000000000E+000  0.000000000000000E+000  0.000000000000000E+000
  0.000000000000000E+000  0.000000000000000E+000  0.000000000000000E+000
  0.000000000000000E+000  0.000000000000000E+000  0.000000000000000E+000
  0.000000000000000E+000  0.000000000000000E+000  0.000000000000000E+000
  0.000000000000000E+000  0.000000000000000E+000  0.000000000000000E+000
  0.000000000000000E+000  0.000000000000000E+000  0.000000000000000E+000
  0.000000000000000E+000  0.000000000000000E+000  0.000000000000000E+000
  0.000000000000000E+000  0.000000000000000E+000  0.000000000000000E+000
  0.000000000000000E+000  0.000000000000000E+000  0.000000000000000E+000
  0.000000000000000E+000  0.000000000000000E+000  0.000000000000000E+000
  0.000000000000000E+000  0.000000000000000E+000  0.000000000000000E+000
  0.000000000000000E+000  0.000000000000000E+000  0.000000000000000E+000
  0.000000000000000E+000  0.000000000000000E+000  0.000000000000000E+000
  0.000000000000000E+000  0.000000000000000E+000  0.000000000000000E+000
  0.997986663579348       1.305018017318020E-006  1.305018018027750E-006
  4.371602314721752E-016  9.110175151583542E-006  1.305018017318020E-006
  0.995962732293305       1.647379648413964E-005 -9.152597811180282E-006
  1.389760627884261E-005  1.305018018027750E-006  1.647379648413964E-005
  0.995962732293301       9.152597816847030E-006  1.389760627952453E-005
  4.371602314721752E-016 -9.152597811180282E-006  9.152597816847030E-006
  0.997935353199818      -5.191842890215330E-015  9.110175151583542E-006
  1.389760627884261E-005  1.389760627952453E-005 -5.191842890215330E-015
  0.996007929021033       0.997986662647841       1.305403030077273E-006
  1.305403030787004E-006  4.302213379757172E-016  9.112961236569444E-006
  1.305403030077273E-006  0.995962730673562       1.647530804631070E-005
 -9.152678425129832E-006  1.389718307244913E-005  1.305403030787004E-006
  1.647530804631070E-005  0.995962730673558       9.152678430796579E-006
  1.389718307313105E-005  4.302213379757172E-016 -9.152678425129832E-006
  9.152678430796579E-006  0.997935351236497      -5.191842837460659E-015
  9.112961236569444E-006  1.389718307244913E-005  1.389718307313105E-005
 -5.191842837460659E-015  0.996007926933928       0.997925794261230     
 -2.117287287189797E-006  4.842195996129861E-005 -3.200082522376866E-005
 -9.639319358512754E-005 -2.117287287189797E-006  0.995985123773254     
 -1.299881984497887E-004  1.133739780086164E-004  2.626190752816421E-005
  4.842195996129861E-005 -1.299881984497887E-004  0.995937375342487     
 -7.517697474198298E-005 -1.310039524267785E-004 -3.200082522376866E-005
  1.133739780086164E-004 -7.517697474198298E-005  0.997958319317795     
  5.515674147615458E-005 -9.639319358512754E-005  2.626190752816421E-005
 -1.310039524267785E-004  5.515674147615458E-005  0.996002336484498     
  0.997925792425498      -2.117883059933918E-006  4.842164783300973E-005
 -3.200090390787651E-005 -9.639292796192060E-005 -2.117883059933918E-006
  0.995985122054276      -1.299891751910848E-004  1.133738438383154E-004
  2.626257879866930E-005  4.842164783300973E-005 -1.299891751910848E-004
  0.995937373550675      -7.517648301423962E-005 -1.310042587835321E-004
 -3.200090390787651E-005  1.133738438383154E-004 -7.517648301423962E-005
  0.997958318199469       5.515692915984273E-005 -9.639292796192060E-005
  2.626257879866930E-005 -1.310042587835321E-004  5.515692915984273E-005
  0.996002333913782       0.997925794261230       4.842195996058909E-005
 -2.117287286480279E-006  3.200082522464981E-005 -9.639319358512742E-005
  4.842195996058909E-005  0.995937375342491      -1.299881984497890E-004
  7.517697474764992E-005 -1.310039524274608E-004 -2.117287286480279E-006
 -1.299881984497890E-004  0.995985123773250      -1.133739780029505E-004
  2.626190752884650E-005  3.200082522464981E-005  7.517697474764992E-005
 -1.133739780029505E-004  0.997958319317795      -5.515674148653873E-005
 -9.639319358512742E-005 -1.310039524274608E-004  2.626190752884650E-005
 -5.515674148653873E-005  0.996002336484498       0.997925792425499     
  4.842164783230022E-005 -2.117883059224397E-006  3.200090390875071E-005
 -9.639292796192049E-005  4.842164783230022E-005  0.995937373550679     
 -1.299891751910851E-004  7.517648301990653E-005 -1.310042587842143E-004
 -2.117883059224397E-006 -1.299891751910851E-004  0.995985122054272     
 -1.133738438326496E-004  2.626257879935159E-005  3.200090390875071E-005
  7.517648301990653E-005 -1.133738438326496E-004  0.997958318199469     
 -5.515692917022690E-005 -9.639292796192049E-005 -1.310042587842143E-004
  2.626257879935159E-005 -5.515692917022690E-005  0.996002333913782     
  0.997941403400689      -2.033078562967119E-006 -2.033078562257356E-006
  4.440680322429268E-016  2.348201416430465E-005 -2.033078562967119E-006
  0.995963360891424       1.911389979888260E-005  2.370082749293294E-005
 -3.099167373265732E-005 -2.033078562257356E-006  1.911389979888260E-005
  0.995963360891420      -2.370082748726582E-005 -3.099167373197517E-005
  4.440680322429268E-016  2.370082749293294E-005 -2.370082748726582E-005
  0.997929607886016      -5.191991624601684E-015  2.348201416430465E-005
 -3.099167373265732E-005 -3.099167373197517E-005 -5.191991624601684E-015
  0.995995232554685       0.997941404156920      -2.033202607814632E-006
 -2.033202607104870E-006  4.510069265994162E-016  2.348058506108077E-005
 -2.033202607814632E-006  0.995963361129314       1.911453370371199E-005
  2.369994052665503E-005 -3.099097074975714E-005 -2.033202607104870E-006
  1.911453370371199E-005  0.995963361129310      -2.369994052098791E-005
 -3.099097074907499E-005  4.510069265994162E-016  2.369994052665503E-005
 -2.369994052098791E-005  0.997929607291152      -5.191992153377749E-015
  2.348058506108077E-005 -3.099097074975714E-005 -3.099097074907499E-005
 -5.191992153377749E-015  0.995995232846463       0.000000000000000E+000
  0.000000000000000E+000  0.000000000000000E+000  0.000000000000000E+000
  0.000000000000000E+000  0.000000000000000E+000  0.000000000000000E+000
  0.000000000000000E+000  0.000000000000000E+000  0.000000000000000E+000
  0.000000000000000E+000  0.000000000000000E+000  0.000000000000000E+000
  0.000000000000000E+000  0.000000000000000E+000  0.000000000000000E+000
  0.000000000000000E+000  0.000000000000000E+000  0.000000000000000E+000
  0.000000000000000E+000  0.000000000000000E+000  0.000000000000000E+000
  0.000000000000000E+000  0.000000000000000E+000  0.000000000000000E+000
  0.000000000000000E+000  0.000000000000000E+000  0.000000000000000E+000
  0.000000000000000E+000  0.000000000000000E+000  0.000000000000000E+000
  0.000000000000000E+000  0.000000000000000E+000  0.000000000000000E+000
  0.000000000000000E+000  0.000000000000000E+000  0.000000000000000E+000
  0.000000000000000E+000  0.000000000000000E+000  0.000000000000000E+000
  0.000000000000000E+000  0.000000000000000E+000  0.000000000000000E+000
  0.000000000000000E+000  0.000000000000000E+000  0.000000000000000E+000
  0.000000000000000E+000  0.000000000000000E+000  0.000000000000000E+000
  0.000000000000000E+000  0.000000000000000E+000  0.000000000000000E+000
  0.000000000000000E+000  0.000000000000000E+000  0.000000000000000E+000
  0.000000000000000E+000  0.000000000000000E+000  0.000000000000000E+000
  0.000000000000000E+000  0.000000000000000E+000  0.000000000000000E+000
  0.000000000000000E+000  0.000000000000000E+000  0.000000000000000E+000
  0.000000000000000E+000  0.000000000000000E+000  0.000000000000000E+000
  0.000000000000000E+000  0.000000000000000E+000  0.000000000000000E+000
  0.000000000000000E+000  0.000000000000000E+000  0.000000000000000E+000
  0.000000000000000E+000  0.000000000000000E+000  0.000000000000000E+000
  0.000000000000000E+000  0.000000000000000E+000  0.000000000000000E+000
  0.000000000000000E+000  0.000000000000000E+000  0.000000000000000E+000
  0.000000000000000E+000  0.000000000000000E+000  0.000000000000000E+000
  0.000000000000000E+000  0.000000000000000E+000  0.000000000000000E+000
  0.000000000000000E+000  0.000000000000000E+000  0.000000000000000E+000
  0.000000000000000E+000  0.000000000000000E+000  0.000000000000000E+000
  0.000000000000000E+000  0.000000000000000E+000  0.000000000000000E+000
  0.000000000000000E+000  0.000000000000000E+000  0.000000000000000E+000
  0.000000000000000E+000  0.000000000000000E+000  0.000000000000000E+000
  0.000000000000000E+000  0.000000000000000E+000  0.000000000000000E+000
  0.000000000000000E+000  0.000000000000000E+000  0.000000000000000E+000
  0.000000000000000E+000  0.000000000000000E+000  0.000000000000000E+000
  0.000000000000000E+000  0.000000000000000E+000  0.000000000000000E+000
  0.000000000000000E+000  0.000000000000000E+000  0.000000000000000E+000
  0.000000000000000E+000  0.000000000000000E+000  0.000000000000000E+000
  0.000000000000000E+000  0.000000000000000E+000  0.000000000000000E+000
  0.000000000000000E+000  0.000000000000000E+000  0.000000000000000E+000
  0.000000000000000E+000  0.000000000000000E+000  0.000000000000000E+000
  0.000000000000000E+000  0.000000000000000E+000  0.000000000000000E+000
  0.000000000000000E+000  0.000000000000000E+000  0.000000000000000E+000
  0.000000000000000E+000  0.000000000000000E+000  0.000000000000000E+000
  0.000000000000000E+000  0.000000000000000E+000  0.000000000000000E+000
  0.000000000000000E+000  0.000000000000000E+000  0.000000000000000E+000
  0.000000000000000E+000  0.000000000000000E+000  0.000000000000000E+000
  0.000000000000000E+000  0.000000000000000E+000  0.000000000000000E+000
  0.000000000000000E+000  0.000000000000000E+000  0.000000000000000E+000
  0.000000000000000E+000  0.000000000000000E+000  0.000000000000000E+000
  0.000000000000000E+000  0.000000000000000E+000  0.000000000000000E+000
  0.000000000000000E+000  0.000000000000000E+000  0.000000000000000E+000
  0.000000000000000E+000  0.000000000000000E+000  0.000000000000000E+000
  0.000000000000000E+000  0.000000000000000E+000  0.000000000000000E+000
  0.000000000000000E+000  0.000000000000000E+000  0.000000000000000E+000
  0.000000000000000E+000  0.000000000000000E+000  0.000000000000000E+000
  0.000000000000000E+000  0.000000000000000E+000  0.000000000000000E+000
  0.000000000000000E+000  0.000000000000000E+000  0.000000000000000E+000
  0.000000000000000E+000  0.000000000000000E+000  0.000000000000000E+000
  0.000000000000000E+000  0.000000000000000E+000  0.000000000000000E+000
  0.000000000000000E+000  0.000000000000000E+000  0.000000000000000E+000
  0.000000000000000E+000  0.000000000000000E+000  0.000000000000000E+000
  0.000000000000000E+000  0.000000000000000E+000  0.000000000000000E+000
  0.000000000000000E+000  0.000000000000000E+000  0.000000000000000E+000
  0.000000000000000E+000  0.993990557202951      -2.356278315376164E-004
 -2.356278315369132E-004  4.163641014714248E-016 -4.712556630672485E-004
 -2.356278315376164E-004  0.989780481384867       1.619732794172065E-003
 -4.081193758918256E-004 -1.619732794171866E-003 -2.356278315369132E-004
  1.619732794172065E-003  0.989780481384863       4.081193758974788E-004
 -1.619732794171180E-003  4.163641014714248E-016 -4.081193758918256E-004
  4.081193758974788E-004  0.993990557202949      -5.172211983393258E-015
 -4.712556630672485E-004 -1.619732794171866E-003 -1.619732794171180E-003
 -5.172211983393258E-015  0.989780481384863       0.993990561016594     
 -2.356284287484467E-004 -2.356284287477434E-004  4.163640998773271E-016
 -4.712568574889091E-004 -2.356284287484467E-004  0.989780487378406     
  1.619742866627608E-003 -4.081204102913263E-004 -1.619742866627410E-003
 -2.356284287477434E-004  1.619742866627608E-003  0.989780487378402     
  4.081204102969798E-004 -1.619742866626724E-003  4.163640998773271E-016
 -4.081204102913263E-004  4.081204102969798E-004  0.993990561016592     
 -5.172215384999880E-015 -4.712568574889091E-004 -1.619742866627410E-003
 -1.619742866626724E-003 -5.172215384999880E-015  0.989780487378402     
  0.998226007002126       8.772427280653985E-005 -1.253216048095952E-004
 -9.952166131539686E-006  2.055489068531163E-004  8.772427280653985E-005
  0.996589547090601      -5.183584702228071E-004  1.866998008866264E-004
 -5.982846944306045E-004 -1.253216048095952E-004 -5.183584702228071E-004
  0.996636138510969       2.170633868145452E-004  5.183584702236895E-004
 -9.952166131539686E-006  1.866998008866264E-004  2.170633868145452E-004
  0.998237498773714      -1.737845166520611E-005  2.055489068531163E-004
 -5.982846944306045E-004  5.183584702236895E-004 -1.737845166520611E-005
  0.996589547090597       0.998226006455823       8.772455507451482E-005
 -1.253218685432809E-004 -9.952033409511874E-006  2.055491113738056E-004
  8.772455507451482E-005  0.996589545376047      -5.183593554780483E-004
  1.866998740792851E-004 -5.982844614416751E-004 -1.253218685432809E-004
 -5.183593554780483E-004  0.996636136523059       2.170638436146886E-004
  5.183593554789307E-004 -9.952033409511874E-006  1.866998740792851E-004
  2.170638436146886E-004  0.998237498074157      -1.737824381029846E-005
  2.055491113738056E-004 -5.982844614416751E-004  5.183593554789307E-004
 -1.737824381029846E-005  0.996589545376043       0.998226007002126     
 -1.253216048103067E-004  8.772427280725106E-005  9.952166132393150E-006
  2.055489068531149E-004 -1.253216048103067E-004  0.996636138510973     
 -5.183584702228048E-004 -2.170633868088823E-004  5.183584702230088E-004
  8.772427280725106E-005 -5.183584702228048E-004  0.996589547090597     
 -1.866998008809536E-004 -5.982846944299226E-004  9.952166132393150E-006
 -2.170633868088823E-004 -1.866998008809536E-004  0.998237498773714     
  1.737845165481650E-005  2.055489068531149E-004  5.183584702230088E-004
 -5.982846944299226E-004  1.737845165481650E-005  0.996589547090597     
  0.998226006455823      -1.253218685439925E-004  8.772455507522602E-005
  9.952033410393093E-006  2.055491113738041E-004 -1.253218685439925E-004
  0.996636136523063      -5.183593554780459E-004 -2.170638436090258E-004
  5.183593554782498E-004  8.772455507522602E-005 -5.183593554780459E-004
  0.996589545376043      -1.866998740736123E-004 -5.982844614409931E-004
  9.952033410393093E-006 -2.170638436090258E-004 -1.866998740736123E-004
  0.998237498074158       1.737824379990887E-005  2.055491113738041E-004
  5.183593554782498E-004 -5.982844614409931E-004  1.737824379990887E-005
  0.996589545376043       0.998243244659512       1.178246340385589E-004
  1.178246340392674E-004  4.302249676426308E-016 -2.506432096126017E-004
  1.178246340385589E-004  0.996589547090601       5.982846944308080E-004
  1.693213492266134E-004  5.183584702230084E-004  1.178246340392674E-004
  5.982846944308080E-004  0.996589547090597      -1.693213492209437E-004
  5.183584702236901E-004  4.302249676426308E-016  1.693213492266134E-004
 -1.693213492209437E-004  0.998220261116328      -5.191564814288778E-015
 -2.506432096126017E-004  5.183584702230084E-004  5.183584702236901E-004
 -5.191564814288778E-015  0.996636138510969       0.998243243883328     
  1.178245562912732E-004  1.178245562919817E-004  4.232860732978590E-016
 -2.506437370799733E-004  1.178245562912732E-004  0.996589545376047     
  5.982844614418784E-004  1.693216302741798E-004  5.183593554782496E-004
  1.178245562919817E-004  5.982844614418784E-004  0.996589545376043     
 -1.693216302685100E-004  5.183593554789314E-004  4.232860732978590E-016
  1.693216302741798E-004 -1.693216302685100E-004  0.998220260646653     
 -5.191564813207136E-015 -2.506437370799733E-004  5.183593554782496E-004
  5.183593554789314E-004 -5.191564813207136E-015  0.996636136523058     
  0.000000000000000E+000  0.000000000000000E+000  0.000000000000000E+000
  0.000000000000000E+000  0.000000000000000E+000  0.000000000000000E+000
  0.000000000000000E+000  0.000000000000000E+000  0.000000000000000E+000
  0.000000000000000E+000  0.000000000000000E+000  0.000000000000000E+000
  0.000000000000000E+000  0.000000000000000E+000  0.000000000000000E+000
  0.000000000000000E+000  0.000000000000000E+000  0.000000000000000E+000
  0.000000000000000E+000  0.000000000000000E+000  0.000000000000000E+000
  0.000000000000000E+000  0.000000000000000E+000  0.000000000000000E+000
  0.000000000000000E+000  0.000000000000000E+000  0.000000000000000E+000
  0.000000000000000E+000  0.000000000000000E+000  0.000000000000000E+000
  0.000000000000000E+000  0.000000000000000E+000  0.000000000000000E+000
  0.000000000000000E+000  0.000000000000000E+000  0.000000000000000E+000
  0.000000000000000E+000  0.000000000000000E+000  0.000000000000000E+000
  0.000000000000000E+000  0.000000000000000E+000  0.000000000000000E+000
  0.000000000000000E+000  0.000000000000000E+000  0.000000000000000E+000
  0.000000000000000E+000  0.000000000000000E+000  0.000000000000000E+000
  0.000000000000000E+000  0.000000000000000E+000  0.000000000000000E+000
  0.000000000000000E+000  0.000000000000000E+000  0.000000000000000E+000
  0.000000000000000E+000  0.000000000000000E+000  0.000000000000000E+000
  0.000000000000000E+000  0.000000000000000E+000  0.000000000000000E+000
  0.000000000000000E+000  0.000000000000000E+000  0.000000000000000E+000
  0.000000000000000E+000  0.000000000000000E+000  0.000000000000000E+000
  0.000000000000000E+000  0.000000000000000E+000  0.000000000000000E+000
  0.000000000000000E+000  0.000000000000000E+000  0.000000000000000E+000
  0.000000000000000E+000  0.000000000000000E+000  0.000000000000000E+000
  0.000000000000000E+000  0.000000000000000E+000  0.000000000000000E+000
  0.000000000000000E+000  0.000000000000000E+000  0.000000000000000E+000
  0.000000000000000E+000  0.000000000000000E+000  0.000000000000000E+000
  0.000000000000000E+000  0.000000000000000E+000  0.000000000000000E+000
  0.000000000000000E+000  0.000000000000000E+000  0.000000000000000E+000
  0.000000000000000E+000  0.000000000000000E+000  0.000000000000000E+000
  0.000000000000000E+000  0.000000000000000E+000  0.000000000000000E+000
  0.000000000000000E+000  0.000000000000000E+000  0.000000000000000E+000
  0.000000000000000E+000  0.000000000000000E+000  0.000000000000000E+000
  0.000000000000000E+000  0.000000000000000E+000  0.000000000000000E+000
  0.000000000000000E+000  0.000000000000000E+000  0.000000000000000E+000
  0.000000000000000E+000  0.000000000000000E+000  0.000000000000000E+000
  0.000000000000000E+000  0.000000000000000E+000  0.000000000000000E+000
  0.000000000000000E+000  0.000000000000000E+000  0.000000000000000E+000
  0.000000000000000E+000  0.000000000000000E+000  0.000000000000000E+000
  0.000000000000000E+000  0.000000000000000E+000  0.000000000000000E+000
  0.000000000000000E+000  0.000000000000000E+000  0.000000000000000E+000
  0.000000000000000E+000  0.000000000000000E+000  0.000000000000000E+000
  0.000000000000000E+000  0.000000000000000E+000  0.000000000000000E+000
  0.000000000000000E+000  0.000000000000000E+000  0.000000000000000E+000
  0.000000000000000E+000  0.000000000000000E+000  0.000000000000000E+000
  0.000000000000000E+000  0.000000000000000E+000  0.000000000000000E+000
  0.000000000000000E+000  0.000000000000000E+000  0.000000000000000E+000
  0.000000000000000E+000  0.000000000000000E+000  0.000000000000000E+000
  0.000000000000000E+000  0.000000000000000E+000  0.000000000000000E+000
