4.90	9.10	-487.44348266
4.90	9.15	-487.44371525
4.90	9.20	-487.44390981
4.90	9.25	-487.44410715
4.90	9.30	-487.44427649
4.90	9.35	-487.44442622
4.90	9.40	-487.44459476
4.95	9.10	-487.44533232
4.95	9.15	-487.44552853
4.95	9.20	-487.44565809
4.95	9.25	-487.44571910
4.95	9.30	-487.44574792
4.95	9.35	-487.44580813
4.95	9.40	-487.44586601
5.00	9.10	-487.44655813
5.00	9.15	-487.44666676
5.00	9.20	-487.44670937
5.00	9.25	-487.44668891
5.00	9.30	-487.44660592
5.00	9.35	-487.44649407
5.00	9.40	-487.44642918
5.05	9.10	-487.44689458
5.05	9.15	-487.44696248
5.05	9.20	-487.44699112
5.05	9.25	-487.44695463
5.05	9.30	-487.44685585
5.05	9.35	-487.44670047
5.05	9.40	-487.44650018
5.10	9.10	-487.44679352
5.10	9.15	-487.44674162
5.10	9.20	-487.44316494
5.10	9.25	-487.44660641
5.10	9.30	-487.44648468
5.10	9.35	-487.44631639
5.10	9.40	-487.44609054
5.15	9.10	-487.44639970
5.15	9.15	-487.44621195
5.15	9.20	-487.44599641
5.15	9.25	-487.44581380
5.15	9.30	-487.44563575
5.15	9.35	-487.44542363
5.15	9.40	-487.44515760
5.20	9.10	-487.44540832
5.20	9.15	-487.44540988
5.20	9.20	-487.44513979
5.20	9.25	-487.44483506
5.20	9.30	-487.44449454
5.20	9.35	-487.44416947
5.20	9.40	-487.44383803
