44.59	-487.44348266
44.83500000000001	-487.44371525
45.08	-487.44390981
45.325	-487.44410715
45.57000000000001	-487.44427649
45.815000000000005	-487.44442622
46.06	-487.44459476
45.045	-487.44533232
45.292500000000004	-487.44552853
45.54	-487.44565809
45.7875	-487.4457191
46.035000000000004	-487.44574792
46.2825	-487.44580813
46.53	-487.44586601
45.5	-487.44655813
45.75	-487.44666676
46.0	-487.44670937
46.25	-487.44668891
46.5	-487.44660592
46.75	-487.44649407
47.0	-487.44642918
45.955	-487.44689458
46.2075	-487.44696248
46.459999999999994	-487.44699112
46.7125	-487.44695463
46.965	-487.44685585
47.217499999999994	-487.44670047
47.47	-487.44650018
46.41	-487.44679352
46.665	-487.44674162
46.919999999999995	-487.44316494
47.175	-487.44660641
47.43	-487.44648468
47.684999999999995	-487.44631639
47.94	-487.44609054
46.865	-487.4463997
47.1225	-487.44621195
47.38	-487.44599641
47.6375	-487.4458138
47.89500000000001	-487.44563575
48.1525	-487.44542363
48.410000000000004	-487.4451576
47.32	-487.44540832
47.580000000000005	-487.44540988
47.839999999999996	-487.44513979
48.1	-487.44483506
48.36000000000001	-487.44449454
48.62	-487.44416947
48.88	-487.44383803
