  0.997928937708364      -5.537099478763114E-006 -5.537099478053368E-006
  4.579679349414689E-016 -1.107419894951439E-005 -5.537099478763114E-006
  0.995952873433100      -5.390359796077307E-006 -9.590537615143318E-006
  5.390359796280057E-006 -5.537099478053368E-006 -5.390359796077307E-006
  0.995952873433096       9.590537620809949E-006  5.390359796961883E-006
  4.579679349414689E-016 -9.590537615143318E-006  9.590537620809949E-006
  0.997928937708362      -5.191671685977601E-015 -1.107419894951439E-005
  5.390359796280057E-006  5.390359796961883E-006 -5.191671685977601E-015
  0.995952873433096       0.997929674824719      -4.966108009473577E-006
 -4.966108008763845E-006  4.371510352001387E-016 -9.932216010935405E-006
 -4.966108009473577E-006  0.995942279492216      -5.126744411703698E-006
 -8.601551379645536E-006  5.126744411906445E-006 -4.966108008763845E-006
 -5.126744411703698E-006  0.995942279492212       8.601551385312108E-006
  5.126744412588265E-006  4.371510352001387E-016 -8.601551379645536E-006
  8.601551385312108E-006  0.997929674824717      -5.191634302019531E-015
 -9.932216010935405E-006  5.126744411906445E-006  5.126744412588265E-006
 -5.191634302019531E-015  0.995942279492212       0.997931120889653     
 -7.863367533393067E-006 -2.134785629672095E-006  3.155242625521573E-006
 -5.027668743522952E-006 -7.863367533393067E-006  0.995945815954203     
 -1.267790807574856E-005 -1.265534443410737E-006  4.571976582904597E-006
 -2.134785629672095E-006 -1.267790807574856E-005  0.995963385573256     
  3.697557172118390E-006  1.267790807663312E-005  3.155242625521573E-006
 -1.265534443410737E-006  3.697557172118390E-006  0.997927477529292     
 -6.177108822379688E-006 -5.027668743522952E-006  4.571976582904597E-006
  1.267790807663312E-005 -6.177108822379688E-006  0.995945815954199     
  0.997931751953297      -8.183331538586245E-006 -1.339904628227345E-006
  3.137641303052599E-006 -5.750061234159371E-006 -8.183331538586245E-006
  0.995934619630625      -1.303377935427681E-005 -1.914950136740470E-006
  1.376362881978065E-006 -1.339904628227345E-006 -1.303377935427681E-005
  0.995955263211532       2.320782891644865E-006  1.303377935516136E-005
  3.137641303052599E-006 -1.914950136740470E-006  2.320782891644865E-006
  0.997928128917194      -6.129497932508753E-006 -5.750061234159371E-006
  1.376362881978065E-006  1.303377935516136E-005 -6.129497932508753E-006
  0.995934619630621       0.997931120889652      -2.134785630381868E-006
 -7.863367532683316E-006 -3.155242624661159E-006 -5.027668743522939E-006
 -2.134785630381868E-006  0.995963385573260      -1.267790807574858E-005
 -3.697557166451813E-006  1.267790807595133E-005 -7.863367532683316E-006
 -1.267790807574858E-005  0.995945815954199       1.265534449077315E-006
  4.571976583586416E-006 -3.155242624661159E-006 -3.697557166451813E-006
  1.265534449077315E-006  0.997927477529292       6.177108811996458E-006
 -5.027668743522939E-006  1.267790807595133E-005  4.571976583586416E-006
  6.177108811996458E-006  0.995945815954199       0.997931751953297     
 -1.339904628937101E-006 -8.183331537876513E-006 -3.137641302219940E-006
 -5.750061234159362E-006 -1.339904628937101E-006  0.995955263211536     
 -1.303377935427683E-005 -2.320782885978342E-006  1.303377935447958E-005
 -8.183331537876513E-006 -1.303377935427683E-005  0.995934619630621     
  1.914950142406993E-006  1.376362882659880E-006 -3.137641302219940E-006
 -2.320782885978342E-006  1.914950142406993E-006  0.997928128917194     
  6.129497922125582E-006 -5.750061234159362E-006  1.303377935447958E-005
  1.376362882659880E-006  6.129497922125582E-006  0.995934619630621     
  0.997925655849116       2.835698781858397E-006  2.835698782568118E-006
  4.302198692864629E-016 -4.269571252751907E-006  2.835698781858397E-006
  0.995945815954203      -4.571976582701849E-006 -7.442643260598830E-006
  1.267790807595131E-005  2.835698782568118E-006 -4.571976582701849E-006
  0.995945815954199       7.442643266265373E-006  1.267790807663315E-005
  4.302198692864629E-016 -7.442643260598830E-006  7.442643266265373E-006
  0.997932942569829      -5.191671775138848E-015 -4.269571252751907E-006
  1.267790807595131E-005  1.267790807663315E-005 -5.191671775138848E-015
  0.995963385573256       0.997926317399145       2.433270296415233E-006
  2.433270297124939E-006  4.094033177100177E-016 -2.679809249862456E-006
  2.433270296415233E-006  0.995934619630625      -1.376362881775315E-006
 -8.044448064057658E-006  1.303377935447956E-005  2.433270297124939E-006
 -1.376362881775315E-006  0.995934619630621       8.044448069724142E-006
  1.303377935516140E-005  4.094033177100177E-016 -8.044448064057658E-006
  8.044448069724142E-006  0.997933563471346      -5.191644428830791E-015
 -2.679809249862456E-006  1.303377935447956E-005  1.303377935516140E-005
 -5.191644428830791E-015  0.995955263211532       0.000000000000000E+000
  0.000000000000000E+000  0.000000000000000E+000  0.000000000000000E+000
  0.000000000000000E+000  0.000000000000000E+000  0.000000000000000E+000
  0.000000000000000E+000  0.000000000000000E+000  0.000000000000000E+000
  0.000000000000000E+000  0.000000000000000E+000  0.000000000000000E+000
  0.000000000000000E+000  0.000000000000000E+000  0.000000000000000E+000
  0.000000000000000E+000  0.000000000000000E+000  0.000000000000000E+000
  0.000000000000000E+000  0.000000000000000E+000  0.000000000000000E+000
  0.000000000000000E+000  0.000000000000000E+000  0.000000000000000E+000
  0.000000000000000E+000  0.000000000000000E+000  0.000000000000000E+000
  0.000000000000000E+000  0.000000000000000E+000  0.000000000000000E+000
  0.000000000000000E+000  0.000000000000000E+000  0.000000000000000E+000
  0.000000000000000E+000  0.000000000000000E+000  0.000000000000000E+000
  0.000000000000000E+000  0.000000000000000E+000  0.000000000000000E+000
  0.000000000000000E+000  0.000000000000000E+000  0.000000000000000E+000
  0.000000000000000E+000  0.000000000000000E+000  0.000000000000000E+000
  0.000000000000000E+000  0.000000000000000E+000  0.000000000000000E+000
  0.000000000000000E+000  0.000000000000000E+000  0.000000000000000E+000
  0.000000000000000E+000  0.000000000000000E+000  0.000000000000000E+000
  0.000000000000000E+000  0.000000000000000E+000  0.000000000000000E+000
  0.000000000000000E+000  0.000000000000000E+000  0.000000000000000E+000
  0.000000000000000E+000  0.000000000000000E+000  0.000000000000000E+000
  0.000000000000000E+000  0.000000000000000E+000  0.000000000000000E+000
  0.000000000000000E+000  0.000000000000000E+000  0.000000000000000E+000
  0.000000000000000E+000  0.000000000000000E+000  0.000000000000000E+000
  0.000000000000000E+000  0.000000000000000E+000  0.000000000000000E+000
  0.000000000000000E+000  0.000000000000000E+000  0.000000000000000E+000
  0.000000000000000E+000  0.000000000000000E+000  0.000000000000000E+000
  0.000000000000000E+000  0.000000000000000E+000  0.000000000000000E+000
  0.000000000000000E+000  0.000000000000000E+000  0.000000000000000E+000
  0.000000000000000E+000  0.000000000000000E+000  0.000000000000000E+000
  0.000000000000000E+000  0.000000000000000E+000  0.000000000000000E+000
  0.000000000000000E+000  0.000000000000000E+000  0.000000000000000E+000
  0.000000000000000E+000  0.000000000000000E+000  0.000000000000000E+000
  0.000000000000000E+000  0.000000000000000E+000  0.000000000000000E+000
  0.000000000000000E+000  0.000000000000000E+000  0.000000000000000E+000
  0.000000000000000E+000  0.000000000000000E+000  0.000000000000000E+000
  0.000000000000000E+000  0.000000000000000E+000  0.000000000000000E+000
  0.000000000000000E+000  0.000000000000000E+000  0.000000000000000E+000
  0.000000000000000E+000  0.000000000000000E+000  0.000000000000000E+000
  0.000000000000000E+000  0.000000000000000E+000  0.000000000000000E+000
  0.000000000000000E+000  0.000000000000000E+000  0.000000000000000E+000
  0.000000000000000E+000  0.000000000000000E+000  0.000000000000000E+000
  0.000000000000000E+000  0.000000000000000E+000  0.000000000000000E+000
  0.000000000000000E+000  0.000000000000000E+000  0.000000000000000E+000
  0.000000000000000E+000  0.000000000000000E+000  0.000000000000000E+000
  0.000000000000000E+000  0.000000000000000E+000  0.000000000000000E+000
  0.000000000000000E+000  0.000000000000000E+000  0.000000000000000E+000
  0.000000000000000E+000  0.000000000000000E+000  0.000000000000000E+000
  0.000000000000000E+000  0.000000000000000E+000  0.000000000000000E+000
  0.000000000000000E+000  0.000000000000000E+000  0.000000000000000E+000
  0.000000000000000E+000  0.000000000000000E+000  0.000000000000000E+000
  0.000000000000000E+000  0.000000000000000E+000  0.000000000000000E+000
  0.000000000000000E+000  0.000000000000000E+000  0.000000000000000E+000
  0.000000000000000E+000  0.000000000000000E+000  0.000000000000000E+000
  0.000000000000000E+000  0.000000000000000E+000  0.000000000000000E+000
  0.000000000000000E+000  0.000000000000000E+000  0.000000000000000E+000
  0.000000000000000E+000  0.000000000000000E+000  0.000000000000000E+000
  0.000000000000000E+000  0.000000000000000E+000  0.000000000000000E+000
  0.000000000000000E+000  0.000000000000000E+000  0.000000000000000E+000
  0.000000000000000E+000  0.000000000000000E+000  0.000000000000000E+000
  0.000000000000000E+000  0.000000000000000E+000  0.000000000000000E+000
  0.000000000000000E+000  0.000000000000000E+000  0.000000000000000E+000
  0.000000000000000E+000  0.000000000000000E+000  0.000000000000000E+000
  0.000000000000000E+000  0.000000000000000E+000  0.000000000000000E+000
  0.000000000000000E+000  0.000000000000000E+000  0.000000000000000E+000
  0.000000000000000E+000  0.000000000000000E+000  0.000000000000000E+000
  0.000000000000000E+000  0.997932787166220      -3.622308864877131E-005
 -3.622308864806135E-005  4.440676017961942E-016  3.262629312411417E-005
 -3.622308864877131E-005  0.995935522412773      -1.425965617397093E-005
 -1.329705442261061E-005  2.352192709989472E-005 -3.622308864806135E-005
 -1.425965617397093E-005  0.995935522412769       1.329705442827700E-005
  2.352192710057649E-005  4.440676017961942E-016 -1.329705442261061E-005
  1.329705442827700E-005  0.997926415041342      -5.191609059868777E-015
  3.262629312411417E-005  2.352192709989472E-005  2.352192710057649E-005
 -5.191609059868777E-015  0.995960835281617       0.997906487272902     
 -9.458119077694045E-005 -9.458119077623028E-005  4.300905365184491E-016
  3.217600792027733E-005 -9.458119077694045E-005  0.995812441574581     
 -1.424908703440764E-004 -6.692044117961068E-006  3.457600747660491E-005
 -9.458119077623028E-005 -1.424908703440764E-004  0.995812441574577     
  6.692044123625897E-006  3.457600747728666E-005  4.300905365184491E-016
 -6.692044117961068E-006  6.692044123625897E-006  0.997925455112197     
 -5.191536769015966E-015  3.217600792027733E-005  3.457600747660491E-005
  3.457600747728666E-005 -5.191536769015966E-015  0.995962314342138     
  0.997921703875953       2.495039312840278E-005 -4.263733120045879E-005
  3.486514296359450E-006 -1.276168838660062E-005  2.495039312840278E-005
  0.995912299680592       4.192434737055339E-005  1.118079955738972E-006
  2.278823789030699E-005 -4.263733120045879E-005  4.192434737055339E-005
  0.995927378519328       1.968008344105230E-005 -4.271253306202741E-006
  3.486514296359450E-006  1.118079955738972E-006  1.968008344105230E-005
  0.997947517829552       6.778727736190775E-006 -1.276168838660062E-005
  2.278823789030699E-005 -4.271253306202741E-006  6.778727736190775E-006
  0.995994976458018       0.997899323598890       7.021154973636800E-005
 -8.595767209304168E-005  1.773217610239004E-006 -1.494178825349790E-005
  7.021154973636800E-005  0.995803544840052       1.441871895474364E-004
 -2.447302519861536E-006  3.503958400242783E-005 -8.595767209304168E-005
  1.441871895474364E-004  0.995826067930005       9.852722982727197E-006
 -1.598207570804948E-005  1.773217610239004E-006 -2.447302519861536E-006
  9.852722982727197E-006  0.997946224805513       6.637126297713134E-006
 -1.494178825349790E-005  3.503958400242783E-005 -1.598207570804948E-005
  6.637126297713134E-006  0.995995424875962       0.997921703875953     
 -4.263733120116847E-005  2.495039312911246E-005 -3.486514295485158E-006
 -1.276168838660069E-005 -4.263733120116847E-005  0.995927378519332     
  4.192434737055334E-005 -1.968008343538549E-005 -4.271253306884719E-006
  2.495039312911246E-005  4.192434737055334E-005  0.995912299680588     
 -1.118079950072389E-006  2.278823789098904E-005 -3.486514295485158E-006
 -1.968008343538549E-005 -1.118079950072389E-006  0.997947517829552     
 -6.778727746574456E-006 -1.276168838660069E-005 -4.271253306884719E-006
  2.278823789098904E-005 -6.778727746574456E-006  0.995994976458018     
  0.997899323598890      -8.595767209375115E-005  7.021154973707742E-005
 -1.773217609392470E-006 -1.494178825349806E-005 -8.595767209375115E-005
  0.995826067930009       1.441871895474363E-004 -9.852722977060294E-006
 -1.598207570873176E-005  7.021154973707742E-005  1.441871895474363E-004
  0.995803544840048       2.447302525527932E-006  3.503958400311015E-005
 -1.773217609392470E-006 -9.852722977060294E-006  2.447302525527932E-006
  0.997946224805514      -6.637126308096801E-006 -1.494178825349806E-005
 -1.598207570873176E-005  3.503958400311015E-005 -6.637126308096801E-006
  0.995995424875962       0.997964506374210      -6.558034364123654E-005
 -6.558034364052663E-005  4.509729624768553E-016 -5.590002087479022E-005
 -6.558034364123654E-005  0.995956185921105       5.586182138058344E-006
 -4.525742028274830E-005  9.609790977258744E-005 -6.558034364052663E-005
  5.586182138058344E-006  0.995956185921101       4.525742028841437E-005
  9.609790977326887E-005  4.509729624768553E-016 -4.525742028274830E-005
  4.525742028841437E-005  0.997916207237532      -5.191206762249072E-015
 -5.590002087479022E-005  9.609790977258744E-005  9.609790977326887E-005
 -5.191206762249072E-015  0.995954960425861       0.997956123161367     
 -4.883568291419797E-005 -4.883568291348816E-005  4.510139998429580E-016
 -5.976321350472622E-005 -4.883568291419797E-005  0.995884385593006     
 -5.858243150480554E-005 -5.036604085049053E-005  9.687417051854722E-005
 -4.883568291348816E-005 -5.858243150480554E-005  0.995884385593003     
  5.036604085615576E-005  9.687417051922863E-005  4.510139998429580E-016
 -5.036604085049053E-005  5.036604085615576E-005  0.997914475196269     
 -5.191201011205368E-015 -5.976321350472622E-005  9.687417051854722E-005
  9.687417051922863E-005 -5.191201011205368E-015  0.995953409720313     
  0.000000000000000E+000  0.000000000000000E+000  0.000000000000000E+000
  0.000000000000000E+000  0.000000000000000E+000  0.000000000000000E+000
  0.000000000000000E+000  0.000000000000000E+000  0.000000000000000E+000
  0.000000000000000E+000  0.000000000000000E+000  0.000000000000000E+000
  0.000000000000000E+000  0.000000000000000E+000  0.000000000000000E+000
  0.000000000000000E+000  0.000000000000000E+000  0.000000000000000E+000
  0.000000000000000E+000  0.000000000000000E+000  0.000000000000000E+000
  0.000000000000000E+000  0.000000000000000E+000  0.000000000000000E+000
  0.000000000000000E+000  0.000000000000000E+000  0.000000000000000E+000
  0.000000000000000E+000  0.000000000000000E+000  0.000000000000000E+000
  0.000000000000000E+000  0.000000000000000E+000  0.000000000000000E+000
  0.000000000000000E+000  0.000000000000000E+000  0.000000000000000E+000
  0.000000000000000E+000  0.000000000000000E+000  0.000000000000000E+000
  0.000000000000000E+000  0.000000000000000E+000  0.000000000000000E+000
  0.000000000000000E+000  0.000000000000000E+000  0.000000000000000E+000
  0.000000000000000E+000  0.000000000000000E+000  0.000000000000000E+000
  0.000000000000000E+000  0.000000000000000E+000  0.000000000000000E+000
  0.000000000000000E+000  0.000000000000000E+000  0.000000000000000E+000
  0.000000000000000E+000  0.000000000000000E+000  0.000000000000000E+000
  0.000000000000000E+000  0.000000000000000E+000  0.000000000000000E+000
  0.000000000000000E+000  0.000000000000000E+000  0.000000000000000E+000
  0.000000000000000E+000  0.000000000000000E+000  0.000000000000000E+000
  0.000000000000000E+000  0.000000000000000E+000  0.000000000000000E+000
  0.000000000000000E+000  0.000000000000000E+000  0.000000000000000E+000
  0.000000000000000E+000  0.000000000000000E+000  0.000000000000000E+000
  0.000000000000000E+000  0.000000000000000E+000  0.000000000000000E+000
  0.000000000000000E+000  0.000000000000000E+000  0.000000000000000E+000
  0.000000000000000E+000  0.000000000000000E+000  0.000000000000000E+000
  0.000000000000000E+000  0.000000000000000E+000  0.000000000000000E+000
  0.000000000000000E+000  0.000000000000000E+000  0.000000000000000E+000
  0.000000000000000E+000  0.000000000000000E+000  0.000000000000000E+000
  0.000000000000000E+000  0.000000000000000E+000  0.000000000000000E+000
  0.000000000000000E+000  0.000000000000000E+000  0.000000000000000E+000
  0.000000000000000E+000  0.000000000000000E+000  0.000000000000000E+000
  0.000000000000000E+000  0.000000000000000E+000  0.000000000000000E+000
  0.000000000000000E+000  0.000000000000000E+000  0.000000000000000E+000
  0.000000000000000E+000  0.000000000000000E+000  0.000000000000000E+000
  0.000000000000000E+000  0.000000000000000E+000  0.000000000000000E+000
  0.000000000000000E+000  0.000000000000000E+000  0.000000000000000E+000
  0.000000000000000E+000  0.000000000000000E+000  0.000000000000000E+000
  0.000000000000000E+000  0.000000000000000E+000  0.000000000000000E+000
  0.000000000000000E+000  0.000000000000000E+000  0.000000000000000E+000
  0.000000000000000E+000  0.000000000000000E+000  0.000000000000000E+000
  0.000000000000000E+000  0.000000000000000E+000  0.000000000000000E+000
  0.000000000000000E+000  0.000000000000000E+000  0.000000000000000E+000
  0.000000000000000E+000  0.000000000000000E+000  0.000000000000000E+000
  0.000000000000000E+000  0.000000000000000E+000  0.000000000000000E+000
  0.000000000000000E+000  0.000000000000000E+000  0.000000000000000E+000
  0.000000000000000E+000  0.000000000000000E+000  0.000000000000000E+000
  0.000000000000000E+000  0.000000000000000E+000  0.000000000000000E+000
  0.000000000000000E+000  0.000000000000000E+000  0.000000000000000E+000
  0.000000000000000E+000  0.000000000000000E+000  0.000000000000000E+000
  0.000000000000000E+000  0.000000000000000E+000  0.000000000000000E+000
  0.000000000000000E+000  0.000000000000000E+000  0.000000000000000E+000
  0.000000000000000E+000  0.000000000000000E+000  0.000000000000000E+000
  0.000000000000000E+000  0.000000000000000E+000  0.000000000000000E+000
  0.000000000000000E+000  0.000000000000000E+000  0.000000000000000E+000
  0.000000000000000E+000  0.000000000000000E+000  0.000000000000000E+000
  0.000000000000000E+000  0.000000000000000E+000  0.000000000000000E+000
  0.000000000000000E+000  0.000000000000000E+000  0.000000000000000E+000
  0.000000000000000E+000  0.000000000000000E+000  0.000000000000000E+000
  0.000000000000000E+000  0.000000000000000E+000  0.000000000000000E+000
  0.000000000000000E+000  0.000000000000000E+000  0.000000000000000E+000
  0.000000000000000E+000  0.000000000000000E+000  0.000000000000000E+000
  0.000000000000000E+000  0.000000000000000E+000  0.000000000000000E+000
  0.000000000000000E+000  0.000000000000000E+000  0.000000000000000E+000
  0.000000000000000E+000  0.000000000000000E+000  0.997928008072563     
  1.631314655805134E-005  6.595957392130237E-006  2.759211009679963E-006
 -2.962713124933915E-005  1.631314655805134E-005  0.995960835281621     
 -2.352192709969197E-005  2.825519867849958E-005  2.352192709989468E-005
  6.595957392130237E-006 -2.352192709969197E-005  0.995935522412769     
  3.801864218602449E-005  1.425965617485538E-005  2.759211009679963E-006
  2.825519867849958E-005  3.801864218602449E-005  0.997931194134999     
 -2.472158776293908E-005 -2.962713124933915E-005  2.352192709989468E-005
  1.425965617485538E-005 -2.472158776293908E-005  0.995935522412769     
  0.997920713152375       1.608800395613306E-005  4.149511517230073E-005
 -8.213315342890661E-006 -5.308607559733931E-005  1.608800395613306E-005
  0.995962314342142      -3.457600747640244E-005  2.786524025302873E-005
  3.457600747660519E-005  4.149511517230073E-005 -3.457600747640244E-005
  0.995812441574577       8.525573599334004E-005  1.424908703449604E-004
 -8.213315342890661E-006  2.786524025302873E-005  8.525573599334004E-005
  0.997911229232724      -7.856369187490504E-005 -5.308607559733931E-005
  3.457600747660519E-005  1.424908703449604E-004 -7.856369187490504E-005
  0.995812441574577       0.997944083751105      -5.102937679307402E-007
  4.275213390172359E-006 -9.434512647052407E-006  1.344348220986501E-005
 -5.102937679307402E-007  0.995994976458022       4.271253307087414E-006
 -1.444131020696917E-005  2.278823789030712E-005  4.275213390172359E-006
  4.271253307087414E-006  0.995927378519328       4.676505368882352E-005
 -4.192434736966882E-005 -9.434512647052407E-006 -1.444131020696917E-005
  4.676505368882352E-005  0.997925137954401       2.104863430486309E-005
  1.344348220986501E-005  2.278823789030712E-005 -4.192434736966882E-005
  2.104863430486309E-005  0.995912299680588       0.997936035155356     
 -1.722974144313463E-006  3.444612764552011E-005 -1.942220939766397E-005
  3.298634871576977E-005 -1.722974144313463E-006  0.995995424875966     
  1.598207570893430E-005 -1.625853135525050E-005  3.503958400242807E-005
  3.444612764552011E-005  1.598207570893430E-005  0.995826067930005     
  7.936788917323957E-005 -1.441871895465517E-004 -1.942220939766397E-005
 -1.625853135525050E-005  7.936788917323957E-005  0.997909513249048     
  6.202863696982700E-005  3.298634871576977E-005  3.503958400242807E-005
 -1.441871895465517E-004  6.202863696982700E-005  0.995803544840048     
  0.997928282021703      -2.795001044140047E-005 -6.403903860760989E-006
  2.091413967165306E-005 -7.198424749469593E-005 -2.795001044140047E-005
  0.995954960425865      -9.609790977238439E-005 -4.841083814794975E-005
  9.609790977258738E-005 -6.403903860760989E-006 -9.609790977238439E-005
  0.995956185921101       7.942295372494560E-005 -5.586182137173942E-006
  2.091413967165306E-005 -4.841083814794975E-005  7.942295372494560E-005
  0.997952431590039      -3.416553344172277E-005 -7.198424749469593E-005
  9.609790977258738E-005 -5.586182137173942E-006 -3.416553344172277E-005
  0.995956185921101       0.997924887187545      -2.988160675636848E-005
 -1.920042941423990E-005  1.803409789501165E-005 -6.803611232113717E-005
 -2.988160675636848E-005  0.995953409720317      -9.687417051834433E-005
 -5.175646110518715E-005  9.687417051854732E-005 -1.920042941423990E-005
 -9.687417051834433E-005  0.995884385593003       6.747596244144951E-005
  5.858243150568980E-005  1.803409789501165E-005 -5.175646110518715E-005
  6.747596244144951E-005  0.997945711170091      -1.710992159048483E-005
 -6.803611232113717E-005  9.687417051854732E-005  5.858243150568980E-005
 -1.710992159048483E-005  0.995884385593002       0.997938044931203     
 -1.225139462668203E-005 -1.150691092583977E-005 -1.292102694299553E-005
 -3.836211780369383E-005 -1.225139462668203E-005  0.995994976458022     
 -2.278823789010441E-005 -7.662582465586544E-006 -4.271253306884660E-006
 -1.150691092583977E-005 -2.278823789010441E-005  0.995912299680588     
 -2.216671426012706E-005 -4.192434736966867E-005 -1.292102694299553E-005
 -7.662582465586544E-006 -2.216671426012706E-005  0.997931176774302     
 -2.708497025296280E-005 -3.836211780369383E-005 -4.271253306884660E-006
 -4.192434736966867E-005 -2.708497025296280E-005  0.995927378519328     
  0.997932963852363      -1.321881411719663E-005 -3.722520102789991E-005
 -2.119542700746575E-005 -5.151154444092876E-005 -1.321881411719663E-005
  0.995995424875966      -3.503958400222543E-005 -9.621405052345519E-006
 -1.598207570873157E-005 -3.722520102789991E-005 -3.503958400222543E-005
  0.995803544840048      -5.958133444949042E-005 -1.441871895465515E-004
 -2.119542700746575E-005 -9.621405052345519E-006 -5.958133444949042E-005
  0.997912584552040      -6.951516619570374E-005 -5.151154444092876E-005
 -1.598207570873157E-005 -1.441871895465515E-004 -6.951516619570374E-005
  0.995826067930005       0.000000000000000E+000  0.000000000000000E+000
  0.000000000000000E+000  0.000000000000000E+000  0.000000000000000E+000
  0.000000000000000E+000  0.000000000000000E+000  0.000000000000000E+000
  0.000000000000000E+000  0.000000000000000E+000  0.000000000000000E+000
  0.000000000000000E+000  0.000000000000000E+000  0.000000000000000E+000
  0.000000000000000E+000  0.000000000000000E+000  0.000000000000000E+000
  0.000000000000000E+000  0.000000000000000E+000  0.000000000000000E+000
  0.000000000000000E+000  0.000000000000000E+000  0.000000000000000E+000
  0.000000000000000E+000  0.000000000000000E+000  0.000000000000000E+000
  0.000000000000000E+000  0.000000000000000E+000  0.000000000000000E+000
  0.000000000000000E+000  0.000000000000000E+000  0.000000000000000E+000
  0.000000000000000E+000  0.000000000000000E+000  0.000000000000000E+000
  0.000000000000000E+000  0.000000000000000E+000  0.000000000000000E+000
  0.000000000000000E+000  0.000000000000000E+000  0.000000000000000E+000
  0.000000000000000E+000  0.000000000000000E+000  0.000000000000000E+000
  0.000000000000000E+000  0.000000000000000E+000  0.000000000000000E+000
  0.000000000000000E+000  0.000000000000000E+000  0.000000000000000E+000
  0.000000000000000E+000  0.000000000000000E+000  0.000000000000000E+000
  0.000000000000000E+000  0.000000000000000E+000  0.000000000000000E+000
  0.000000000000000E+000  0.000000000000000E+000  0.000000000000000E+000
  0.000000000000000E+000  0.000000000000000E+000  0.000000000000000E+000
  0.000000000000000E+000  0.000000000000000E+000  0.000000000000000E+000
  0.000000000000000E+000  0.000000000000000E+000  0.000000000000000E+000
  0.000000000000000E+000  0.000000000000000E+000  0.000000000000000E+000
  0.000000000000000E+000  0.000000000000000E+000  0.000000000000000E+000
  0.000000000000000E+000  0.000000000000000E+000  0.000000000000000E+000
  0.000000000000000E+000  0.000000000000000E+000  0.000000000000000E+000
  0.000000000000000E+000  0.000000000000000E+000  0.000000000000000E+000
  0.000000000000000E+000  0.000000000000000E+000  0.000000000000000E+000
  0.000000000000000E+000  0.000000000000000E+000  0.000000000000000E+000
  0.000000000000000E+000  0.000000000000000E+000  0.000000000000000E+000
  0.000000000000000E+000  0.000000000000000E+000  0.000000000000000E+000
  0.000000000000000E+000  0.000000000000000E+000  0.000000000000000E+000
  0.000000000000000E+000  0.000000000000000E+000  0.000000000000000E+000
  0.000000000000000E+000  0.000000000000000E+000  0.000000000000000E+000
  0.000000000000000E+000  0.000000000000000E+000  0.000000000000000E+000
  0.000000000000000E+000  0.000000000000000E+000  0.000000000000000E+000
  0.000000000000000E+000  0.000000000000000E+000  0.000000000000000E+000
  0.000000000000000E+000  0.000000000000000E+000  0.000000000000000E+000
  0.000000000000000E+000  0.000000000000000E+000  0.000000000000000E+000
  0.000000000000000E+000  0.000000000000000E+000  0.000000000000000E+000
  0.000000000000000E+000  0.000000000000000E+000  0.000000000000000E+000
  0.000000000000000E+000  0.000000000000000E+000  0.000000000000000E+000
  0.000000000000000E+000  0.000000000000000E+000  0.000000000000000E+000
  0.000000000000000E+000  0.000000000000000E+000  0.000000000000000E+000
  0.000000000000000E+000  0.000000000000000E+000  0.000000000000000E+000
  0.000000000000000E+000  0.000000000000000E+000  0.000000000000000E+000
  0.000000000000000E+000  0.000000000000000E+000  0.000000000000000E+000
  0.000000000000000E+000  0.000000000000000E+000  0.000000000000000E+000
  0.000000000000000E+000  0.000000000000000E+000  0.000000000000000E+000
  0.000000000000000E+000  0.000000000000000E+000  0.000000000000000E+000
  0.000000000000000E+000  0.000000000000000E+000  0.000000000000000E+000
  0.000000000000000E+000  0.000000000000000E+000  0.000000000000000E+000
  0.000000000000000E+000  0.000000000000000E+000  0.000000000000000E+000
  0.000000000000000E+000  0.000000000000000E+000  0.000000000000000E+000
  0.000000000000000E+000  0.000000000000000E+000  0.000000000000000E+000
  0.000000000000000E+000  0.000000000000000E+000  0.000000000000000E+000
  0.000000000000000E+000  0.000000000000000E+000  0.000000000000000E+000
  0.000000000000000E+000  0.000000000000000E+000  0.000000000000000E+000
  0.000000000000000E+000  0.000000000000000E+000  0.000000000000000E+000
  0.000000000000000E+000  0.000000000000000E+000  0.000000000000000E+000
  0.000000000000000E+000  0.000000000000000E+000  0.000000000000000E+000
  0.000000000000000E+000  0.000000000000000E+000  0.000000000000000E+000
  0.000000000000000E+000  0.000000000000000E+000  0.000000000000000E+000
  0.000000000000000E+000  0.000000000000000E+000  0.000000000000000E+000
  0.000000000000000E+000  0.000000000000000E+000  0.000000000000000E+000
  0.000000000000000E+000  0.000000000000000E+000  0.000000000000000E+000
  0.997936238973140      -4.637181828810335E-006 -1.917410599463506E-005
 -2.300826071425371E-005 -1.133188690530282E-005 -4.637181828810335E-006
  0.995959918752542       1.692341842486334E-005 -1.040765773387484E-005
  3.284445352269953E-005 -1.917410599463506E-005  1.692341842486334E-005
  0.995987603932957       3.321052577067725E-005 -1.692341842397869E-005
 -2.300826071425371E-005 -1.040765773387484E-005  3.321052577067725E-005
  0.997962806624172       1.187911600347162E-006 -1.133188690530282E-005
  3.284445352269953E-005 -1.692341842397869E-005  1.187911600347162E-006
  0.995959918752538       0.997932114642304       1.197360040760005E-006
 -2.710542480841233E-005 -1.197158979747424E-005 -1.395053719507194E-005
  1.197360040760005E-006  0.995954744039380       2.396646492060871E-005
 -1.679998895229280E-005  3.876508687999761E-005 -2.710542480841233E-005
  2.396646492060871E-005  0.995974462824469       4.694797292716639E-005
 -2.396646491972405E-005 -1.197158979747424E-005 -1.679998895229280E-005
  4.694797292716639E-005  0.997945938243487       9.436938688048009E-006
 -1.395053719507194E-005  3.876508687999761E-005 -2.396646491972405E-005
  9.436938688048009E-006  0.995954744039376       0.997921134418254     
  2.021492830096174E-005 -1.437981074676184E-005 -6.769746288499955E-006
  2.646327017370467E-005  2.021492830096174E-005  0.995964873993594     
  4.145457056810669E-006  1.888605802002940E-005  3.391512008976482E-005
 -1.437981074676184E-005  4.145457056810669E-006  0.995976246599031     
  2.490656281487487E-005 -4.145457055926080E-006 -6.769746288499955E-006
  1.888605802002940E-005  2.490656281487487E-005  0.997928951447937     
  8.063612433426283E-006  2.646327017370467E-005  3.391512008976482E-005
 -4.145457055926080E-006  8.063612433426283E-006  0.995964873993590     
  0.997916283946917       1.214072657421597E-005 -2.651108912990144E-005
  6.510820014717079E-006  3.031261113477575E-005  1.214072657421597E-005
  0.995957594062721      -7.200702071967982E-006  2.799253664061160E-005
  4.181606091268747E-005 -2.651108912990144E-005 -7.200702071967982E-006
  0.995952714783035       4.591855333523475E-005  7.200702072852493E-006
  6.510820014717079E-006  2.799253664061160E-005  4.591855333523475E-005
  0.997908765899539      -3.482090687506765E-006  3.031261113477575E-005
  4.181606091268747E-005  7.200702072852493E-006 -3.482090687506765E-006
  0.995957594062717       0.997907572105601       5.049045280747715E-005
  2.287756614846978E-005  3.067635900425025E-005  1.114258958849292E-004
  5.049045280747715E-005  0.995936688374372       1.188007128111178E-004
  8.235512580672565E-005  9.614583673011313E-005  2.287756614846978E-005
  1.188007128111178E-004  0.995981549677359       8.236011306629454E-005
 -2.597042528963807E-006  3.067635900425025E-005  8.235512580672565E-005
  8.236011306629454E-005  0.997953989829467       5.383560446210379E-005
  1.114258958849292E-004  9.614583673011313E-005 -2.597042528963807E-006
  5.383560446210379E-005  0.995985351101025       0.997899360082640     
  5.447227398680658E-005  3.333101089135051E-005  3.997479198614846E-005
  1.167069308809011E-004  5.447227398680658E-005  0.995932802875916     
  1.133376124882759E-004  7.805463712130570E-005  9.274930040190191E-005
  3.333101089135051E-005  1.133376124882759E-004  0.995964819923890     
  7.041459835927926E-005 -1.016043416104190E-005  3.997479198614846E-005
  7.805463712130570E-005  7.041459835927926E-005  0.997944018866336     
  4.709329370987434E-005  1.167069308809011E-004  9.274930040190191E-005
 -1.016043416104190E-005  4.709329370987434E-005  0.995980097869831     
  0.997968951904695       1.023359490352277E-004 -8.276473324971299E-005
 -4.761284525409063E-006  9.656685748475797E-005  1.023359490352277E-004
  0.995985351101029       2.597042529848480E-006  6.957985424384011E-005
  9.614583673011317E-005 -8.276473324971299E-005  2.597042529848480E-006
  0.995981549677359       2.136750307094277E-005 -1.188007128102329E-004
 -4.761284525409063E-006  6.957985424384011E-005  2.136750307094277E-005
  0.997892610030373       2.548451875618929E-006  9.656685748475797E-005
  9.614583673011317E-005 -1.188007128102329E-004  2.548451875618929E-006
  0.995936688374368       0.997967473355785       9.913745414157399E-005
 -7.764633642359748E-005  6.495754009892043E-007  9.483343562416145E-005
  9.913745414157399E-005  0.995980097869835       1.016043416192658E-005
  7.752452008474113E-005  9.274930040190194E-005 -7.764633642359748E-005
  1.016043416192658E-005  0.995964819923890       6.341797013043519E-006
 -1.133376124873910E-004  6.495754009892043E-007  7.752452008474113E-005
  6.341797013043519E-006  0.997875905593192       8.147054512955126E-006
  9.483343562416145E-005  9.274930040190194E-005 -1.133376124873910E-004
  8.147054512955126E-006  0.995932802875912       0.000000000000000E+000
  0.000000000000000E+000  0.000000000000000E+000  0.000000000000000E+000
  0.000000000000000E+000  0.000000000000000E+000  0.000000000000000E+000
  0.000000000000000E+000  0.000000000000000E+000  0.000000000000000E+000
  0.000000000000000E+000  0.000000000000000E+000  0.000000000000000E+000
  0.000000000000000E+000  0.000000000000000E+000  0.000000000000000E+000
  0.000000000000000E+000  0.000000000000000E+000  0.000000000000000E+000
  0.000000000000000E+000  0.000000000000000E+000  0.000000000000000E+000
  0.000000000000000E+000  0.000000000000000E+000  0.000000000000000E+000
  0.000000000000000E+000  0.000000000000000E+000  0.000000000000000E+000
  0.000000000000000E+000  0.000000000000000E+000  0.000000000000000E+000
  0.000000000000000E+000  0.000000000000000E+000  0.000000000000000E+000
  0.000000000000000E+000  0.000000000000000E+000  0.000000000000000E+000
  0.000000000000000E+000  0.000000000000000E+000  0.000000000000000E+000
  0.000000000000000E+000  0.000000000000000E+000  0.000000000000000E+000
  0.000000000000000E+000  0.000000000000000E+000  0.000000000000000E+000
  0.000000000000000E+000  0.000000000000000E+000  0.000000000000000E+000
  0.000000000000000E+000  0.000000000000000E+000  0.000000000000000E+000
  0.000000000000000E+000  0.000000000000000E+000  0.000000000000000E+000
  0.000000000000000E+000  0.000000000000000E+000  0.000000000000000E+000
  0.000000000000000E+000  0.000000000000000E+000  0.000000000000000E+000
  0.000000000000000E+000  0.000000000000000E+000  0.000000000000000E+000
  0.000000000000000E+000  0.000000000000000E+000  0.000000000000000E+000
  0.000000000000000E+000  0.000000000000000E+000  0.000000000000000E+000
  0.000000000000000E+000  0.000000000000000E+000  0.000000000000000E+000
  0.000000000000000E+000  0.000000000000000E+000  0.000000000000000E+000
  0.000000000000000E+000  0.000000000000000E+000  0.000000000000000E+000
  0.000000000000000E+000  0.000000000000000E+000  0.000000000000000E+000
  0.000000000000000E+000  0.000000000000000E+000  0.000000000000000E+000
  0.000000000000000E+000  0.000000000000000E+000  0.000000000000000E+000
  0.000000000000000E+000  0.000000000000000E+000  0.000000000000000E+000
  0.000000000000000E+000  0.000000000000000E+000  0.000000000000000E+000
  0.000000000000000E+000  0.000000000000000E+000  0.000000000000000E+000
  0.000000000000000E+000  0.000000000000000E+000  0.000000000000000E+000
  0.000000000000000E+000  0.000000000000000E+000  0.000000000000000E+000
  0.000000000000000E+000  0.000000000000000E+000  0.000000000000000E+000
  0.000000000000000E+000  0.000000000000000E+000  0.000000000000000E+000
  0.000000000000000E+000  0.000000000000000E+000  0.000000000000000E+000
  0.000000000000000E+000  0.000000000000000E+000  0.000000000000000E+000
  0.000000000000000E+000  0.000000000000000E+000  0.000000000000000E+000
  0.000000000000000E+000  0.000000000000000E+000  0.000000000000000E+000
  0.000000000000000E+000  0.000000000000000E+000  0.000000000000000E+000
  0.000000000000000E+000  0.000000000000000E+000  0.000000000000000E+000
  0.000000000000000E+000  0.000000000000000E+000  0.000000000000000E+000
  0.000000000000000E+000  0.000000000000000E+000  0.000000000000000E+000
  0.000000000000000E+000  0.000000000000000E+000  0.000000000000000E+000
  0.000000000000000E+000  0.000000000000000E+000  0.000000000000000E+000
  0.000000000000000E+000  0.000000000000000E+000  0.000000000000000E+000
  0.000000000000000E+000  0.000000000000000E+000  0.000000000000000E+000
  0.000000000000000E+000  0.000000000000000E+000  0.000000000000000E+000
  0.000000000000000E+000  0.000000000000000E+000  0.000000000000000E+000
  0.000000000000000E+000  0.000000000000000E+000  0.000000000000000E+000
  0.000000000000000E+000  0.000000000000000E+000  0.000000000000000E+000
  0.000000000000000E+000  0.000000000000000E+000  0.000000000000000E+000
  0.000000000000000E+000  0.000000000000000E+000  0.000000000000000E+000
  0.000000000000000E+000  0.000000000000000E+000  0.000000000000000E+000
  0.000000000000000E+000  0.000000000000000E+000  0.000000000000000E+000
  0.000000000000000E+000  0.000000000000000E+000  0.000000000000000E+000
  0.000000000000000E+000  0.000000000000000E+000  0.000000000000000E+000
  0.000000000000000E+000  0.000000000000000E+000  0.000000000000000E+000
  0.000000000000000E+000  0.000000000000000E+000  0.000000000000000E+000
  0.000000000000000E+000  0.000000000000000E+000  0.000000000000000E+000
  0.000000000000000E+000  0.000000000000000E+000  0.000000000000000E+000
  0.000000000000000E+000  0.000000000000000E+000  0.000000000000000E+000
  0.000000000000000E+000  0.000000000000000E+000  0.000000000000000E+000
  0.000000000000000E+000  0.000000000000000E+000  0.000000000000000E+000
  0.000000000000000E+000  0.000000000000000E+000  0.000000000000000E+000
  0.000000000000000E+000  0.997928008072563       6.595957391420535E-006
  1.631314655876097E-005 -2.759211008826450E-006 -2.962713124933910E-005
  6.595957391420535E-006  0.995935522412773      -2.352192709969195E-005
 -3.801864218035833E-005  1.425965617417376E-005  1.631314655876097E-005
 -2.352192709969195E-005  0.995960835281617      -2.825519867283295E-005
  2.352192710057651E-005 -2.759211008826450E-006 -3.801864218035833E-005
 -2.825519867283295E-005  0.997931194134999       2.472158775255607E-005
 -2.962713124933910E-005  1.425965617417376E-005  2.352192710057651E-005
  2.472158775255607E-005  0.995935522412769       0.997920713152375     
  4.149511517159125E-005  1.608800395684258E-005  8.213315343730387E-006
 -5.308607559733933E-005  4.149511517159125E-005  0.995812441574581     
 -3.457600747640193E-005 -8.525573598767584E-005  1.424908703442793E-004
  1.608800395684258E-005 -3.457600747640193E-005  0.995962314342138     
 -2.786524024736205E-005  3.457600747728645E-005  8.213315343730387E-006
 -8.525573598767584E-005 -2.786524024736205E-005  0.997911229232724     
  7.856369186452365E-005 -5.308607559733933E-005  1.424908703442793E-004
  3.457600747728645E-005  7.856369186452365E-005  0.995812441574577     
  0.997928282021703      -6.403903861470845E-006 -2.795001044069068E-005
 -2.091413967075095E-005 -7.198424749469571E-005 -6.403903861470845E-006
  0.995956185921105      -9.609790977238464E-005 -7.942295371927952E-005
 -5.586182137855271E-006 -2.795001044069068E-005 -9.609790977238464E-005
  0.995954960425861       4.841083815361532E-005  9.609790977326883E-005
 -2.091413967075095E-005 -7.942295371927952E-005  4.841083815361532E-005
  0.997952431590039       3.416553343133965E-005 -7.198424749469571E-005
 -5.586182137855271E-006  9.609790977326883E-005  3.416553343133965E-005
  0.995956185921101       0.997924887187545      -1.920042941494967E-005
 -2.988160675565863E-005 -1.803409789412344E-005 -6.803611232113709E-005
 -1.920042941494967E-005  0.995884385593006      -9.687417051834427E-005
 -6.747596243578425E-005  5.858243150500857E-005 -2.988160675565863E-005
 -9.687417051834427E-005  0.995953409720313       5.175646111085266E-005
  9.687417051922847E-005 -1.803409789412344E-005 -6.747596243578425E-005
  5.175646111085266E-005  0.997945711170091       1.710992158010262E-005
 -6.803611232113709E-005  5.858243150500857E-005  9.687417051922847E-005
  1.710992158010262E-005  0.995884385593002       0.997944083751105     
  4.275213389462603E-006 -5.102937672209341E-007  9.434512647926756E-006
  1.344348220986504E-005  4.275213389462603E-006  0.995927378519332     
  4.271253307087410E-006 -4.676505368315658E-005 -4.192434737035054E-005
 -5.102937672209341E-007  4.271253307087410E-006  0.995994976458018     
  1.444131021263597E-005  2.278823789098886E-005  9.434512647926756E-006
 -4.676505368315658E-005  1.444131021263597E-005  0.997925137954400     
 -2.104863431524632E-005  1.344348220986504E-005 -4.192434737035054E-005
  2.278823789098886E-005 -2.104863431524632E-005  0.995912299680588     
  0.997936035155355       3.444612764481047E-005 -1.722974143603689E-006
  1.942220939851063E-005  3.298634871576991E-005  3.444612764481047E-005
  0.995826067930009       1.598207570893426E-005 -7.936788916757242E-005
 -1.441871895472334E-004 -1.722974143603689E-006  1.598207570893426E-005
  0.995995424875962       1.625853136091725E-005  3.503958400310978E-005
  1.942220939851063E-005 -7.936788916757242E-005  1.625853136091725E-005
  0.997909513249048      -6.202863698020995E-005  3.298634871576991E-005
 -1.441871895472334E-004  3.503958400310978E-005 -6.202863698020995E-005
  0.995803544840048       0.997938044931203      -1.150691092654942E-005
 -1.225139462597226E-005  1.292102694386980E-005 -3.836211780369379E-005
 -1.150691092654942E-005  0.995912299680592      -2.278823789010431E-005
  2.216671426579374E-005 -4.192434737035067E-005 -1.225139462597226E-005
 -2.278823789010431E-005  0.995994976458018       7.662582471253385E-006
 -4.271253306202830E-006  1.292102694386980E-005  2.216671426579374E-005
  7.662582471253385E-006  0.997931176774302       2.708497024257938E-005
 -3.836211780369379E-005 -4.192434737035067E-005 -4.271253306202830E-006
  2.708497024257938E-005  0.995927378519328       0.997932963852363     
 -3.722520102860948E-005 -1.321881411648681E-005  2.119542700831219E-005
 -5.151154444092866E-005 -3.722520102860948E-005  0.995803544840052     
 -3.503958400222530E-005  5.958133445515716E-005 -1.441871895472337E-004
 -1.321881411648681E-005 -3.503958400222530E-005  0.995995424875962     
  9.621405058012391E-006 -1.598207570804976E-005  2.119542700831219E-005
  5.958133445515716E-005  9.621405058012391E-006  0.997912584552041     
  6.951516618532052E-005 -5.151154444092866E-005 -1.441871895472337E-004
 -1.598207570804976E-005  6.951516618532052E-005  0.995826067930005     
  0.000000000000000E+000  0.000000000000000E+000  0.000000000000000E+000
  0.000000000000000E+000  0.000000000000000E+000  0.000000000000000E+000
  0.000000000000000E+000  0.000000000000000E+000  0.000000000000000E+000
  0.000000000000000E+000  0.000000000000000E+000  0.000000000000000E+000
  0.000000000000000E+000  0.000000000000000E+000  0.000000000000000E+000
  0.000000000000000E+000  0.000000000000000E+000  0.000000000000000E+000
  0.000000000000000E+000  0.000000000000000E+000  0.000000000000000E+000
  0.000000000000000E+000  0.000000000000000E+000  0.000000000000000E+000
  0.000000000000000E+000  0.000000000000000E+000  0.000000000000000E+000
  0.000000000000000E+000  0.000000000000000E+000  0.000000000000000E+000
  0.000000000000000E+000  0.000000000000000E+000  0.000000000000000E+000
  0.000000000000000E+000  0.000000000000000E+000  0.000000000000000E+000
  0.000000000000000E+000  0.000000000000000E+000  0.000000000000000E+000
  0.000000000000000E+000  0.000000000000000E+000  0.000000000000000E+000
  0.000000000000000E+000  0.000000000000000E+000  0.000000000000000E+000
  0.000000000000000E+000  0.000000000000000E+000  0.000000000000000E+000
  0.000000000000000E+000  0.000000000000000E+000  0.000000000000000E+000
  0.000000000000000E+000  0.000000000000000E+000  0.000000000000000E+000
  0.000000000000000E+000  0.000000000000000E+000  0.000000000000000E+000
  0.000000000000000E+000  0.000000000000000E+000  0.000000000000000E+000
  0.000000000000000E+000  0.000000000000000E+000  0.000000000000000E+000
  0.000000000000000E+000  0.000000000000000E+000  0.000000000000000E+000
  0.000000000000000E+000  0.000000000000000E+000  0.000000000000000E+000
  0.000000000000000E+000  0.000000000000000E+000  0.000000000000000E+000
  0.000000000000000E+000  0.000000000000000E+000  0.000000000000000E+000
  0.000000000000000E+000  0.000000000000000E+000  0.000000000000000E+000
  0.000000000000000E+000  0.000000000000000E+000  0.000000000000000E+000
  0.000000000000000E+000  0.000000000000000E+000  0.000000000000000E+000
  0.000000000000000E+000  0.000000000000000E+000  0.000000000000000E+000
  0.000000000000000E+000  0.000000000000000E+000  0.000000000000000E+000
  0.000000000000000E+000  0.000000000000000E+000  0.000000000000000E+000
  0.000000000000000E+000  0.000000000000000E+000  0.000000000000000E+000
  0.000000000000000E+000  0.000000000000000E+000  0.000000000000000E+000
  0.000000000000000E+000  0.000000000000000E+000  0.000000000000000E+000
  0.000000000000000E+000  0.000000000000000E+000  0.000000000000000E+000
  0.000000000000000E+000  0.000000000000000E+000  0.000000000000000E+000
  0.000000000000000E+000  0.000000000000000E+000  0.000000000000000E+000
  0.000000000000000E+000  0.000000000000000E+000  0.000000000000000E+000
  0.000000000000000E+000  0.000000000000000E+000  0.000000000000000E+000
  0.000000000000000E+000  0.000000000000000E+000  0.000000000000000E+000
  0.000000000000000E+000  0.000000000000000E+000  0.000000000000000E+000
  0.000000000000000E+000  0.000000000000000E+000  0.000000000000000E+000
  0.000000000000000E+000  0.000000000000000E+000  0.000000000000000E+000
  0.000000000000000E+000  0.000000000000000E+000  0.000000000000000E+000
  0.000000000000000E+000  0.000000000000000E+000  0.000000000000000E+000
  0.000000000000000E+000  0.000000000000000E+000  0.000000000000000E+000
  0.000000000000000E+000  0.000000000000000E+000  0.000000000000000E+000
  0.000000000000000E+000  0.000000000000000E+000  0.000000000000000E+000
  0.000000000000000E+000  0.000000000000000E+000  0.000000000000000E+000
  0.000000000000000E+000  0.000000000000000E+000  0.000000000000000E+000
  0.000000000000000E+000  0.000000000000000E+000  0.000000000000000E+000
  0.000000000000000E+000  0.000000000000000E+000  0.000000000000000E+000
  0.000000000000000E+000  0.000000000000000E+000  0.000000000000000E+000
  0.000000000000000E+000  0.000000000000000E+000  0.000000000000000E+000
  0.000000000000000E+000  0.000000000000000E+000  0.000000000000000E+000
  0.000000000000000E+000  0.000000000000000E+000  0.000000000000000E+000
  0.000000000000000E+000  0.000000000000000E+000  0.000000000000000E+000
  0.000000000000000E+000  0.000000000000000E+000  0.000000000000000E+000
  0.000000000000000E+000  0.000000000000000E+000  0.000000000000000E+000
  0.000000000000000E+000  0.000000000000000E+000  0.000000000000000E+000
  0.000000000000000E+000  0.000000000000000E+000  0.000000000000000E+000
  0.000000000000000E+000  0.000000000000000E+000  0.000000000000000E+000
  0.000000000000000E+000  0.000000000000000E+000  0.000000000000000E+000
  0.000000000000000E+000  0.000000000000000E+000  0.000000000000000E+000
  0.000000000000000E+000  0.000000000000000E+000  0.000000000000000E+000
  0.000000000000000E+000  0.000000000000000E+000  0.000000000000000E+000
  0.000000000000000E+000  0.000000000000000E+000  0.997936238973140     
 -1.917410599534487E-005 -4.637181828100575E-006  2.300826071511414E-005
 -1.133188690530286E-005 -1.917410599534487E-005  0.995987603932961     
  1.692341842486319E-005 -3.321052576501014E-005 -1.692341842466044E-005
 -4.637181828100575E-006  1.692341842486319E-005  0.995959918752538     
  1.040765773954147E-005  3.284445352338139E-005  2.300826071511414E-005
 -3.321052576501014E-005  1.040765773954147E-005  0.997962806624172     
 -1.187911610730663E-006 -1.133188690530286E-005 -1.692341842466044E-005
  3.284445352338139E-005 -1.187911610730663E-006  0.995959918752538     
  0.997932114642304      -2.710542480912213E-005  1.197360041469756E-006
  1.197158979835550E-005 -1.395053719507197E-005 -2.710542480912213E-005
  0.995974462824473       2.396646492060854E-005 -4.694797292149930E-005
 -2.396646492040578E-005  1.197360041469756E-006  2.396646492060854E-005
  0.995954744039376       1.679998895795939E-005  3.876508688067947E-005
  1.197158979835550E-005 -4.694797292149930E-005  1.679998895795939E-005
  0.997945938243487      -9.436938698431456E-006 -1.395053719507197E-005
 -2.396646492040578E-005  3.876508688067947E-005 -9.436938698431456E-006
  0.995954744039376       0.997907572105601       2.287756614775997E-005
  5.049045280818678E-005 -3.067635900335504E-005  1.114258958849293E-004
  2.287756614775997E-005  0.995981549677362       1.188007128111175E-004
 -8.236011306062723E-005 -2.597042529645431E-006  5.049045280818678E-005
  1.188007128111175E-004  0.995936688374369      -8.235512580105898E-005
  9.614583673079524E-005 -3.067635900335504E-005 -8.236011306062723E-005
 -8.235512580105898E-005  0.997953989829467      -5.383560447248696E-005
  1.114258958849293E-004 -2.597042529645431E-006  9.614583673079524E-005
 -5.383560447248696E-005  0.995985351101025       0.997899360082640     
  3.333101089064073E-005  5.447227398751620E-005 -3.997479198526712E-005
  1.167069308809013E-004  3.333101089064073E-005  0.995964819923894     
  1.133376124882756E-004 -7.041459835361197E-005 -1.016043416172358E-005
  5.447227398751620E-005  1.133376124882756E-004  0.995932802875912     
 -7.805463711563900E-005  9.274930040258404E-005 -3.997479198526712E-005
 -7.041459835361197E-005 -7.805463711563900E-005  0.997944018866336     
 -4.709329372025747E-005  1.167069308809013E-004 -1.016043416172358E-005
  9.274930040258404E-005 -4.709329372025747E-005  0.995980097869831     
  0.997921134418254      -1.437981074747167E-005  2.021492830167152E-005
  6.769746289381207E-006  2.646327017370464E-005 -1.437981074747167E-005
  0.995976246599035       4.145457056810575E-006 -2.490656280920804E-005
 -4.145457056607816E-006  2.021492830167152E-005  4.145457056810575E-006
  0.995964873993590      -1.888605801436280E-005  3.391512009044669E-005
  6.769746289381207E-006 -2.490656280920804E-005 -1.888605801436280E-005
  0.997928951447937      -8.063612443809589E-006  2.646327017370464E-005
 -4.145457056607816E-006  3.391512009044669E-005 -8.063612443809589E-006
  0.995964873993590       0.997916283946917      -2.651108913061134E-005
  1.214072657492579E-005 -6.510820013842787E-006  3.031261113477576E-005
 -2.651108913061134E-005  0.995952714783039      -7.200702071968032E-006
 -4.591855332956828E-005  7.200702072170847E-006  1.214072657492579E-005
 -7.200702071968032E-006  0.995957594062717      -2.799253663494507E-005
  4.181606091336931E-005 -6.510820013842787E-006 -4.591855332956828E-005
 -2.799253663494507E-005  0.997908765899539       3.482090677123658E-006
  3.031261113477576E-005  7.200702072170847E-006  4.181606091336931E-005
  3.482090677123658E-006  0.995957594062717       0.997968951904695     
 -8.276473325042295E-005  1.023359490359375E-004  4.761284526269475E-006
  9.656685748475796E-005 -8.276473325042295E-005  0.995981549677363     
  2.597042529848088E-006 -2.136750306527514E-005 -1.188007128109147E-004
  1.023359490359375E-004  2.597042529848088E-006  0.995985351101025     
 -6.957985423817375E-005  9.614583673079517E-005  4.761284526269475E-006
 -2.136750306527514E-005 -6.957985423817375E-005  0.997892610030373     
 -2.548451886002143E-006  9.656685748475796E-005 -1.188007128109147E-004
  9.614583673079517E-005 -2.548451886002143E-006  0.995936688374368     
  0.997967473355784      -7.764633642430737E-005  9.913745414228385E-005
 -6.495754001149339E-007  9.483343562416145E-005 -7.764633642430737E-005
  0.995964819923894       1.016043416192622E-005 -6.341797007375972E-006
 -1.133376124880729E-004  9.913745414228385E-005  1.016043416192622E-005
  0.995980097869831      -7.752452007907482E-005  9.274930040258398E-005
 -6.495754001149339E-007 -6.341797007375972E-006 -7.752452007907482E-005
  0.997875905593192      -8.147054523338222E-006  9.483343562416145E-005
 -1.133376124880729E-004  9.274930040258398E-005 -8.147054523338222E-006
  0.995932802875912       0.000000000000000E+000  0.000000000000000E+000
  0.000000000000000E+000  0.000000000000000E+000  0.000000000000000E+000
  0.000000000000000E+000  0.000000000000000E+000  0.000000000000000E+000
  0.000000000000000E+000  0.000000000000000E+000  0.000000000000000E+000
  0.000000000000000E+000  0.000000000000000E+000  0.000000000000000E+000
  0.000000000000000E+000  0.000000000000000E+000  0.000000000000000E+000
  0.000000000000000E+000  0.000000000000000E+000  0.000000000000000E+000
  0.000000000000000E+000  0.000000000000000E+000  0.000000000000000E+000
  0.000000000000000E+000  0.000000000000000E+000  0.000000000000000E+000
  0.000000000000000E+000  0.000000000000000E+000  0.000000000000000E+000
  0.000000000000000E+000  0.000000000000000E+000  0.000000000000000E+000
  0.000000000000000E+000  0.000000000000000E+000  0.000000000000000E+000
  0.000000000000000E+000  0.000000000000000E+000  0.000000000000000E+000
  0.000000000000000E+000  0.000000000000000E+000  0.000000000000000E+000
  0.000000000000000E+000  0.000000000000000E+000  0.000000000000000E+000
  0.000000000000000E+000  0.000000000000000E+000  0.000000000000000E+000
  0.000000000000000E+000  0.000000000000000E+000  0.000000000000000E+000
  0.000000000000000E+000  0.000000000000000E+000  0.000000000000000E+000
  0.000000000000000E+000  0.000000000000000E+000  0.000000000000000E+000
  0.000000000000000E+000  0.000000000000000E+000  0.000000000000000E+000
  0.000000000000000E+000  0.000000000000000E+000  0.000000000000000E+000
  0.000000000000000E+000  0.000000000000000E+000  0.000000000000000E+000
  0.000000000000000E+000  0.000000000000000E+000  0.000000000000000E+000
  0.000000000000000E+000  0.000000000000000E+000  0.000000000000000E+000
  0.000000000000000E+000  0.000000000000000E+000  0.000000000000000E+000
  0.000000000000000E+000  0.000000000000000E+000  0.000000000000000E+000
  0.000000000000000E+000  0.000000000000000E+000  0.000000000000000E+000
  0.000000000000000E+000  0.000000000000000E+000  0.000000000000000E+000
  0.000000000000000E+000  0.000000000000000E+000  0.000000000000000E+000
  0.000000000000000E+000  0.000000000000000E+000  0.000000000000000E+000
  0.000000000000000E+000  0.000000000000000E+000  0.000000000000000E+000
  0.000000000000000E+000  0.000000000000000E+000  0.000000000000000E+000
  0.000000000000000E+000  0.000000000000000E+000  0.000000000000000E+000
  0.000000000000000E+000  0.000000000000000E+000  0.000000000000000E+000
  0.000000000000000E+000  0.000000000000000E+000  0.000000000000000E+000
  0.000000000000000E+000  0.000000000000000E+000  0.000000000000000E+000
  0.000000000000000E+000  0.000000000000000E+000  0.000000000000000E+000
  0.000000000000000E+000  0.000000000000000E+000  0.000000000000000E+000
  0.000000000000000E+000  0.000000000000000E+000  0.000000000000000E+000
  0.000000000000000E+000  0.000000000000000E+000  0.000000000000000E+000
  0.000000000000000E+000  0.000000000000000E+000  0.000000000000000E+000
  0.000000000000000E+000  0.000000000000000E+000  0.000000000000000E+000
  0.000000000000000E+000  0.000000000000000E+000  0.000000000000000E+000
  0.000000000000000E+000  0.000000000000000E+000  0.000000000000000E+000
  0.000000000000000E+000  0.000000000000000E+000  0.000000000000000E+000
  0.000000000000000E+000  0.000000000000000E+000  0.000000000000000E+000
  0.000000000000000E+000  0.000000000000000E+000  0.000000000000000E+000
  0.000000000000000E+000  0.000000000000000E+000  0.000000000000000E+000
  0.000000000000000E+000  0.000000000000000E+000  0.000000000000000E+000
  0.000000000000000E+000  0.000000000000000E+000  0.000000000000000E+000
  0.000000000000000E+000  0.000000000000000E+000  0.000000000000000E+000
  0.000000000000000E+000  0.000000000000000E+000  0.000000000000000E+000
  0.000000000000000E+000  0.000000000000000E+000  0.000000000000000E+000
  0.000000000000000E+000  0.000000000000000E+000  0.000000000000000E+000
  0.000000000000000E+000  0.000000000000000E+000  0.000000000000000E+000
  0.000000000000000E+000  0.000000000000000E+000  0.000000000000000E+000
  0.000000000000000E+000  0.000000000000000E+000  0.000000000000000E+000
  0.000000000000000E+000  0.000000000000000E+000  0.000000000000000E+000
  0.000000000000000E+000  0.000000000000000E+000  0.000000000000000E+000
  0.000000000000000E+000  0.000000000000000E+000  0.000000000000000E+000
  0.000000000000000E+000  0.000000000000000E+000  0.000000000000000E+000
  0.000000000000000E+000  0.000000000000000E+000  0.000000000000000E+000
  0.000000000000000E+000  0.000000000000000E+000  0.000000000000000E+000
  0.000000000000000E+000  0.000000000000000E+000  0.000000000000000E+000
  0.000000000000000E+000  0.000000000000000E+000  0.000000000000000E+000
  0.000000000000000E+000  0.000000000000000E+000  0.000000000000000E+000
  0.000000000000000E+000  0.000000000000000E+000  0.000000000000000E+000
  0.997976090449691      -6.694705084504368E-006 -6.694705083794648E-006
  4.440896946229700E-016 -3.834821198267724E-005 -6.694705084504368E-006
  0.995959918752542      -3.284445352249683E-005 -9.219746128335905E-006
 -1.692341842466053E-005 -6.694705083794648E-006 -3.284445352249683E-005
  0.995959918752538       9.219746134002596E-006 -1.692341842397859E-005
  4.440896946229700E-016 -9.219746128335905E-006  9.219746134002596E-006
  0.997922955147620      -5.191921442285498E-015 -3.834821198267724E-005
 -1.692341842466053E-005 -1.692341842397859E-005 -5.191921442285498E-015
  0.995987603932956       0.997952850044082      -1.514789724384379E-005
 -1.514789724313407E-005  4.232606424818856E-016 -5.421084961023178E-005
 -1.514789724384379E-005  0.995954744039380      -3.876508687979492E-005
 -7.363050259053023E-006 -2.396646492040589E-005 -1.514789724313407E-005
 -3.876508687979492E-005  0.995954744039376       7.363050264719709E-006
 -2.396646491972394E-005  4.232606424818856E-016 -7.363050259053023E-006
  7.363050264719709E-006  0.997925202841710      -5.191912065215631E-015
 -5.421084961023178E-005 -2.396646492040589E-005 -2.396646491972394E-005
 -5.191912065215631E-015  0.995974462824469       0.997915818892309     
  9.089946841690243E-006  4.607640466997870E-005 -3.543764352920844E-005
 -5.988716709464993E-005  9.089946841690243E-006  0.995985351101029     
 -9.614583672991057E-005  1.234154587111355E-004 -2.597042529645797E-006
  4.607640466997870E-005 -9.614583672991057E-005  0.995936688374368     
 -8.490357768186927E-005 -1.188007128102327E-004 -3.543764352920844E-005
  1.234154587111355E-004 -8.490357768186927E-005  0.997945743042759     
  6.099260999015986E-005 -5.988716709464993E-005 -2.597042529645797E-006
 -1.188007128102327E-004  6.099260999015986E-005  0.995981549677358     
  0.997898234985043       1.756947673131588E-005  4.036116163005280E-005
 -3.932521658470835E-005 -4.431532552565371E-005  1.756947673131588E-005
  0.995980097869835      -9.274930040169937E-005  1.246178137998071E-004
 -1.016043416172391E-005  4.036116163005280E-005 -9.274930040169937E-005
  0.995932802875912      -8.620169163378548E-005 -1.133376124873909E-004
 -3.932521658470835E-005  1.246178137998071E-004 -8.620169163378548E-005
  0.997945143963933       6.407280134104382E-005 -4.431532552565371E-005
 -1.016043416172391E-005 -1.133376124873909E-004  6.407280134104382E-005
  0.995964819923890       0.997915818892309       4.607640466926917E-005
  9.089946842399785E-006  3.543764353008960E-005 -5.988716709464989E-005
  4.607640466926917E-005  0.995936688374372      -9.614583672991074E-005
  8.490357768753631E-005 -1.188007128109150E-004  9.089946842399785E-006
 -9.614583672991074E-005  0.995985351101025      -1.234154587054692E-004
 -2.597042528963452E-006  3.543764353008960E-005  8.490357768753631E-005
 -1.234154587054692E-004  0.997945743042759      -6.099261000054392E-005
 -5.988716709464989E-005 -1.188007128109150E-004 -2.597042528963452E-006
 -6.099261000054392E-005  0.995981549677358       0.997898234985043     
  4.036116162934327E-005  1.756947673202545E-005  3.932521658560337E-005
 -4.431532552565374E-005  4.036116162934327E-005  0.995932802875916     
 -9.274930040169953E-005  8.620169163945252E-005 -1.133376124880731E-004
  1.756947673202545E-005 -9.274930040169953E-005  0.995980097869831     
 -1.246178137941408E-004 -1.016043416104159E-005  3.932521658560337E-005
  8.620169163945252E-005 -1.246178137941408E-004  0.997945143963933     
 -6.407280135142775E-005 -4.431532552565374E-005 -1.133376124880731E-004
 -1.016043416104159E-005 -6.407280135142775E-005  0.995964819923890     
  0.997932859962781       6.248341864731177E-006  6.248341865440852E-006
  4.371365589181436E-016 -2.875962148693112E-005  6.248341864731177E-006
  0.995964873993594      -3.391512008956214E-005  2.694967045864733E-005
 -4.145457056607917E-006  6.248341865440852E-006 -3.391512008956214E-005
  0.995964873993590      -2.694967045298071E-005 -4.145457055925962E-006
  4.371365589181436E-016  2.694967045864733E-005 -2.694967045298071E-005
  0.997917225903410      -5.191747355267435E-015 -2.875962148693112E-005
 -4.145457056607917E-006 -4.145457055925962E-006 -5.191747355267435E-015
  0.995976246599031       0.997905006875853       1.817188455254828E-005
  1.817188455325786E-005  4.302146210691443E-016 -5.302217825321068E-005
  1.817188455254828E-005  0.995957594062721      -4.181606091248477E-005
  2.451044595829633E-005  7.200702072170751E-006  1.817188455325786E-005
 -4.181606091248477E-005  0.995957594062717      -2.451044595262989E-005
  7.200702072852613E-006  4.302146210691443E-016  2.451044595829633E-005
 -2.451044595262989E-005  0.997920042970603      -5.191600205056592E-015
 -5.302217825321068E-005  7.200702072170751E-006  7.200702072852613E-006
 -5.191600205056592E-015  0.995952714783035       0.000000000000000E+000
  0.000000000000000E+000  0.000000000000000E+000  0.000000000000000E+000
  0.000000000000000E+000  0.000000000000000E+000  0.000000000000000E+000
  0.000000000000000E+000  0.000000000000000E+000  0.000000000000000E+000
  0.000000000000000E+000  0.000000000000000E+000  0.000000000000000E+000
  0.000000000000000E+000  0.000000000000000E+000  0.000000000000000E+000
  0.000000000000000E+000  0.000000000000000E+000  0.000000000000000E+000
  0.000000000000000E+000  0.000000000000000E+000  0.000000000000000E+000
  0.000000000000000E+000  0.000000000000000E+000  0.000000000000000E+000
  0.000000000000000E+000  0.000000000000000E+000  0.000000000000000E+000
  0.000000000000000E+000  0.000000000000000E+000  0.000000000000000E+000
  0.000000000000000E+000  0.000000000000000E+000  0.000000000000000E+000
  0.000000000000000E+000  0.000000000000000E+000  0.000000000000000E+000
  0.000000000000000E+000  0.000000000000000E+000  0.000000000000000E+000
  0.000000000000000E+000  0.000000000000000E+000  0.000000000000000E+000
  0.000000000000000E+000  0.000000000000000E+000  0.000000000000000E+000
  0.000000000000000E+000  0.000000000000000E+000  0.000000000000000E+000
  0.000000000000000E+000  0.000000000000000E+000  0.000000000000000E+000
  0.000000000000000E+000  0.000000000000000E+000  0.000000000000000E+000
  0.000000000000000E+000  0.000000000000000E+000  0.000000000000000E+000
  0.000000000000000E+000  0.000000000000000E+000  0.000000000000000E+000
  0.000000000000000E+000  0.000000000000000E+000  0.000000000000000E+000
  0.000000000000000E+000  0.000000000000000E+000  0.000000000000000E+000
  0.000000000000000E+000  0.000000000000000E+000  0.000000000000000E+000
  0.000000000000000E+000  0.000000000000000E+000  0.000000000000000E+000
  0.000000000000000E+000  0.000000000000000E+000  0.000000000000000E+000
  0.000000000000000E+000  0.000000000000000E+000  0.000000000000000E+000
  0.000000000000000E+000  0.000000000000000E+000  0.000000000000000E+000
  0.000000000000000E+000  0.000000000000000E+000  0.000000000000000E+000
  0.000000000000000E+000  0.000000000000000E+000  0.000000000000000E+000
  0.000000000000000E+000  0.000000000000000E+000  0.000000000000000E+000
  0.000000000000000E+000  0.000000000000000E+000  0.000000000000000E+000
  0.000000000000000E+000  0.000000000000000E+000  0.000000000000000E+000
  0.000000000000000E+000  0.000000000000000E+000  0.000000000000000E+000
  0.000000000000000E+000  0.000000000000000E+000  0.000000000000000E+000
  0.000000000000000E+000  0.000000000000000E+000  0.000000000000000E+000
  0.000000000000000E+000  0.000000000000000E+000  0.000000000000000E+000
  0.000000000000000E+000  0.000000000000000E+000  0.000000000000000E+000
  0.000000000000000E+000  0.000000000000000E+000  0.000000000000000E+000
  0.000000000000000E+000  0.000000000000000E+000  0.000000000000000E+000
  0.000000000000000E+000  0.000000000000000E+000  0.000000000000000E+000
  0.000000000000000E+000  0.000000000000000E+000  0.000000000000000E+000
  0.000000000000000E+000  0.000000000000000E+000  0.000000000000000E+000
  0.000000000000000E+000  0.000000000000000E+000  0.000000000000000E+000
  0.000000000000000E+000  0.000000000000000E+000  0.000000000000000E+000
  0.000000000000000E+000  0.000000000000000E+000  0.000000000000000E+000
  0.000000000000000E+000  0.000000000000000E+000  0.000000000000000E+000
  0.000000000000000E+000  0.000000000000000E+000  0.000000000000000E+000
  0.000000000000000E+000  0.000000000000000E+000  0.000000000000000E+000
  0.000000000000000E+000  0.000000000000000E+000  0.000000000000000E+000
  0.000000000000000E+000  0.000000000000000E+000  0.000000000000000E+000
  0.000000000000000E+000  0.000000000000000E+000  0.000000000000000E+000
  0.000000000000000E+000  0.000000000000000E+000  0.000000000000000E+000
  0.000000000000000E+000  0.000000000000000E+000  0.000000000000000E+000
  0.000000000000000E+000  0.000000000000000E+000  0.000000000000000E+000
  0.000000000000000E+000  0.000000000000000E+000  0.000000000000000E+000
  0.000000000000000E+000  0.000000000000000E+000  0.000000000000000E+000
  0.000000000000000E+000  0.000000000000000E+000  0.000000000000000E+000
  0.000000000000000E+000  0.000000000000000E+000  0.000000000000000E+000
  0.000000000000000E+000  0.000000000000000E+000  0.000000000000000E+000
  0.000000000000000E+000  0.000000000000000E+000  0.000000000000000E+000
  0.000000000000000E+000  0.000000000000000E+000  0.000000000000000E+000
  0.000000000000000E+000  0.000000000000000E+000  0.000000000000000E+000
  0.000000000000000E+000  0.000000000000000E+000  0.000000000000000E+000
  0.000000000000000E+000  0.000000000000000E+000  0.000000000000000E+000
  0.000000000000000E+000  0.000000000000000E+000  0.000000000000000E+000
  0.000000000000000E+000  0.000000000000000E+000  0.000000000000000E+000
  0.000000000000000E+000  0.993443692706655       1.306269092058566E-005
  1.306269092128650E-005  4.440966137668006E-016  2.612538184914437E-005
  1.306269092058566E-005  0.987914975594249       1.989901223023449E-003
  2.262524436661718E-005 -1.989901223023252E-003  1.306269092128650E-005
  1.989901223023449E-003  0.987914975594245      -2.262524436096936E-005
 -1.989901223022564E-003  4.440966137668006E-016  2.262524436661718E-005
 -2.262524436096936E-005  0.993443692706653      -5.165740813311742E-015
  2.612538184914437E-005 -1.989901223023252E-003 -1.989901223022564E-003
 -5.165740813311742E-015  0.987914975594245       0.993619820797255     
 -1.456507864575840E-004 -1.456507864568825E-004  4.579321887707564E-016
 -2.913015729072394E-004 -1.456507864575840E-004  0.986109691106516     
 -4.426837651125673E-004 -2.522745622983526E-004  4.426837651127694E-004
 -1.456507864568825E-004 -4.426837651125673E-004  0.986109691106512     
  2.522745623039577E-004  4.426837651134417E-004  4.579321887707564E-016
 -2.522745622983526E-004  2.522745623039577E-004  0.993619820797253     
 -5.145908505159422E-015 -2.913015729072394E-004  4.426837651127694E-004
  4.426837651134417E-004 -5.145908505159422E-015  0.986109691106512     
  0.998328566608131       3.746558656173126E-006 -4.393229557398697E-005
 -8.654128398399889E-006  4.861029379416506E-005  3.746558656173126E-006
  0.996575505296581      -5.169465576485807E-004  5.396725576560583E-005
 -6.556576209710922E-004 -4.393229557398697E-005 -5.169465576485807E-004
  0.996640244886447       7.609296802553678E-005  5.169465576494636E-004
 -8.654128398399889E-006  5.396725576560583E-005  7.609296802553678E-005
  0.998338559534850      -2.373901291066161E-005  4.861029379416506E-005
 -6.556576209710922E-004  5.169465576494636E-004 -2.373901291066161E-005
  0.996575505296577       0.998420826766474       8.201665757017413E-005
 -1.034728689083433E-004 -6.378144408944450E-006  1.434116269969030E-004
  8.201665757017413E-005  0.996565766393243      -3.593826960989816E-004
  1.182451435763811E-004 -3.769658918134275E-004 -1.034728689083433E-004
 -3.593826960989816E-004  0.996740359026035       1.792202661524222E-004
  3.593826960998649E-004 -6.378144408944450E-006  1.182451435763811E-004
  1.792202661524222E-004  0.998428191613255       1.190593720019633E-005
  1.434116269969030E-004 -3.769658918134275E-004  3.593826960998649E-004
  1.190593720019633E-005  0.996565766393238       0.998328566608131     
 -4.393229557469806E-005  3.746558656884072E-006  8.654128399267217E-006
  4.861029379416379E-005 -4.393229557469806E-005  0.996640244886451     
 -5.169465576485785E-004 -7.609296801987341E-005  5.169465576487821E-004
  3.746558656884072E-006 -5.169465576485785E-004  0.996575505296577     
 -5.396725575993316E-005 -6.556576209704103E-004  8.654128399267217E-006
 -7.609296801987341E-005 -5.396725575993316E-005  0.998338559534850     
  2.373901290027153E-005  4.861029379416379E-005  5.169465576487821E-004
 -6.556576209704103E-004  2.373901290027153E-005  0.996575505296577     
  0.998420826766474      -1.034728689090546E-004  8.201665757088503E-005
  6.378144409846529E-006  1.434116269969020E-004 -1.034728689090546E-004
  0.996740359026039      -3.593826960989803E-004 -1.792202661467565E-004
  3.593826960991838E-004  8.201665757088503E-005 -3.593826960989803E-004
  0.996565766393239      -1.182451435707095E-004 -3.769658918127452E-004
  6.378144409846529E-006 -1.792202661467565E-004 -1.182451435707095E-004
  0.998428191613255      -1.190593721058595E-005  1.434116269969020E-004
  3.593826960991838E-004 -3.769658918127452E-004 -1.190593721058595E-005
  0.996565766393239       0.998343555998213       4.486373512997376E-005
  4.486373513068292E-005  4.371810079128725E-016 -8.786459114138494E-005
  4.486373512997376E-005  0.996575505296581       6.556576209712958E-004
  3.022824286013785E-005  5.169465576487823E-004  4.486373513068292E-005
  6.556576209712958E-004  0.996575505296578      -3.022824285446788E-005
  5.169465576494637E-004  4.371810079128725E-016  3.022824286013785E-005
 -3.022824285446788E-005  0.998323570144768      -5.191918316200218E-015
 -8.786459114138494E-005  5.169465576487823E-004  5.169465576494637E-004
 -5.191918316200218E-015  0.996640244886447       0.998431874036649     
  6.139496941871185E-005  6.139496941942089E-005  4.440685811785499E-016
 -2.069457378100949E-004  6.139496941871185E-005  0.996565766393243     
  3.769658918136305E-004  1.301510807817711E-004  3.593826960991835E-004
  6.139496941942089E-005  3.769658918136305E-004  0.996565766393239     
 -1.301510807761016E-004  3.593826960998658E-004  4.440685811785499E-016
  1.301510807817711E-004 -1.301510807761016E-004  0.998417144343080     
 -5.193176754604151E-015 -2.069457378100949E-004  3.593826960991835E-004
  3.593826960998658E-004 -5.193176754604151E-015  0.996740359026035     
  0.000000000000000E+000  0.000000000000000E+000  0.000000000000000E+000
  0.000000000000000E+000  0.000000000000000E+000  0.000000000000000E+000
  0.000000000000000E+000  0.000000000000000E+000  0.000000000000000E+000
  0.000000000000000E+000  0.000000000000000E+000  0.000000000000000E+000
  0.000000000000000E+000  0.000000000000000E+000  0.000000000000000E+000
  0.000000000000000E+000  0.000000000000000E+000  0.000000000000000E+000
  0.000000000000000E+000  0.000000000000000E+000  0.000000000000000E+000
  0.000000000000000E+000  0.000000000000000E+000  0.000000000000000E+000
  0.000000000000000E+000  0.000000000000000E+000  0.000000000000000E+000
  0.000000000000000E+000  0.000000000000000E+000  0.000000000000000E+000
  0.000000000000000E+000  0.000000000000000E+000  0.000000000000000E+000
  0.000000000000000E+000  0.000000000000000E+000  0.000000000000000E+000
  0.000000000000000E+000  0.000000000000000E+000  0.000000000000000E+000
  0.000000000000000E+000  0.000000000000000E+000  0.000000000000000E+000
  0.000000000000000E+000  0.000000000000000E+000  0.000000000000000E+000
  0.000000000000000E+000  0.000000000000000E+000  0.000000000000000E+000
  0.000000000000000E+000  0.000000000000000E+000  0.000000000000000E+000
  0.000000000000000E+000  0.000000000000000E+000  0.000000000000000E+000
  0.000000000000000E+000  0.000000000000000E+000  0.000000000000000E+000
  0.000000000000000E+000  0.000000000000000E+000  0.000000000000000E+000
  0.000000000000000E+000  0.000000000000000E+000  0.000000000000000E+000
  0.000000000000000E+000  0.000000000000000E+000  0.000000000000000E+000
  0.000000000000000E+000  0.000000000000000E+000  0.000000000000000E+000
  0.000000000000000E+000  0.000000000000000E+000  0.000000000000000E+000
  0.000000000000000E+000  0.000000000000000E+000  0.000000000000000E+000
  0.000000000000000E+000  0.000000000000000E+000  0.000000000000000E+000
  0.000000000000000E+000  0.000000000000000E+000  0.000000000000000E+000
  0.000000000000000E+000  0.000000000000000E+000  0.000000000000000E+000
  0.000000000000000E+000  0.000000000000000E+000  0.000000000000000E+000
  0.000000000000000E+000  0.000000000000000E+000  0.000000000000000E+000
  0.000000000000000E+000  0.000000000000000E+000  0.000000000000000E+000
  0.000000000000000E+000  0.000000000000000E+000  0.000000000000000E+000
  0.000000000000000E+000  0.000000000000000E+000  0.000000000000000E+000
  0.000000000000000E+000  0.000000000000000E+000  0.000000000000000E+000
  0.000000000000000E+000  0.000000000000000E+000  0.000000000000000E+000
  0.000000000000000E+000  0.000000000000000E+000  0.000000000000000E+000
  0.000000000000000E+000  0.000000000000000E+000  0.000000000000000E+000
  0.000000000000000E+000  0.000000000000000E+000  0.000000000000000E+000
  0.000000000000000E+000  0.000000000000000E+000  0.000000000000000E+000
  0.000000000000000E+000  0.000000000000000E+000  0.000000000000000E+000
  0.000000000000000E+000  0.000000000000000E+000  0.000000000000000E+000
  0.000000000000000E+000  0.000000000000000E+000  0.000000000000000E+000
  0.000000000000000E+000  0.000000000000000E+000  0.000000000000000E+000
  0.000000000000000E+000  0.000000000000000E+000  0.000000000000000E+000
  0.000000000000000E+000  0.000000000000000E+000  0.000000000000000E+000
  0.000000000000000E+000  0.000000000000000E+000  0.000000000000000E+000
  0.000000000000000E+000  0.000000000000000E+000  0.000000000000000E+000
  0.000000000000000E+000  0.000000000000000E+000  0.000000000000000E+000
  0.000000000000000E+000  0.000000000000000E+000  0.000000000000000E+000
  0.000000000000000E+000  0.000000000000000E+000  0.000000000000000E+000
