  0.997920369913454      -1.041543567116351E-005 -1.041543567045380E-005
  4.440907086753946E-016 -2.083087133431559E-005 -1.041543567116351E-005
  0.995915037652511      -1.351200563375180E-005 -1.804006375678336E-005
  1.351200563395458E-005 -1.041543567045380E-005 -1.351200563375180E-005
  0.995915037652507       1.804006376244964E-005  1.351200563463631E-005
  4.440907086753946E-016 -1.804006375678336E-005  1.804006376244964E-005
  0.997920369913452      -5.191486959336485E-015 -2.083087133431559E-005
  1.351200563395458E-005  1.351200563463631E-005 -5.191486959336485E-015
  0.995915037652507       0.997920367974655      -1.041540275304571E-005
 -1.041540275233600E-005  4.440907086439003E-016 -2.083080549807998E-005
 -1.041540275304571E-005  0.995915033840999      -1.351129822677705E-005
 -1.804000674093084E-005  1.351129822697983E-005 -1.041540275233600E-005
 -1.351129822677705E-005  0.995915033840995       1.804000674659712E-005
  1.351129822766156E-005  4.440907086439003E-016 -1.804000674093084E-005
  1.804000674659712E-005  0.997920367974653      -5.191487277451131E-015
 -2.083080549807998E-005  1.351129822697983E-005  1.351129822766156E-005
 -5.191487277451131E-015  0.995915033840995       0.997923436375181     
 -5.202302154187735E-006 -7.335060327163390E-006  4.114131586761817E-006
  1.866982655987855E-006 -5.202302154187735E-006  0.995905409707317     
 -9.224429628716390E-006  5.159356426526275E-006  4.750611966452927E-006
 -7.335060327163390E-006 -9.224429628716390E-006  0.995932783614042     
  1.270469716148824E-005  9.224429629600928E-006  4.114131586761817E-006
  5.159356426526275E-006  1.270469716148824E-005  0.997918685785221     
 -7.085004037825129E-006  1.866982655987855E-006  4.750611966452927E-006
  9.224429629600928E-006 -7.085004037825129E-006  0.995905409707313     
  0.997923438590838      -5.202315215910760E-006 -7.332431938111007E-006
  4.114797875702505E-006  1.866382682622148E-006 -5.202315215910760E-006
  0.995905413767583      -9.224288660579123E-006  5.158671178147185E-006
  4.749525213092109E-006 -7.332431938111007E-006 -9.224288660579123E-006
  0.995932787203861       1.270014465810745E-005  9.224288661463658E-006
  4.114797875702505E-006  5.158671178147185E-006  1.270014465810745E-005
  0.997918687231514      -7.084672725419539E-006  1.866382682622148E-006
  4.749525213092109E-006  9.224288661463658E-006 -7.084672725419539E-006
  0.995905413767579       0.997923436375181      -7.335060327873144E-006
 -5.202302153478026E-006 -4.114131585908342E-006  1.866982655987864E-006
 -7.335060327873144E-006  0.995932783614046      -9.224429628716436E-006
 -1.270469715582184E-005  9.224429628919196E-006 -5.202302153478026E-006
 -9.224429628716436E-006  0.995905409707313      -5.159356420859899E-006
  4.750611967134747E-006 -4.114131585908342E-006 -1.270469715582184E-005
 -5.159356420859899E-006  0.997918685785221       7.085004027442195E-006
  1.866982655987864E-006  9.224429628919196E-006  4.750611967134747E-006
  7.085004027442195E-006  0.995905409707313       0.997923438590838     
 -7.332431938820760E-006 -5.202315215201050E-006 -4.114797874821274E-006
  1.866382682622158E-006 -7.332431938820760E-006  0.995932787203865     
 -9.224288660579169E-006 -1.270014465244105E-005  9.224288660781926E-006
 -5.202315215201050E-006 -9.224288660579169E-006  0.995905413767579     
 -5.158671172480808E-006  4.749525213773931E-006 -4.114797874821274E-006
 -1.270014465244105E-005 -5.158671172480808E-006  0.997918687231514     
  7.084672715036605E-006  1.866382682622158E-006  9.224288660781926E-006
  4.749525213773931E-006  7.084672715036605E-006  0.995905413767579     
  0.997916310490244       7.069284802164217E-006  7.069284802873845E-006
  4.371590770698816E-016 -1.467012064773465E-005  7.069284802164217E-006
  0.995905409707317      -4.750611966250201E-006 -1.925647606107426E-006
  9.224429628919136E-006  7.069284802873845E-006 -4.750611966250201E-006
  0.995905409707313       1.925647611773744E-006  9.224429629601003E-006
  4.371590770698816E-016 -1.925647606107426E-006  1.925647611773744E-006
  0.997925811670158      -5.191566953353892E-015 -1.467012064773465E-005
  9.224429628919136E-006  9.224429629601003E-006 -5.191566953353892E-015
  0.995932783614042       0.997916311551855       7.068697890521534E-006
  7.068697891231162E-006  4.232812885927160E-016 -1.466486386962988E-005
  7.068697890521534E-006  0.995905413767583      -4.749525212889382E-006
 -1.926001542080927E-006  9.224288660781867E-006  7.068697891231162E-006
 -4.749525212889382E-006  0.995905413767579       1.926001547747245E-006
  9.224288661463732E-006  4.232812885927160E-016 -1.926001542080927E-006
  1.926001547747245E-006  0.997925814270497      -5.191566953918830E-015
 -1.466486386962988E-005  9.224288660781867E-006  9.224288661463732E-006
 -5.191566953918830E-015  0.995932787203861       0.000000000000000E+000
  0.000000000000000E+000  0.000000000000000E+000  0.000000000000000E+000
  0.000000000000000E+000  0.000000000000000E+000  0.000000000000000E+000
  0.000000000000000E+000  0.000000000000000E+000  0.000000000000000E+000
  0.000000000000000E+000  0.000000000000000E+000  0.000000000000000E+000
  0.000000000000000E+000  0.000000000000000E+000  0.000000000000000E+000
  0.000000000000000E+000  0.000000000000000E+000  0.000000000000000E+000
  0.000000000000000E+000  0.000000000000000E+000  0.000000000000000E+000
  0.000000000000000E+000  0.000000000000000E+000  0.000000000000000E+000
  0.000000000000000E+000  0.000000000000000E+000  0.000000000000000E+000
  0.000000000000000E+000  0.000000000000000E+000  0.000000000000000E+000
  0.000000000000000E+000  0.000000000000000E+000  0.000000000000000E+000
  0.000000000000000E+000  0.000000000000000E+000  0.000000000000000E+000
  0.000000000000000E+000  0.000000000000000E+000  0.000000000000000E+000
  0.000000000000000E+000  0.000000000000000E+000  0.000000000000000E+000
  0.000000000000000E+000  0.000000000000000E+000  0.000000000000000E+000
  0.000000000000000E+000  0.000000000000000E+000  0.000000000000000E+000
  0.000000000000000E+000  0.000000000000000E+000  0.000000000000000E+000
  0.000000000000000E+000  0.000000000000000E+000  0.000000000000000E+000
  0.000000000000000E+000  0.000000000000000E+000  0.000000000000000E+000
  0.000000000000000E+000  0.000000000000000E+000  0.000000000000000E+000
  0.000000000000000E+000  0.000000000000000E+000  0.000000000000000E+000
  0.000000000000000E+000  0.000000000000000E+000  0.000000000000000E+000
  0.000000000000000E+000  0.000000000000000E+000  0.000000000000000E+000
  0.000000000000000E+000  0.000000000000000E+000  0.000000000000000E+000
  0.000000000000000E+000  0.000000000000000E+000  0.000000000000000E+000
  0.000000000000000E+000  0.000000000000000E+000  0.000000000000000E+000
  0.000000000000000E+000  0.000000000000000E+000  0.000000000000000E+000
  0.000000000000000E+000  0.000000000000000E+000  0.000000000000000E+000
  0.000000000000000E+000  0.000000000000000E+000  0.000000000000000E+000
  0.000000000000000E+000  0.000000000000000E+000  0.000000000000000E+000
  0.000000000000000E+000  0.000000000000000E+000  0.000000000000000E+000
  0.000000000000000E+000  0.000000000000000E+000  0.000000000000000E+000
  0.000000000000000E+000  0.000000000000000E+000  0.000000000000000E+000
  0.000000000000000E+000  0.000000000000000E+000  0.000000000000000E+000
  0.000000000000000E+000  0.000000000000000E+000  0.000000000000000E+000
  0.000000000000000E+000  0.000000000000000E+000  0.000000000000000E+000
  0.000000000000000E+000  0.000000000000000E+000  0.000000000000000E+000
  0.000000000000000E+000  0.000000000000000E+000  0.000000000000000E+000
  0.000000000000000E+000  0.000000000000000E+000  0.000000000000000E+000
  0.000000000000000E+000  0.000000000000000E+000  0.000000000000000E+000
  0.000000000000000E+000  0.000000000000000E+000  0.000000000000000E+000
  0.000000000000000E+000  0.000000000000000E+000  0.000000000000000E+000
  0.000000000000000E+000  0.000000000000000E+000  0.000000000000000E+000
  0.000000000000000E+000  0.000000000000000E+000  0.000000000000000E+000
  0.000000000000000E+000  0.000000000000000E+000  0.000000000000000E+000
  0.000000000000000E+000  0.000000000000000E+000  0.000000000000000E+000
  0.000000000000000E+000  0.000000000000000E+000  0.000000000000000E+000
  0.000000000000000E+000  0.000000000000000E+000  0.000000000000000E+000
  0.000000000000000E+000  0.000000000000000E+000  0.000000000000000E+000
  0.000000000000000E+000  0.000000000000000E+000  0.000000000000000E+000
  0.000000000000000E+000  0.000000000000000E+000  0.000000000000000E+000
  0.000000000000000E+000  0.000000000000000E+000  0.000000000000000E+000
  0.000000000000000E+000  0.000000000000000E+000  0.000000000000000E+000
  0.000000000000000E+000  0.000000000000000E+000  0.000000000000000E+000
  0.000000000000000E+000  0.000000000000000E+000  0.000000000000000E+000
  0.000000000000000E+000  0.000000000000000E+000  0.000000000000000E+000
  0.000000000000000E+000  0.000000000000000E+000  0.000000000000000E+000
  0.000000000000000E+000  0.000000000000000E+000  0.000000000000000E+000
  0.000000000000000E+000  0.000000000000000E+000  0.000000000000000E+000
  0.000000000000000E+000  0.000000000000000E+000  0.000000000000000E+000
  0.000000000000000E+000  0.000000000000000E+000  0.000000000000000E+000
  0.000000000000000E+000  0.000000000000000E+000  0.000000000000000E+000
  0.000000000000000E+000  0.000000000000000E+000  0.000000000000000E+000
  0.000000000000000E+000  0.000000000000000E+000  0.000000000000000E+000
  0.000000000000000E+000  0.000000000000000E+000  0.000000000000000E+000
  0.000000000000000E+000  0.000000000000000E+000  0.000000000000000E+000
  0.000000000000000E+000  0.997891001691183      -1.499815346107590E-004
 -1.499815346100485E-004  4.300237707601747E-016  6.458796961447215E-005
 -1.499815346107590E-004  0.995714811269579      -2.053659457548618E-004
 -2.059172759397599E-005  4.797566870553440E-005 -1.499815346100485E-004
 -2.053659457548618E-004  0.995714811269575       2.059172759963977E-005
  4.797566870621612E-005  4.300237707601747E-016 -2.059172759397599E-005
  2.059172759963977E-005  0.997937356391079      -5.191591128866755E-015
  6.458796961447215E-005  4.797566870553440E-005  4.797566870621612E-005
 -5.191591128866755E-015  0.995986631420496       0.997891001729358     
 -1.499808604235600E-004 -1.499808604228495E-004  4.369626651988107E-016
  6.458796019008509E-005 -1.499808604235600E-004  0.995714811420374     
 -2.053667452429385E-004 -2.059130258921533E-005  4.797474386174910E-005
 -1.499808604228495E-004 -2.053667452429385E-004  0.995714811420370     
  2.059130259487911E-005  4.797474386243082E-005  4.369626651988107E-016
 -2.059130258921533E-005  2.059130259487911E-005  0.997937357626353     
 -5.191591976971683E-015  6.458796019008509E-005  4.797474386174910E-005
  4.797474386243082E-005 -5.191591976971683E-015  0.995986632682929     
  0.997881485842758       1.097741468945627E-004 -1.280463356041502E-004
  1.575547729206075E-006 -3.849931532898738E-005  1.097741468945627E-004
  0.995714878762228       1.960124608133056E-004  5.749686143005327E-006
  4.659340979758250E-005 -1.280463356041502E-004  1.960124608133056E-004
  0.995743332218495       1.639399573999135E-005 -2.168711416878963E-005
  1.575547729206075E-006  5.749686143005327E-006  1.639399573999135E-005
  0.997956809254836       8.724967516271243E-006 -3.849931532898738E-005
  4.659340979758250E-005 -2.168711416878963E-005  8.724967516271243E-006
  0.996021987826567       0.997881486912556       1.097745985281626E-004
 -1.280470379944352E-004  1.575514642346434E-006 -3.849903678203381E-005
  1.097745985281626E-004  0.995714881012215       1.960130729559574E-004
  5.750382168918857E-006  4.659296928914601E-005 -1.280470379944352E-004
  1.960130729559574E-004  0.995743333702120       1.639462657880220E-005
 -2.168671466574681E-005  1.575514642346434E-006  5.750382168918857E-006
  1.639462657880220E-005  0.997956811006152       8.724885384990207E-006
 -3.849903678203381E-005  4.659296928914601E-005 -2.168671466574681E-005
  8.724885384990207E-006  0.996021990859514       0.997881485842758     
 -1.280463356048595E-004  1.097741468952719E-004 -1.575547728324852E-006
 -3.849931532898762E-005 -1.280463356048595E-004  0.995743332218499     
  1.960124608133055E-004 -1.639399573432461E-005 -2.168711416947214E-005
  1.097741468952719E-004  1.960124608133055E-004  0.995714878762224     
 -5.749686137339223E-006  4.659340979826513E-005 -1.575547728324852E-006
 -1.639399573432461E-005 -5.749686137339223E-006  0.997956809254835     
 -8.724967526655110E-006 -3.849931532898762E-005 -2.168711416947214E-005
  4.659340979826513E-005 -8.724967526655110E-006  0.996021987826567     
  0.997881486912556      -1.280470379951446E-004  1.097745985288718E-004
 -1.575514641479089E-006 -3.849903678203405E-005 -1.280470379951446E-004
  0.995743333702124       1.960130729559573E-004 -1.639462657313547E-005
 -2.168671466642931E-005  1.097745985288718E-004  1.960130729559573E-004
  0.995714881012211      -5.750382163252753E-006  4.659296928982863E-005
 -1.575514641479089E-006 -1.639462657313547E-005 -5.750382163252753E-006
  0.997956811006152      -8.724885395374076E-006 -3.849903678203405E-005
 -2.168671466642931E-005  4.659296928982863E-005 -8.724885395374076E-006
  0.996021990859513       0.997948255956738      -3.655155584349339E-005
 -3.655155584278361E-005  4.163456751495857E-016 -3.885334959880158E-005
 -3.655155584349339E-005  0.995824585495762      -8.264834628236636E-005
 -5.168055850336058E-005  9.061410190484341E-005 -3.655155584278361E-005
 -8.264834628236636E-005  0.995824585495758       5.168055850902535E-005
  9.061410190552491E-005  4.163456751495857E-016 -5.168055850336058E-005
  5.168055850902535E-005  0.997919146578065      -5.191288993323962E-015
 -3.885334959880158E-005  9.061410190484341E-005  9.061410190552491E-005
 -5.191288993323962E-015  0.995964809189497       0.997948252541027     
 -3.655121038699022E-005 -3.655121038628044E-005  4.302234629362003E-016
 -3.885322456385735E-005 -3.655121038699022E-005  0.995824579455386     
 -8.264778311835153E-005 -5.167979971165674E-005  9.061465593455266E-005
 -3.655121038628044E-005 -8.264778311835153E-005  0.995824579455382     
  5.167979971732151E-005  9.061465593523414E-005  4.302234629362003E-016
 -5.167979971165674E-005  5.167979971732151E-005  0.997919143125937     
 -5.191289203870666E-015 -3.885322456385735E-005  9.061465593455266E-005
  9.061465593523414E-005 -5.191289203870666E-015  0.995964803824493     
  0.000000000000000E+000  0.000000000000000E+000  0.000000000000000E+000
  0.000000000000000E+000  0.000000000000000E+000  0.000000000000000E+000
  0.000000000000000E+000  0.000000000000000E+000  0.000000000000000E+000
  0.000000000000000E+000  0.000000000000000E+000  0.000000000000000E+000
  0.000000000000000E+000  0.000000000000000E+000  0.000000000000000E+000
  0.000000000000000E+000  0.000000000000000E+000  0.000000000000000E+000
  0.000000000000000E+000  0.000000000000000E+000  0.000000000000000E+000
  0.000000000000000E+000  0.000000000000000E+000  0.000000000000000E+000
  0.000000000000000E+000  0.000000000000000E+000  0.000000000000000E+000
  0.000000000000000E+000  0.000000000000000E+000  0.000000000000000E+000
  0.000000000000000E+000  0.000000000000000E+000  0.000000000000000E+000
  0.000000000000000E+000  0.000000000000000E+000  0.000000000000000E+000
  0.000000000000000E+000  0.000000000000000E+000  0.000000000000000E+000
  0.000000000000000E+000  0.000000000000000E+000  0.000000000000000E+000
  0.000000000000000E+000  0.000000000000000E+000  0.000000000000000E+000
  0.000000000000000E+000  0.000000000000000E+000  0.000000000000000E+000
  0.000000000000000E+000  0.000000000000000E+000  0.000000000000000E+000
  0.000000000000000E+000  0.000000000000000E+000  0.000000000000000E+000
  0.000000000000000E+000  0.000000000000000E+000  0.000000000000000E+000
  0.000000000000000E+000  0.000000000000000E+000  0.000000000000000E+000
  0.000000000000000E+000  0.000000000000000E+000  0.000000000000000E+000
  0.000000000000000E+000  0.000000000000000E+000  0.000000000000000E+000
  0.000000000000000E+000  0.000000000000000E+000  0.000000000000000E+000
  0.000000000000000E+000  0.000000000000000E+000  0.000000000000000E+000
  0.000000000000000E+000  0.000000000000000E+000  0.000000000000000E+000
  0.000000000000000E+000  0.000000000000000E+000  0.000000000000000E+000
  0.000000000000000E+000  0.000000000000000E+000  0.000000000000000E+000
  0.000000000000000E+000  0.000000000000000E+000  0.000000000000000E+000
  0.000000000000000E+000  0.000000000000000E+000  0.000000000000000E+000
  0.000000000000000E+000  0.000000000000000E+000  0.000000000000000E+000
  0.000000000000000E+000  0.000000000000000E+000  0.000000000000000E+000
  0.000000000000000E+000  0.000000000000000E+000  0.000000000000000E+000
  0.000000000000000E+000  0.000000000000000E+000  0.000000000000000E+000
  0.000000000000000E+000  0.000000000000000E+000  0.000000000000000E+000
  0.000000000000000E+000  0.000000000000000E+000  0.000000000000000E+000
  0.000000000000000E+000  0.000000000000000E+000  0.000000000000000E+000
  0.000000000000000E+000  0.000000000000000E+000  0.000000000000000E+000
  0.000000000000000E+000  0.000000000000000E+000  0.000000000000000E+000
  0.000000000000000E+000  0.000000000000000E+000  0.000000000000000E+000
  0.000000000000000E+000  0.000000000000000E+000  0.000000000000000E+000
  0.000000000000000E+000  0.000000000000000E+000  0.000000000000000E+000
  0.000000000000000E+000  0.000000000000000E+000  0.000000000000000E+000
  0.000000000000000E+000  0.000000000000000E+000  0.000000000000000E+000
  0.000000000000000E+000  0.000000000000000E+000  0.000000000000000E+000
  0.000000000000000E+000  0.000000000000000E+000  0.000000000000000E+000
  0.000000000000000E+000  0.000000000000000E+000  0.000000000000000E+000
  0.000000000000000E+000  0.000000000000000E+000  0.000000000000000E+000
  0.000000000000000E+000  0.000000000000000E+000  0.000000000000000E+000
  0.000000000000000E+000  0.000000000000000E+000  0.000000000000000E+000
  0.000000000000000E+000  0.000000000000000E+000  0.000000000000000E+000
  0.000000000000000E+000  0.000000000000000E+000  0.000000000000000E+000
  0.000000000000000E+000  0.000000000000000E+000  0.000000000000000E+000
  0.000000000000000E+000  0.000000000000000E+000  0.000000000000000E+000
  0.000000000000000E+000  0.000000000000000E+000  0.000000000000000E+000
  0.000000000000000E+000  0.000000000000000E+000  0.000000000000000E+000
  0.000000000000000E+000  0.000000000000000E+000  0.000000000000000E+000
  0.000000000000000E+000  0.000000000000000E+000  0.000000000000000E+000
  0.000000000000000E+000  0.000000000000000E+000  0.000000000000000E+000
  0.000000000000000E+000  0.000000000000000E+000  0.000000000000000E+000
  0.000000000000000E+000  0.000000000000000E+000  0.000000000000000E+000
  0.000000000000000E+000  0.000000000000000E+000  0.000000000000000E+000
  0.000000000000000E+000  0.000000000000000E+000  0.000000000000000E+000
  0.000000000000000E+000  0.000000000000000E+000  0.000000000000000E+000
  0.000000000000000E+000  0.000000000000000E+000  0.000000000000000E+000
  0.000000000000000E+000  0.000000000000000E+000  0.000000000000000E+000
  0.000000000000000E+000  0.000000000000000E+000  0.000000000000000E+000
  0.000000000000000E+000  0.000000000000000E+000  0.997925767716107     
  3.229398480323055E-005  5.715780809441916E-005 -2.007217384794591E-005
 -9.282372650904027E-005  3.229398480323055E-005  0.995986631420500     
 -4.797566870533215E-005  5.593482246668969E-005  4.797566870553487E-005
  5.715780809441916E-005 -4.797566870533215E-005  0.995714811269575     
  1.401836828698262E-004  2.053659457557457E-004 -2.007217384794591E-005
  5.593482246668969E-005  1.401836828698262E-004  0.997902590366155     
 -1.195919552753769E-004 -9.282372650904027E-005  4.797566870553487E-005
  2.053659457557457E-004 -1.195919552753769E-004  0.995714811269575     
  0.997925768652106       3.229398009103703E-005  5.715783906573913E-005
 -2.007269220700298E-005 -9.282302135052130E-005  3.229398009103703E-005
  0.995986632682933      -4.797474386154684E-005  5.593481430493109E-005
  4.797474386174958E-005  5.715783906573913E-005 -4.797474386154684E-005
  0.995714811420370       1.401828865042047E-004  2.053667452438224E-004
 -2.007269220700298E-005  5.593481430493109E-005  1.401828865042047E-004
  0.997902590703605      -1.195915839145160E-004 -9.282302135052130E-005
  4.797474386174958E-005  2.053667452438224E-004 -1.195915839145160E-004
  0.995714811420370       0.997939342866176      -1.169361414771869E-005
  4.982555102020061E-005 -3.182822031558978E-005  5.986644771144284E-005
 -1.169361414771869E-005  0.996021987826571       2.168711416967451E-005
 -3.770386886224325E-005  4.659340979758295E-005  4.982555102020061E-005
  2.168711416967451E-005  0.995743332218495       1.190883773638268E-004
 -1.960124608124210E-004 -3.182822031558978E-005 -3.770386886224325E-005
  1.190883773638268E-004  0.997898952231418       9.219235681708006E-005
  5.986644771144284E-005  4.659340979758295E-005 -1.960124608124210E-004
  9.219235681708006E-005  0.995714878762224       0.997939344418458     
 -1.169354600201773E-005  4.982535589290725E-005 -3.182853196469214E-005
  5.986727630436561E-005 -1.169354600201773E-005  0.996021990859518     
  2.168671466663169E-005 -3.770358656786478E-005  4.659296928914645E-005
  4.982535589290725E-005  2.168671466663169E-005  0.995743333702120     
  1.190893010710625E-004 -1.960130729550728E-004 -3.182853196469214E-005
 -3.770358656786478E-005  1.190893010710625E-004  0.997898953500250     
  9.219239993029404E-005  5.986727630436561E-005  4.659296928914645E-005
 -1.960130729550728E-004  9.219239993029404E-005  0.995714881012211     
  0.997926423922735      -1.942667480340623E-005 -2.648089863070027E-005
  1.260473070936741E-005 -6.303245446689348E-005 -1.942667480340623E-005
  0.995964809189501      -9.061410190464070E-005 -3.364798777298111E-005
  9.061410190484362E-005 -2.648089863070027E-005 -9.061410190464070E-005
  0.995824585495758       5.749485516133813E-005  8.264834628325053E-005
  1.260473070936741E-005 -3.364798777298111E-005  5.749485516133813E-005
  0.997940978612068      -5.814296657503591E-006 -6.303245446689348E-005
  9.061410190484362E-005  8.264834628325053E-005 -5.814296657503591E-006
  0.995824585495758       0.997926420479711      -1.942661228593412E-005
 -2.648041422606014E-005  1.260474647819116E-005 -6.303162460575019E-005
 -1.942661228593412E-005  0.995964803824497      -9.061465593434992E-005
 -3.364787948954305E-005  9.061465593455285E-005 -2.648041422606014E-005
 -9.061465593434992E-005  0.995824579455382       5.749417659137857E-005
  8.264778311923570E-005  1.260474647819116E-005 -3.364787948954305E-005
  5.749417659137857E-005  0.997940975187253      -5.814376879247856E-006
 -6.303162460575019E-005  9.061465593455285E-005  8.264778311923570E-005
 -5.814376879247856E-006  0.995824579455382       0.997936613937460     
 -2.680570118928116E-005 -4.990769919042116E-005 -3.340376804433778E-005
 -7.822078457735692E-005 -2.680570118928116E-005  0.996021987826571     
 -4.659340979738033E-005 -2.897890134078007E-005 -2.168711416947178E-005
 -4.990769919042116E-005 -4.659340979738033E-005  0.995714878762224     
 -9.794204295961038E-005 -1.960124608124206E-004 -3.340376804433778E-005
 -2.897890134078007E-005 -9.794204295961038E-005  0.997901681160134     
 -1.026943816290266E-004 -7.822078457735692E-005 -2.168711416947178E-005
 -1.960124608124206E-004 -1.026943816290266E-004  0.995743332218495     
  0.997936615547050      -2.680549078802855E-005 -4.990732223109831E-005
 -3.340404660662907E-005 -7.822168209493534E-005 -2.680549078802855E-005
  0.996021990859518      -4.659296928894384E-005 -2.897870117768265E-005
 -2.168671466642895E-005 -4.990732223109831E-005 -4.659296928894384E-005
  0.995714881012211      -9.794278209873788E-005 -1.960130729550724E-004
 -3.340404660662907E-005 -2.897870117768265E-005 -9.794278209873788E-005
  0.997901682371657      -1.026946744974514E-004 -7.822168209493534E-005
 -2.168671466642895E-005 -1.960130729550724E-004 -1.026946744974514E-004
  0.995743333702120       0.000000000000000E+000  0.000000000000000E+000
  0.000000000000000E+000  0.000000000000000E+000  0.000000000000000E+000
  0.000000000000000E+000  0.000000000000000E+000  0.000000000000000E+000
  0.000000000000000E+000  0.000000000000000E+000  0.000000000000000E+000
  0.000000000000000E+000  0.000000000000000E+000  0.000000000000000E+000
  0.000000000000000E+000  0.000000000000000E+000  0.000000000000000E+000
  0.000000000000000E+000  0.000000000000000E+000  0.000000000000000E+000
  0.000000000000000E+000  0.000000000000000E+000  0.000000000000000E+000
  0.000000000000000E+000  0.000000000000000E+000  0.000000000000000E+000
  0.000000000000000E+000  0.000000000000000E+000  0.000000000000000E+000
  0.000000000000000E+000  0.000000000000000E+000  0.000000000000000E+000
  0.000000000000000E+000  0.000000000000000E+000  0.000000000000000E+000
  0.000000000000000E+000  0.000000000000000E+000  0.000000000000000E+000
  0.000000000000000E+000  0.000000000000000E+000  0.000000000000000E+000
  0.000000000000000E+000  0.000000000000000E+000  0.000000000000000E+000
  0.000000000000000E+000  0.000000000000000E+000  0.000000000000000E+000
  0.000000000000000E+000  0.000000000000000E+000  0.000000000000000E+000
  0.000000000000000E+000  0.000000000000000E+000  0.000000000000000E+000
  0.000000000000000E+000  0.000000000000000E+000  0.000000000000000E+000
  0.000000000000000E+000  0.000000000000000E+000  0.000000000000000E+000
  0.000000000000000E+000  0.000000000000000E+000  0.000000000000000E+000
  0.000000000000000E+000  0.000000000000000E+000  0.000000000000000E+000
  0.000000000000000E+000  0.000000000000000E+000  0.000000000000000E+000
  0.000000000000000E+000  0.000000000000000E+000  0.000000000000000E+000
  0.000000000000000E+000  0.000000000000000E+000  0.000000000000000E+000
  0.000000000000000E+000  0.000000000000000E+000  0.000000000000000E+000
  0.000000000000000E+000  0.000000000000000E+000  0.000000000000000E+000
  0.000000000000000E+000  0.000000000000000E+000  0.000000000000000E+000
  0.000000000000000E+000  0.000000000000000E+000  0.000000000000000E+000
  0.000000000000000E+000  0.000000000000000E+000  0.000000000000000E+000
  0.000000000000000E+000  0.000000000000000E+000  0.000000000000000E+000
  0.000000000000000E+000  0.000000000000000E+000  0.000000000000000E+000
  0.000000000000000E+000  0.000000000000000E+000  0.000000000000000E+000
  0.000000000000000E+000  0.000000000000000E+000  0.000000000000000E+000
  0.000000000000000E+000  0.000000000000000E+000  0.000000000000000E+000
  0.000000000000000E+000  0.000000000000000E+000  0.000000000000000E+000
  0.000000000000000E+000  0.000000000000000E+000  0.000000000000000E+000
  0.000000000000000E+000  0.000000000000000E+000  0.000000000000000E+000
  0.000000000000000E+000  0.000000000000000E+000  0.000000000000000E+000
  0.000000000000000E+000  0.000000000000000E+000  0.000000000000000E+000
  0.000000000000000E+000  0.000000000000000E+000  0.000000000000000E+000
  0.000000000000000E+000  0.000000000000000E+000  0.000000000000000E+000
  0.000000000000000E+000  0.000000000000000E+000  0.000000000000000E+000
  0.000000000000000E+000  0.000000000000000E+000  0.000000000000000E+000
  0.000000000000000E+000  0.000000000000000E+000  0.000000000000000E+000
  0.000000000000000E+000  0.000000000000000E+000  0.000000000000000E+000
  0.000000000000000E+000  0.000000000000000E+000  0.000000000000000E+000
  0.000000000000000E+000  0.000000000000000E+000  0.000000000000000E+000
  0.000000000000000E+000  0.000000000000000E+000  0.000000000000000E+000
  0.000000000000000E+000  0.000000000000000E+000  0.000000000000000E+000
  0.000000000000000E+000  0.000000000000000E+000  0.000000000000000E+000
  0.000000000000000E+000  0.000000000000000E+000  0.000000000000000E+000
  0.000000000000000E+000  0.000000000000000E+000  0.000000000000000E+000
  0.000000000000000E+000  0.000000000000000E+000  0.000000000000000E+000
  0.000000000000000E+000  0.000000000000000E+000  0.000000000000000E+000
  0.000000000000000E+000  0.000000000000000E+000  0.000000000000000E+000
  0.000000000000000E+000  0.000000000000000E+000  0.000000000000000E+000
  0.000000000000000E+000  0.000000000000000E+000  0.000000000000000E+000
  0.000000000000000E+000  0.000000000000000E+000  0.000000000000000E+000
  0.000000000000000E+000  0.000000000000000E+000  0.000000000000000E+000
  0.000000000000000E+000  0.000000000000000E+000  0.000000000000000E+000
  0.000000000000000E+000  0.000000000000000E+000  0.000000000000000E+000
  0.000000000000000E+000  0.000000000000000E+000  0.000000000000000E+000
  0.000000000000000E+000  0.000000000000000E+000  0.000000000000000E+000
  0.000000000000000E+000  0.000000000000000E+000  0.000000000000000E+000
  0.000000000000000E+000  0.000000000000000E+000  0.000000000000000E+000
  0.000000000000000E+000  0.000000000000000E+000  0.000000000000000E+000
  0.997915445380225       9.143142474033971E-006 -5.744779261713461E-005
 -4.138714174123331E-006 -2.285542129478019E-005  9.143142474033971E-006
  0.995947485146932       5.973238383013600E-005 -3.166996304320367E-005
  9.099355360342813E-005 -5.744779261713461E-005  5.973238383013600E-005
  0.995946115367402       9.950249559381571E-005 -5.973238382925128E-005
 -4.138714174123331E-006 -3.166996304320367E-005  9.950249559381571E-005
  0.997920224355708       2.375317517366284E-005 -2.285542129478019E-005
  9.099355360342813E-005 -5.973238382925128E-005  2.375317517366284E-005
  0.995947485146928       0.997915443109861       9.142943092142737E-006
 -5.744669034836041E-005 -4.138963957095415E-006 -2.285576592547671E-005
  9.142943092142737E-006  0.995947482986813       5.973261175077688E-005
 -3.167024587526591E-005  9.099194202426623E-005 -5.744669034836041E-005
  5.973261175077688E-005  0.995946112124381       9.950058640829519E-005
 -5.973261174989217E-005 -4.138963957095415E-006 -3.167024587526591E-005
  9.950058640829519E-005  0.997920222373769       2.375314391991110E-005
 -2.285576592547671E-005  9.099194202426623E-005 -5.973261174989217E-005
  2.375314391991110E-005  0.995947482986809       0.997900133438150     
  4.236520522972569E-006 -6.580927224126274E-005  1.617037870722811E-005
  4.541776415107191E-005  4.236520522972569E-006  0.995953466679809     
 -4.449357980806859E-005  4.999796045224556E-005  1.054417604651378E-004
 -6.580927224126274E-005 -4.449357980806859E-005  0.995918019298948     
  1.139850031292577E-004  4.449357980895286E-005  1.617037870722811E-005
  4.999796045224556E-005  1.139850031292577E-004  0.997881461493150     
 -2.133004583044711E-005  4.541776415107191E-005  1.054417604651378E-004
  4.449357980895286E-005 -2.133004583044711E-005  0.995953466679805     
  0.997900132378176       4.236029032310857E-006 -6.580986152180911E-005
  1.617005356311509E-005  4.541705179824605E-005  4.236029032310857E-006
  0.995953465047250      -4.449450635824027E-005  4.999742166031986E-005
  1.054408159127853E-004 -6.580986152180911E-005 -4.449450635824027E-005
  0.995918017064111       1.139860237931039E-004  4.449450635912454E-005
  1.617005356311509E-005  4.999742166031986E-005  1.139860237931039E-004
  0.997881460808620      -2.133020207788303E-005  4.541705179824605E-005
  1.054408159127853E-004  4.449450635912454E-005 -2.133020207788303E-005
  0.995953465047246       0.997880286479666       6.891012261222947E-005
  6.423943608073133E-005  4.927091908190493E-005  1.390195020721439E-004
  6.891012261222947E-005  0.995928757905117       9.588819958027821E-005
  7.584163175289060E-005  5.622843177352118E-005  6.423943608073133E-005
  9.588819958027821E-005  0.995930630247975       3.084538372579916E-005
 -4.941602034974349E-005  4.927091908190493E-005  7.584163175289060E-005
  3.084538372579916E-005  0.997928307344737       3.332407775955064E-005
  1.390195020721439E-004  5.622843177352118E-005 -4.941602034974349E-005
  3.332407775955064E-005  0.995974175938818       0.997880283899951     
  6.890960346502619E-005  6.423967649461172E-005  4.927104794612978E-005
  1.390194691399597E-004  6.890960346502619E-005  0.995928754385620     
  9.588898677420026E-005  7.584123697857120E-005  5.622912272961233E-005
  6.423967649461172E-005  9.588898677420026E-005  0.995930626171820     
  3.084488727048426E-005 -4.941505646438850E-005  4.927104794612978E-005
  7.584123697857120E-005  3.084488727048426E-005  0.997928304864943     
  3.332439181957084E-005  1.390194691399597E-004  5.622912272961233E-005
 -4.941505646438850E-005  3.332439181957084E-005  0.995974171708631     
  0.997958971996063       9.836924893402109E-005 -5.883260393789513E-005
  3.841815008849596E-006  1.001358410691140E-004  9.836924893402109E-005
  0.995974175938822       4.941602035062824E-005  1.037323815352680E-004
  5.622843177352121E-005 -5.883260393789513E-005  4.941602035062824E-005
  0.995930630247975      -4.021029170867111E-005 -9.588819957939334E-005
  3.841815008849596E-006  1.037323815352680E-004 -4.021029170867111E-005
  0.997849621828340       2.175710088277316E-005  1.001358410691140E-004
  5.622843177352121E-005 -9.588819957939334E-005  2.175710088277316E-005
  0.995928757905113       0.997958969602889       9.836950445188481E-005
 -5.883229420192078E-005  3.841836173752759E-006  1.001352396109230E-004
  9.836950445188481E-005  0.995974171708635       4.941505646527324E-005
  1.037321959851498E-004  5.622912272961236E-005 -5.883229420192078E-005
  4.941505646527324E-005  0.995930626171820      -4.021074814085640E-005
 -9.588898677331538E-005  3.841836173752759E-006  1.037321959851498E-004
 -4.021074814085640E-005  0.997849619162005       2.175684867526649E-005
  1.001352396109230E-004  5.622912272961236E-005 -9.588898677331538E-005
  2.175684867526649E-005  0.995928754385616       0.000000000000000E+000
  0.000000000000000E+000  0.000000000000000E+000  0.000000000000000E+000
  0.000000000000000E+000  0.000000000000000E+000  0.000000000000000E+000
  0.000000000000000E+000  0.000000000000000E+000  0.000000000000000E+000
  0.000000000000000E+000  0.000000000000000E+000  0.000000000000000E+000
  0.000000000000000E+000  0.000000000000000E+000  0.000000000000000E+000
  0.000000000000000E+000  0.000000000000000E+000  0.000000000000000E+000
  0.000000000000000E+000  0.000000000000000E+000  0.000000000000000E+000
  0.000000000000000E+000  0.000000000000000E+000  0.000000000000000E+000
  0.000000000000000E+000  0.000000000000000E+000  0.000000000000000E+000
  0.000000000000000E+000  0.000000000000000E+000  0.000000000000000E+000
  0.000000000000000E+000  0.000000000000000E+000  0.000000000000000E+000
  0.000000000000000E+000  0.000000000000000E+000  0.000000000000000E+000
  0.000000000000000E+000  0.000000000000000E+000  0.000000000000000E+000
  0.000000000000000E+000  0.000000000000000E+000  0.000000000000000E+000
  0.000000000000000E+000  0.000000000000000E+000  0.000000000000000E+000
  0.000000000000000E+000  0.000000000000000E+000  0.000000000000000E+000
  0.000000000000000E+000  0.000000000000000E+000  0.000000000000000E+000
  0.000000000000000E+000  0.000000000000000E+000  0.000000000000000E+000
  0.000000000000000E+000  0.000000000000000E+000  0.000000000000000E+000
  0.000000000000000E+000  0.000000000000000E+000  0.000000000000000E+000
  0.000000000000000E+000  0.000000000000000E+000  0.000000000000000E+000
  0.000000000000000E+000  0.000000000000000E+000  0.000000000000000E+000
  0.000000000000000E+000  0.000000000000000E+000  0.000000000000000E+000
  0.000000000000000E+000  0.000000000000000E+000  0.000000000000000E+000
  0.000000000000000E+000  0.000000000000000E+000  0.000000000000000E+000
  0.000000000000000E+000  0.000000000000000E+000  0.000000000000000E+000
  0.000000000000000E+000  0.000000000000000E+000  0.000000000000000E+000
  0.000000000000000E+000  0.000000000000000E+000  0.000000000000000E+000
  0.000000000000000E+000  0.000000000000000E+000  0.000000000000000E+000
  0.000000000000000E+000  0.000000000000000E+000  0.000000000000000E+000
  0.000000000000000E+000  0.000000000000000E+000  0.000000000000000E+000
  0.000000000000000E+000  0.000000000000000E+000  0.000000000000000E+000
  0.000000000000000E+000  0.000000000000000E+000  0.000000000000000E+000
  0.000000000000000E+000  0.000000000000000E+000  0.000000000000000E+000
  0.000000000000000E+000  0.000000000000000E+000  0.000000000000000E+000
  0.000000000000000E+000  0.000000000000000E+000  0.000000000000000E+000
  0.000000000000000E+000  0.000000000000000E+000  0.000000000000000E+000
  0.000000000000000E+000  0.000000000000000E+000  0.000000000000000E+000
  0.000000000000000E+000  0.000000000000000E+000  0.000000000000000E+000
  0.000000000000000E+000  0.000000000000000E+000  0.000000000000000E+000
  0.000000000000000E+000  0.000000000000000E+000  0.000000000000000E+000
  0.000000000000000E+000  0.000000000000000E+000  0.000000000000000E+000
  0.000000000000000E+000  0.000000000000000E+000  0.000000000000000E+000
  0.000000000000000E+000  0.000000000000000E+000  0.000000000000000E+000
  0.000000000000000E+000  0.000000000000000E+000  0.000000000000000E+000
  0.000000000000000E+000  0.000000000000000E+000  0.000000000000000E+000
  0.000000000000000E+000  0.000000000000000E+000  0.000000000000000E+000
  0.000000000000000E+000  0.000000000000000E+000  0.000000000000000E+000
  0.000000000000000E+000  0.000000000000000E+000  0.000000000000000E+000
  0.000000000000000E+000  0.000000000000000E+000  0.000000000000000E+000
  0.000000000000000E+000  0.000000000000000E+000  0.000000000000000E+000
  0.000000000000000E+000  0.000000000000000E+000  0.000000000000000E+000
  0.000000000000000E+000  0.000000000000000E+000  0.000000000000000E+000
  0.000000000000000E+000  0.000000000000000E+000  0.000000000000000E+000
  0.000000000000000E+000  0.000000000000000E+000  0.000000000000000E+000
  0.000000000000000E+000  0.000000000000000E+000  0.000000000000000E+000
  0.000000000000000E+000  0.000000000000000E+000  0.000000000000000E+000
  0.000000000000000E+000  0.000000000000000E+000  0.000000000000000E+000
  0.000000000000000E+000  0.000000000000000E+000  0.000000000000000E+000
  0.000000000000000E+000  0.000000000000000E+000  0.000000000000000E+000
  0.000000000000000E+000  0.000000000000000E+000  0.000000000000000E+000
  0.000000000000000E+000  0.000000000000000E+000  0.000000000000000E+000
  0.000000000000000E+000  0.000000000000000E+000  0.000000000000000E+000
  0.000000000000000E+000  0.000000000000000E+000  0.000000000000000E+000
  0.000000000000000E+000  0.000000000000000E+000  0.000000000000000E+000
  0.000000000000000E+000  0.000000000000000E+000  0.000000000000000E+000
  0.000000000000000E+000  0.997925767716107       5.715780809370990E-005
  3.229398480393995E-005  2.007217384882039E-005 -9.282372650904033E-005
  5.715780809370990E-005  0.995714811269579      -4.797566870533128E-005
 -1.401836828641634E-004  2.053659457550648E-004  3.229398480393995E-005
 -4.797566870533128E-005  0.995986631420496      -5.593482246102281E-005
  4.797566870621582E-005  2.007217384882039E-005 -1.401836828641634E-004
 -5.593482246102281E-005  0.997902590366156       1.195919552649967E-004
 -9.282372650904033E-005  2.053659457550648E-004  4.797566870621582E-005
  1.195919552649967E-004  0.995714811269575       0.997925768652106     
  5.715783906502987E-005  3.229398009174642E-005  2.007269220785664E-005
 -9.282302135052137E-005  5.715783906502987E-005  0.995714811420374     
 -4.797474386154597E-005 -1.401828864985418E-004  2.053667452431415E-004
  3.229398009174642E-005 -4.797474386154597E-005  0.995986632682929     
 -5.593481429926420E-005  4.797474386243052E-005  2.007269220785664E-005
 -1.401828864985418E-004 -5.593481429926420E-005  0.997902590703605     
  1.195915839041358E-004 -9.282302135052137E-005  2.053667452431415E-004
  4.797474386243052E-005  1.195915839041358E-004  0.995714811420370     
  0.997926423922735      -2.648089863140995E-005 -1.942667480269639E-005
 -1.260473070850698E-005 -6.303245446689346E-005 -2.648089863140995E-005
  0.995824585495762      -9.061410190464042E-005 -5.749485515567341E-005
  8.264834628256935E-005 -1.942667480269639E-005 -9.061410190464042E-005
  0.995964809189498       3.364798777864673E-005  9.061410190552468E-005
 -1.260473070850698E-005 -5.749485515567341E-005  3.364798777864673E-005
  0.997940978612068       5.814296647121959E-006 -6.303245446689346E-005
  8.264834628256935E-005  9.061410190552468E-005  5.814296647121959E-006
  0.995824585495758       0.997926420479711      -2.648041422676983E-005
 -1.942661228522428E-005 -1.260474647732379E-005 -6.303162460575014E-005
 -2.648041422676983E-005  0.995824579455386      -9.061465593434965E-005
 -5.749417658571383E-005  8.264778311855451E-005 -1.942661228522428E-005
 -9.061465593434965E-005  0.995964803824493       3.364787949520866E-005
  9.061465593523390E-005 -1.260474647732379E-005 -5.749417658571383E-005
  3.364787949520866E-005  0.997940975187252       5.814376868866225E-006
 -6.303162460575014E-005  8.264778311855451E-005  9.061465593523390E-005
  5.814376868866225E-006  0.995824579455382       0.997939342866176     
  4.982555101949102E-005 -1.169361414700883E-005  3.182822031649201E-005
  5.986644771144300E-005  4.982555101949102E-005  0.995743332218499     
  2.168711416967457E-005 -1.190883773581596E-004 -1.960124608131026E-004
 -1.169361414700883E-005  2.168711416967457E-005  0.996021987826568     
  3.770386886791006E-005  4.659340979826445E-005  3.182822031649201E-005
 -1.190883773581596E-004  3.770386886791006E-005  0.997898952231418     
 -9.219235682746264E-005  5.986644771144300E-005 -1.960124608131026E-004
  4.659340979826445E-005 -9.219235682746264E-005  0.995714878762224     
  0.997939344418458       4.982535589219767E-005 -1.169354600130787E-005
  3.182853196557355E-005  5.986727630436577E-005  4.982535589219767E-005
  0.995743333702124       2.168671466663175E-005 -1.190893010653953E-004
 -1.960130729557545E-004 -1.169354600130787E-005  2.168671466663175E-005
  0.996021990859514       3.770358657353161E-005  4.659296928982794E-005
  3.182853196557355E-005 -1.190893010653953E-004  3.770358657353161E-005
  0.997898953500249      -9.219239994067662E-005  5.986727630436577E-005
 -1.960130729557545E-004  4.659296928982794E-005 -9.219239994067662E-005
  0.995714881012211       0.997936613937460      -4.990769919113056E-005
 -2.680570118857129E-005  3.340376804521885E-005 -7.822078457735678E-005
 -4.990769919113056E-005  0.995714878762228      -4.659340979738007E-005
  9.794204296527696E-005 -1.960124608131030E-004 -2.680570118857129E-005
 -4.659340979738007E-005  0.996021987826568       2.897890134644701E-005
 -2.168711416879012E-005  3.340376804521885E-005  9.794204296527696E-005
  2.897890134644701E-005  0.997901681160134       1.026943816186437E-004
 -7.822078457735678E-005 -1.960124608131030E-004 -2.168711416879012E-005
  1.026943816186437E-004  0.995743332218495       0.997936615547050     
 -4.990732223180773E-005 -2.680549078731867E-005  3.340404660749626E-005
 -7.822168209493523E-005 -4.990732223180773E-005  0.995714881012215     
 -4.659296928894357E-005  9.794278210440447E-005 -1.960130729557548E-004
 -2.680549078731867E-005 -4.659296928894357E-005  0.996021990859514     
  2.897870118334960E-005 -2.168671466574729E-005  3.340404660749626E-005
  9.794278210440447E-005  2.897870118334960E-005  0.997901682371658     
  1.026946744870685E-004 -7.822168209493523E-005 -1.960130729557548E-004
 -2.168671466574729E-005  1.026946744870685E-004  0.995743333702120     
  0.000000000000000E+000  0.000000000000000E+000  0.000000000000000E+000
  0.000000000000000E+000  0.000000000000000E+000  0.000000000000000E+000
  0.000000000000000E+000  0.000000000000000E+000  0.000000000000000E+000
  0.000000000000000E+000  0.000000000000000E+000  0.000000000000000E+000
  0.000000000000000E+000  0.000000000000000E+000  0.000000000000000E+000
  0.000000000000000E+000  0.000000000000000E+000  0.000000000000000E+000
  0.000000000000000E+000  0.000000000000000E+000  0.000000000000000E+000
  0.000000000000000E+000  0.000000000000000E+000  0.000000000000000E+000
  0.000000000000000E+000  0.000000000000000E+000  0.000000000000000E+000
  0.000000000000000E+000  0.000000000000000E+000  0.000000000000000E+000
  0.000000000000000E+000  0.000000000000000E+000  0.000000000000000E+000
  0.000000000000000E+000  0.000000000000000E+000  0.000000000000000E+000
  0.000000000000000E+000  0.000000000000000E+000  0.000000000000000E+000
  0.000000000000000E+000  0.000000000000000E+000  0.000000000000000E+000
  0.000000000000000E+000  0.000000000000000E+000  0.000000000000000E+000
  0.000000000000000E+000  0.000000000000000E+000  0.000000000000000E+000
  0.000000000000000E+000  0.000000000000000E+000  0.000000000000000E+000
  0.000000000000000E+000  0.000000000000000E+000  0.000000000000000E+000
  0.000000000000000E+000  0.000000000000000E+000  0.000000000000000E+000
  0.000000000000000E+000  0.000000000000000E+000  0.000000000000000E+000
  0.000000000000000E+000  0.000000000000000E+000  0.000000000000000E+000
  0.000000000000000E+000  0.000000000000000E+000  0.000000000000000E+000
  0.000000000000000E+000  0.000000000000000E+000  0.000000000000000E+000
  0.000000000000000E+000  0.000000000000000E+000  0.000000000000000E+000
  0.000000000000000E+000  0.000000000000000E+000  0.000000000000000E+000
  0.000000000000000E+000  0.000000000000000E+000  0.000000000000000E+000
  0.000000000000000E+000  0.000000000000000E+000  0.000000000000000E+000
  0.000000000000000E+000  0.000000000000000E+000  0.000000000000000E+000
  0.000000000000000E+000  0.000000000000000E+000  0.000000000000000E+000
  0.000000000000000E+000  0.000000000000000E+000  0.000000000000000E+000
  0.000000000000000E+000  0.000000000000000E+000  0.000000000000000E+000
  0.000000000000000E+000  0.000000000000000E+000  0.000000000000000E+000
  0.000000000000000E+000  0.000000000000000E+000  0.000000000000000E+000
  0.000000000000000E+000  0.000000000000000E+000  0.000000000000000E+000
  0.000000000000000E+000  0.000000000000000E+000  0.000000000000000E+000
  0.000000000000000E+000  0.000000000000000E+000  0.000000000000000E+000
  0.000000000000000E+000  0.000000000000000E+000  0.000000000000000E+000
  0.000000000000000E+000  0.000000000000000E+000  0.000000000000000E+000
  0.000000000000000E+000  0.000000000000000E+000  0.000000000000000E+000
  0.000000000000000E+000  0.000000000000000E+000  0.000000000000000E+000
  0.000000000000000E+000  0.000000000000000E+000  0.000000000000000E+000
  0.000000000000000E+000  0.000000000000000E+000  0.000000000000000E+000
  0.000000000000000E+000  0.000000000000000E+000  0.000000000000000E+000
  0.000000000000000E+000  0.000000000000000E+000  0.000000000000000E+000
  0.000000000000000E+000  0.000000000000000E+000  0.000000000000000E+000
  0.000000000000000E+000  0.000000000000000E+000  0.000000000000000E+000
  0.000000000000000E+000  0.000000000000000E+000  0.000000000000000E+000
  0.000000000000000E+000  0.000000000000000E+000  0.000000000000000E+000
  0.000000000000000E+000  0.000000000000000E+000  0.000000000000000E+000
  0.000000000000000E+000  0.000000000000000E+000  0.000000000000000E+000
  0.000000000000000E+000  0.000000000000000E+000  0.000000000000000E+000
  0.000000000000000E+000  0.000000000000000E+000  0.000000000000000E+000
  0.000000000000000E+000  0.000000000000000E+000  0.000000000000000E+000
  0.000000000000000E+000  0.000000000000000E+000  0.000000000000000E+000
  0.000000000000000E+000  0.000000000000000E+000  0.000000000000000E+000
  0.000000000000000E+000  0.000000000000000E+000  0.000000000000000E+000
  0.000000000000000E+000  0.000000000000000E+000  0.000000000000000E+000
  0.000000000000000E+000  0.000000000000000E+000  0.000000000000000E+000
  0.000000000000000E+000  0.000000000000000E+000  0.000000000000000E+000
  0.000000000000000E+000  0.000000000000000E+000  0.000000000000000E+000
  0.000000000000000E+000  0.000000000000000E+000  0.000000000000000E+000
  0.000000000000000E+000  0.000000000000000E+000  0.000000000000000E+000
  0.000000000000000E+000  0.000000000000000E+000  0.000000000000000E+000
  0.000000000000000E+000  0.000000000000000E+000  0.000000000000000E+000
  0.000000000000000E+000  0.000000000000000E+000  0.000000000000000E+000
  0.000000000000000E+000  0.000000000000000E+000  0.000000000000000E+000
  0.000000000000000E+000  0.000000000000000E+000  0.997915445380225     
 -5.744779261784442E-005  9.143142474743722E-006  4.138714174990737E-006
 -2.285542129478016E-005 -5.744779261784442E-005  0.995946115367406     
  5.973238383013570E-005 -9.950249558814838E-005 -5.973238382993290E-005
  9.143142474743722E-006  5.973238383013570E-005  0.995947485146928     
  3.166996304887006E-005  9.099355360410996E-005  4.138714174990737E-006
 -9.950249558814838E-005  3.166996304887006E-005  0.997920224355709     
 -2.375317518404616E-005 -2.285542129478016E-005 -5.973238382993290E-005
  9.099355360410996E-005 -2.375317518404616E-005  0.995947485146928     
  0.997915443109861      -5.744669034907022E-005  9.142943092852490E-006
  4.138963957962821E-006 -2.285576592547668E-005 -5.744669034907022E-005
  0.995946112124385       5.973261175077658E-005 -9.950058640262784E-005
 -5.973261175057378E-005  9.142943092852490E-006  5.973261175077658E-005
  0.995947482986809       3.167024588093230E-005  9.099194202494805E-005
  4.138963957962821E-006 -9.950058640262784E-005  3.167024588093230E-005
  0.997920222373769      -2.375314393029442E-005 -2.285576592547668E-005
 -5.973261175057378E-005  9.099194202494805E-005 -2.375314393029442E-005
  0.995947482986809       0.997880286479666       6.423943608002164E-005
  6.891012261293902E-005 -4.927091908100968E-005  1.390195020721441E-004
  6.423943608002164E-005  0.995930630247979       9.588819958027795E-005
 -3.084538372013181E-005 -4.941602035042544E-005  6.891012261293902E-005
  9.588819958027795E-005  0.995928757905113      -7.584163174722378E-005
  5.622843177420340E-005 -4.927091908100968E-005 -3.084538372013181E-005
 -7.584163174722378E-005  0.997928307344737      -3.332407776993411E-005
  1.390195020721441E-004 -4.941602035042544E-005  5.622843177420340E-005
 -3.332407776993411E-005  0.995974175938818       0.997880283899951     
  6.423967649390203E-005  6.890960346573574E-005 -4.927104794526922E-005
  1.390194691399599E-004  6.423967649390203E-005  0.995930626171824     
  9.588898677420003E-005 -3.084488726481690E-005 -4.941505646507045E-005
  6.890960346573574E-005  9.588898677420003E-005  0.995928754385617     
 -7.584123697290440E-005  5.622912273029456E-005 -4.927104794526922E-005
 -3.084488726481690E-005 -7.584123697290440E-005  0.997928304864943     
 -3.332439182995429E-005  1.390194691399599E-004 -4.941505646507045E-005
  5.622912273029456E-005 -3.332439182995429E-005  0.995974171708631     
  0.997900133438151      -6.580927224197281E-005  4.236520523682539E-006
 -1.617037870636078E-005  4.541776415107196E-005 -6.580927224197281E-005
  0.995918019298952      -4.449357980806861E-005 -1.139850031235922E-004
  4.449357980827161E-005  4.236520523682539E-006 -4.449357980806861E-005
  0.995953466679805      -4.999796044657954E-005  1.054417604658194E-004
 -1.617037870636078E-005 -1.139850031235922E-004 -4.999796044657954E-005
  0.997881461493150       2.133004582006461E-005  4.541776415107196E-005
  4.449357980827161E-005  1.054417604658194E-004  2.133004582006461E-005
  0.995953466679805       0.997900132378176      -6.580986152251916E-005
  4.236029033020825E-006 -1.617005356222694E-005  4.541705179824609E-005
 -6.580986152251916E-005  0.995918017064115      -4.449450635824028E-005
 -1.139860237874384E-004  4.449450635844329E-005  4.236029033020825E-006
 -4.449450635824028E-005  0.995953465047246      -4.999742165465385E-005
  1.054408159134669E-004 -1.617005356222694E-005 -1.139860237874384E-004
 -4.999742165465385E-005  0.997881460808620       2.133020206750053E-005
  4.541705179824609E-005  4.449450635844329E-005  1.054408159134669E-004
  2.133020206750053E-005  0.995953465047246       0.997958971996063     
 -5.883260393860488E-005  9.836924893473085E-005 -3.841815007982301E-006
  1.001358410691140E-004 -5.883260393860488E-005  0.995930630247979     
  4.941602035062805E-005  4.021029171433862E-005 -9.588819958007539E-005
  9.836924893473085E-005  4.941602035062805E-005  0.995974175938818     
 -1.037323815296013E-004  5.622843177420340E-005 -3.841815007982301E-006
  4.021029171433862E-005 -1.037323815296013E-004  0.997849621828340     
 -2.175710089315615E-005  1.001358410691140E-004 -9.588819958007539E-005
  5.622843177420340E-005 -2.175710089315615E-005  0.995928757905113     
  0.997958969602888      -5.883229420263053E-005  9.836950445259458E-005
 -3.841836172864648E-006  1.001352396109230E-004 -5.883229420263053E-005
  0.995930626171824       4.941505646527305E-005  4.021074814652391E-005
 -9.588898677399745E-005  9.836950445259458E-005  4.941505646527305E-005
  0.995974171708631      -1.037321959794831E-004  5.622912273029456E-005
 -3.841836172864648E-006  4.021074814652391E-005 -1.037321959794831E-004
  0.997849619162006      -2.175684868564949E-005  1.001352396109230E-004
 -9.588898677399745E-005  5.622912273029456E-005 -2.175684868564949E-005
  0.995928754385616       0.000000000000000E+000  0.000000000000000E+000
  0.000000000000000E+000  0.000000000000000E+000  0.000000000000000E+000
  0.000000000000000E+000  0.000000000000000E+000  0.000000000000000E+000
  0.000000000000000E+000  0.000000000000000E+000  0.000000000000000E+000
  0.000000000000000E+000  0.000000000000000E+000  0.000000000000000E+000
  0.000000000000000E+000  0.000000000000000E+000  0.000000000000000E+000
  0.000000000000000E+000  0.000000000000000E+000  0.000000000000000E+000
  0.000000000000000E+000  0.000000000000000E+000  0.000000000000000E+000
  0.000000000000000E+000  0.000000000000000E+000  0.000000000000000E+000
  0.000000000000000E+000  0.000000000000000E+000  0.000000000000000E+000
  0.000000000000000E+000  0.000000000000000E+000  0.000000000000000E+000
  0.000000000000000E+000  0.000000000000000E+000  0.000000000000000E+000
  0.000000000000000E+000  0.000000000000000E+000  0.000000000000000E+000
  0.000000000000000E+000  0.000000000000000E+000  0.000000000000000E+000
  0.000000000000000E+000  0.000000000000000E+000  0.000000000000000E+000
  0.000000000000000E+000  0.000000000000000E+000  0.000000000000000E+000
  0.000000000000000E+000  0.000000000000000E+000  0.000000000000000E+000
  0.000000000000000E+000  0.000000000000000E+000  0.000000000000000E+000
  0.000000000000000E+000  0.000000000000000E+000  0.000000000000000E+000
  0.000000000000000E+000  0.000000000000000E+000  0.000000000000000E+000
  0.000000000000000E+000  0.000000000000000E+000  0.000000000000000E+000
  0.000000000000000E+000  0.000000000000000E+000  0.000000000000000E+000
  0.000000000000000E+000  0.000000000000000E+000  0.000000000000000E+000
  0.000000000000000E+000  0.000000000000000E+000  0.000000000000000E+000
  0.000000000000000E+000  0.000000000000000E+000  0.000000000000000E+000
  0.000000000000000E+000  0.000000000000000E+000  0.000000000000000E+000
  0.000000000000000E+000  0.000000000000000E+000  0.000000000000000E+000
  0.000000000000000E+000  0.000000000000000E+000  0.000000000000000E+000
  0.000000000000000E+000  0.000000000000000E+000  0.000000000000000E+000
  0.000000000000000E+000  0.000000000000000E+000  0.000000000000000E+000
  0.000000000000000E+000  0.000000000000000E+000  0.000000000000000E+000
  0.000000000000000E+000  0.000000000000000E+000  0.000000000000000E+000
  0.000000000000000E+000  0.000000000000000E+000  0.000000000000000E+000
  0.000000000000000E+000  0.000000000000000E+000  0.000000000000000E+000
  0.000000000000000E+000  0.000000000000000E+000  0.000000000000000E+000
  0.000000000000000E+000  0.000000000000000E+000  0.000000000000000E+000
  0.000000000000000E+000  0.000000000000000E+000  0.000000000000000E+000
  0.000000000000000E+000  0.000000000000000E+000  0.000000000000000E+000
  0.000000000000000E+000  0.000000000000000E+000  0.000000000000000E+000
  0.000000000000000E+000  0.000000000000000E+000  0.000000000000000E+000
  0.000000000000000E+000  0.000000000000000E+000  0.000000000000000E+000
  0.000000000000000E+000  0.000000000000000E+000  0.000000000000000E+000
  0.000000000000000E+000  0.000000000000000E+000  0.000000000000000E+000
  0.000000000000000E+000  0.000000000000000E+000  0.000000000000000E+000
  0.000000000000000E+000  0.000000000000000E+000  0.000000000000000E+000
  0.000000000000000E+000  0.000000000000000E+000  0.000000000000000E+000
  0.000000000000000E+000  0.000000000000000E+000  0.000000000000000E+000
  0.000000000000000E+000  0.000000000000000E+000  0.000000000000000E+000
  0.000000000000000E+000  0.000000000000000E+000  0.000000000000000E+000
  0.000000000000000E+000  0.000000000000000E+000  0.000000000000000E+000
  0.000000000000000E+000  0.000000000000000E+000  0.000000000000000E+000
  0.000000000000000E+000  0.000000000000000E+000  0.000000000000000E+000
  0.000000000000000E+000  0.000000000000000E+000  0.000000000000000E+000
  0.000000000000000E+000  0.000000000000000E+000  0.000000000000000E+000
  0.000000000000000E+000  0.000000000000000E+000  0.000000000000000E+000
  0.000000000000000E+000  0.000000000000000E+000  0.000000000000000E+000
  0.000000000000000E+000  0.000000000000000E+000  0.000000000000000E+000
  0.000000000000000E+000  0.000000000000000E+000  0.000000000000000E+000
  0.000000000000000E+000  0.000000000000000E+000  0.000000000000000E+000
  0.000000000000000E+000  0.000000000000000E+000  0.000000000000000E+000
  0.000000000000000E+000  0.000000000000000E+000  0.000000000000000E+000
  0.000000000000000E+000  0.000000000000000E+000  0.000000000000000E+000
  0.000000000000000E+000  0.000000000000000E+000  0.000000000000000E+000
  0.000000000000000E+000  0.000000000000000E+000  0.000000000000000E+000
  0.000000000000000E+000  0.000000000000000E+000  0.000000000000000E+000
  0.000000000000000E+000  0.000000000000000E+000  0.000000000000000E+000
  0.000000000000000E+000  0.000000000000000E+000  0.000000000000000E+000
  0.997922613843453      -3.199856377682583E-005 -3.199856377611610E-005
  4.440575797972073E-016 -1.148955852276760E-004 -3.199856377682583E-005
  0.995947485146932      -9.099355360322546E-005 -7.916787864349060E-006
 -5.973238382993308E-005 -3.199856377611610E-005 -9.099355360322546E-005
  0.995947485146928       7.916787870015678E-006 -5.973238382925109E-005
  4.440575797972073E-016 -7.916787864349060E-006  7.916787870015678E-006
  0.997913055892480      -5.191984204274973E-015 -1.148955852276760E-004
 -5.973238382993308E-005 -5.973238382925109E-005 -5.191984204274973E-015
  0.995946115367402       0.997922612005726      -3.199870902563111E-005
 -3.199870902492138E-005  4.371186860364046E-016 -1.148933806901276E-004
 -3.199870902563111E-005  0.995947482986813      -9.099194202406357E-005
 -7.917101950163039E-006 -5.973261175057397E-005 -3.199870902492138E-005
 -9.099194202406357E-005  0.995947482986809       7.917101955829659E-006
 -5.973261174989198E-005  4.371186860364046E-016 -7.917101950163039E-006
  7.917101955829659E-006  0.997913053477903      -5.191987592415752E-015
 -1.148933806901276E-004 -5.973261175057397E-005 -5.973261174989198E-005
 -5.191987592415752E-015  0.995946112124381       0.997873632260878     
  4.065025313011115E-005  3.122571844958247E-005 -4.542910407261824E-005
  5.406832149429478E-006  4.065025313011115E-005  0.995974175938822     
 -5.622843177331878E-005  1.370564593000104E-004 -4.941602035042565E-005
  3.122571844958247E-005 -5.622843177331878E-005  0.995928757905113     
 -9.759873263518828E-005 -9.588819957939321E-005 -4.542910407261824E-005
  1.370564593000104E-004 -9.759873263518828E-005  0.997934961563524     
  7.105567542927844E-005  5.406832149429478E-006 -4.941602035042565E-005
 -9.588819957939321E-005  7.105567542927844E-005  0.995930630247975     
  0.997873629644505       4.064996468006329E-005  3.122563613859478E-005
 -4.542921177193299E-005  5.407382299284222E-006  4.064996468006329E-005
  0.995974171708635      -5.622912272940992E-005  1.370565878099124E-004
 -4.941505646507065E-005  3.122563613859478E-005 -5.622912272940992E-005
  0.995928754385616      -9.759808565336222E-005 -9.588898677331524E-005
 -4.542921177193299E-005  1.370565878099124E-004 -9.759808565336222E-005
  0.997934959120389       7.105563540614882E-005  5.407382299284222E-006
 -4.941505646507065E-005 -9.588898677331524E-005  7.105563540614882E-005
  0.995930626171820       0.997873632260878       3.122571844887290E-005
  4.065025313082076E-005  4.542910407347857E-005  5.406832149429321E-006
  3.122571844887290E-005  0.995928757905117      -5.622843177331876E-005
  9.759873264085533E-005 -9.588819958007552E-005  4.065025313082076E-005
 -5.622843177331876E-005  0.995974175938818      -1.370564592943436E-004
 -4.941602034974328E-005  4.542910407347857E-005  9.759873264085533E-005
 -1.370564592943436E-004  0.997934961563525      -7.105567543966214E-005
  5.406832149429321E-006 -9.588819958007552E-005 -4.941602034974328E-005
 -7.105567543966214E-005  0.995930630247975       0.997873629644504     
  3.122563613788521E-005  4.064996468077289E-005  4.542921177280025E-005
  5.407382299284064E-006  3.122563613788521E-005  0.995928754385620     
 -5.622912272940991E-005  9.759808565902929E-005 -9.588898677399757E-005
  4.064996468077289E-005 -5.622912272940991E-005  0.995974171708631     
 -1.370565878042456E-004 -4.941505646438827E-005  4.542921177280025E-005
  9.759808565902929E-005 -1.370565878042456E-004  0.997934959120390     
 -7.105563541653254E-005  5.407382299284064E-006 -9.588898677399757E-005
 -4.941505646438827E-005 -7.105563541653254E-005  0.995930626171820     
  0.997872125520653       4.118124362008861E-005  4.118124362079800E-005
  4.441175911677762E-016 -1.316185444759342E-004  4.118124362008861E-005
  0.995953466679809      -1.054417604649351E-004  2.866791462698952E-005
  4.449357980827147E-005  4.118124362079800E-005 -1.054417604649351E-004
  0.995953466679805      -2.866791462132375E-005  4.449357980895308E-005
  4.441175911677762E-016  2.866791462698952E-005 -2.866791462132375E-005
  0.997909469410648      -5.191232857150555E-015 -1.316185444759342E-004
  4.449357980827147E-005  4.449357980895308E-005 -5.191232857150555E-015
  0.995918019298948       0.997872125023845       4.118102275792445E-005
  4.118102275863384E-005  4.371786976233926E-016 -1.316197230370269E-004
  4.118102275792445E-005  0.995953465047250      -1.054408159125826E-004
  2.866721958762791E-005  4.449450635844315E-005  4.118102275863384E-005
 -1.054408159125826E-004  0.995953465047246      -2.866721958196214E-005
  4.449450635912476E-005  4.371786976233926E-016  2.866721958762791E-005
 -2.866721958196214E-005  0.997909468162951      -5.191232008868787E-015
 -1.316197230370269E-004  4.449450635844315E-005  4.449450635912476E-005
 -5.191232008868787E-015  0.995918017064111       0.000000000000000E+000
  0.000000000000000E+000  0.000000000000000E+000  0.000000000000000E+000
  0.000000000000000E+000  0.000000000000000E+000  0.000000000000000E+000
  0.000000000000000E+000  0.000000000000000E+000  0.000000000000000E+000
  0.000000000000000E+000  0.000000000000000E+000  0.000000000000000E+000
  0.000000000000000E+000  0.000000000000000E+000  0.000000000000000E+000
  0.000000000000000E+000  0.000000000000000E+000  0.000000000000000E+000
  0.000000000000000E+000  0.000000000000000E+000  0.000000000000000E+000
  0.000000000000000E+000  0.000000000000000E+000  0.000000000000000E+000
  0.000000000000000E+000  0.000000000000000E+000  0.000000000000000E+000
  0.000000000000000E+000  0.000000000000000E+000  0.000000000000000E+000
  0.000000000000000E+000  0.000000000000000E+000  0.000000000000000E+000
  0.000000000000000E+000  0.000000000000000E+000  0.000000000000000E+000
  0.000000000000000E+000  0.000000000000000E+000  0.000000000000000E+000
  0.000000000000000E+000  0.000000000000000E+000  0.000000000000000E+000
  0.000000000000000E+000  0.000000000000000E+000  0.000000000000000E+000
  0.000000000000000E+000  0.000000000000000E+000  0.000000000000000E+000
  0.000000000000000E+000  0.000000000000000E+000  0.000000000000000E+000
  0.000000000000000E+000  0.000000000000000E+000  0.000000000000000E+000
  0.000000000000000E+000  0.000000000000000E+000  0.000000000000000E+000
  0.000000000000000E+000  0.000000000000000E+000  0.000000000000000E+000
  0.000000000000000E+000  0.000000000000000E+000  0.000000000000000E+000
  0.000000000000000E+000  0.000000000000000E+000  0.000000000000000E+000
  0.000000000000000E+000  0.000000000000000E+000  0.000000000000000E+000
  0.000000000000000E+000  0.000000000000000E+000  0.000000000000000E+000
  0.000000000000000E+000  0.000000000000000E+000  0.000000000000000E+000
  0.000000000000000E+000  0.000000000000000E+000  0.000000000000000E+000
  0.000000000000000E+000  0.000000000000000E+000  0.000000000000000E+000
  0.000000000000000E+000  0.000000000000000E+000  0.000000000000000E+000
  0.000000000000000E+000  0.000000000000000E+000  0.000000000000000E+000
  0.000000000000000E+000  0.000000000000000E+000  0.000000000000000E+000
  0.000000000000000E+000  0.000000000000000E+000  0.000000000000000E+000
  0.000000000000000E+000  0.000000000000000E+000  0.000000000000000E+000
  0.000000000000000E+000  0.000000000000000E+000  0.000000000000000E+000
  0.000000000000000E+000  0.000000000000000E+000  0.000000000000000E+000
  0.000000000000000E+000  0.000000000000000E+000  0.000000000000000E+000
  0.000000000000000E+000  0.000000000000000E+000  0.000000000000000E+000
  0.000000000000000E+000  0.000000000000000E+000  0.000000000000000E+000
  0.000000000000000E+000  0.000000000000000E+000  0.000000000000000E+000
  0.000000000000000E+000  0.000000000000000E+000  0.000000000000000E+000
  0.000000000000000E+000  0.000000000000000E+000  0.000000000000000E+000
  0.000000000000000E+000  0.000000000000000E+000  0.000000000000000E+000
  0.000000000000000E+000  0.000000000000000E+000  0.000000000000000E+000
  0.000000000000000E+000  0.000000000000000E+000  0.000000000000000E+000
  0.000000000000000E+000  0.000000000000000E+000  0.000000000000000E+000
  0.000000000000000E+000  0.000000000000000E+000  0.000000000000000E+000
  0.000000000000000E+000  0.000000000000000E+000  0.000000000000000E+000
  0.000000000000000E+000  0.000000000000000E+000  0.000000000000000E+000
  0.000000000000000E+000  0.000000000000000E+000  0.000000000000000E+000
  0.000000000000000E+000  0.000000000000000E+000  0.000000000000000E+000
  0.000000000000000E+000  0.000000000000000E+000  0.000000000000000E+000
  0.000000000000000E+000  0.000000000000000E+000  0.000000000000000E+000
  0.000000000000000E+000  0.000000000000000E+000  0.000000000000000E+000
  0.000000000000000E+000  0.000000000000000E+000  0.000000000000000E+000
  0.000000000000000E+000  0.000000000000000E+000  0.000000000000000E+000
  0.000000000000000E+000  0.000000000000000E+000  0.000000000000000E+000
  0.000000000000000E+000  0.000000000000000E+000  0.000000000000000E+000
  0.000000000000000E+000  0.000000000000000E+000  0.000000000000000E+000
  0.000000000000000E+000  0.000000000000000E+000  0.000000000000000E+000
  0.000000000000000E+000  0.000000000000000E+000  0.000000000000000E+000
  0.000000000000000E+000  0.000000000000000E+000  0.000000000000000E+000
  0.000000000000000E+000  0.000000000000000E+000  0.000000000000000E+000
  0.000000000000000E+000  0.000000000000000E+000  0.000000000000000E+000
  0.000000000000000E+000  0.000000000000000E+000  0.000000000000000E+000
  0.000000000000000E+000  0.000000000000000E+000  0.000000000000000E+000
  0.000000000000000E+000  0.000000000000000E+000  0.000000000000000E+000
  0.000000000000000E+000  0.000000000000000E+000  0.000000000000000E+000
  0.000000000000000E+000  0.994804677197853       1.440595627289604E-005
  1.440595627359897E-005  4.440075839018034E-016  2.881191255372372E-005
  1.440595627289604E-005  0.987493805011567      -1.025514391794639E-003
  2.495184820482314E-005  1.025514391794842E-003  1.440595627359897E-005
 -1.025514391794639E-003  0.987493805011563      -2.495184819921797E-005
  1.025514391795513E-003  4.440075839018034E-016  2.495184820482314E-005
 -2.495184819921797E-005  0.994804677197851      -5.149216191725077E-015
  2.881191255372372E-005  1.025514391794842E-003  1.025514391795513E-003
 -5.149216191725077E-015  0.987493805011563       0.994804666792353     
  1.440547288818978E-005  1.440547288889271E-005  4.301297939167806E-016
  2.881094578431120E-005  1.440547288818978E-005  0.987493783673631     
 -1.025492072956884E-003  2.495101095795230E-005  1.025492072957087E-003
  1.440547288889271E-005 -1.025492072956884E-003  0.987493783673628     
 -2.495101095234712E-005  1.025492072957758E-003  4.301297939167806E-016
  2.495101095795230E-005 -2.495101095234712E-005  0.994804666792351     
 -5.149216219473427E-015  2.881094578431120E-005  1.025492072957087E-003
  1.025492072957758E-003 -5.149216219473427E-015  0.987493783673628     
  0.998484676417331       1.847538661191531E-005 -3.407878834606606E-005
  2.376646260835513E-007 -2.705822210781924E-005  1.847538661191531E-005
  0.996313884773747      -2.211329206778697E-004 -4.191091306986991E-005
 -2.346048727032516E-004 -3.407878834606606E-005 -2.211329206778697E-004
  0.996630352906116       5.902619287403012E-005  2.211329206787538E-004
  2.376646260835513E-007 -4.191091306986991E-005  5.902619287403012E-005
  0.998484401985858       3.695561068471891E-005 -2.705822210781924E-005
 -2.346048727032516E-004  2.211329206787538E-004  3.695561068471891E-005
  0.996313884773743       0.998484675322287       1.847523526799503E-005
 -3.407854703353250E-005  2.377194203360200E-007 -2.705826199556497E-005
  1.847523526799503E-005  0.996313882946813      -2.211348012865436E-004
 -4.191087174981827E-005 -2.346038247785445E-004 -3.407854703353250E-005
 -2.211348012865436E-004  0.996630349353793       5.902577490846149E-005
  2.211348012874277E-004  2.377194203360200E-007 -4.191087174981827E-005
  5.902577490846149E-005  0.998484400827543       3.695545895701341E-005
 -2.705826199556497E-005 -2.346038247785445E-004  2.211348012874277E-004
  3.695545895701341E-005  0.996313882946809       0.998484676417331     
 -3.407878834677657E-005  1.847538661262550E-005 -2.376646252091899E-007
 -2.705822210781982E-005 -3.407878834677657E-005  0.996630352906120     
 -2.211329206778694E-004 -5.902619286836245E-005  2.211329206780725E-004
  1.847538661262550E-005 -2.211329206778694E-004  0.996313884773743     
  4.191091307553921E-005 -2.346048727025697E-004 -2.376646252091899E-007
 -5.902619286836245E-005  4.191091307553921E-005  0.998484401985858     
 -3.695561069510679E-005 -2.705822210781982E-005  2.211329206780725E-004
 -2.346048727025697E-004 -3.695561069510679E-005  0.996313884773743     
  0.998484675322287      -3.407854703424301E-005  1.847523526870521E-005
 -2.377194194894142E-007 -2.705826199556556E-005 -3.407854703424301E-005
  0.996630349353797      -2.211348012865432E-004 -5.902577490279383E-005
  2.211348012867464E-004  1.847523526870521E-005 -2.211348012865432E-004
  0.996313882946809       4.191087175548756E-005 -2.346038247778628E-004
 -2.377194194894142E-007 -5.902577490279383E-005  4.191087175548756E-005
  0.998484400827543      -3.695545896740130E-005 -2.705826199556556E-005
  2.211348012867464E-004 -2.346038247778628E-004 -3.695545896740130E-005
  0.996313882946809       0.998484264770125      -4.553360872774985E-005
 -4.553360872704014E-005  4.440456794937775E-016 -6.815757668553849E-005
 -4.553360872774985E-005  0.996313884773747       2.346048727034548E-004
 -4.955302379957479E-006  2.211329206780722E-004 -4.553360872704014E-005
  2.346048727034548E-004  0.996313884773743       4.955302385625894E-006
  2.211329206787544E-004  4.440456794937775E-016 -4.955302379957479E-006
  4.955302385625894E-006  0.998484813633065      -5.193807428526827E-015
 -6.815757668553849E-005  2.211329206780722E-004  2.211329206787544E-004
 -5.193807428526827E-015  0.996630352906116       0.998484263580174     
 -4.553349727157530E-005 -4.553349727086560E-005  4.232289978762464E-016
 -6.815709406047138E-005 -4.553349727157530E-005  0.996313882946813     
  2.346038247787478E-004 -4.955412787611336E-006  2.211348012867461E-004
 -4.553349727086560E-005  2.346038247787478E-004  0.996313882946809     
  4.955412793279750E-006  2.211348012874283E-004  4.232289978762464E-016
 -4.955412787611336E-006  4.955412793279750E-006  0.998484812569656     
 -5.193807425956273E-015 -6.815709406047138E-005  2.211348012867461E-004
  2.211348012874283E-004 -5.193807425956273E-015  0.996630349353793     
  0.000000000000000E+000  0.000000000000000E+000  0.000000000000000E+000
  0.000000000000000E+000  0.000000000000000E+000  0.000000000000000E+000
  0.000000000000000E+000  0.000000000000000E+000  0.000000000000000E+000
  0.000000000000000E+000  0.000000000000000E+000  0.000000000000000E+000
  0.000000000000000E+000  0.000000000000000E+000  0.000000000000000E+000
  0.000000000000000E+000  0.000000000000000E+000  0.000000000000000E+000
  0.000000000000000E+000  0.000000000000000E+000  0.000000000000000E+000
  0.000000000000000E+000  0.000000000000000E+000  0.000000000000000E+000
  0.000000000000000E+000  0.000000000000000E+000  0.000000000000000E+000
  0.000000000000000E+000  0.000000000000000E+000  0.000000000000000E+000
  0.000000000000000E+000  0.000000000000000E+000  0.000000000000000E+000
  0.000000000000000E+000  0.000000000000000E+000  0.000000000000000E+000
  0.000000000000000E+000  0.000000000000000E+000  0.000000000000000E+000
  0.000000000000000E+000  0.000000000000000E+000  0.000000000000000E+000
  0.000000000000000E+000  0.000000000000000E+000  0.000000000000000E+000
  0.000000000000000E+000  0.000000000000000E+000  0.000000000000000E+000
  0.000000000000000E+000  0.000000000000000E+000  0.000000000000000E+000
  0.000000000000000E+000  0.000000000000000E+000  0.000000000000000E+000
  0.000000000000000E+000  0.000000000000000E+000  0.000000000000000E+000
  0.000000000000000E+000  0.000000000000000E+000  0.000000000000000E+000
  0.000000000000000E+000  0.000000000000000E+000  0.000000000000000E+000
  0.000000000000000E+000  0.000000000000000E+000  0.000000000000000E+000
  0.000000000000000E+000  0.000000000000000E+000  0.000000000000000E+000
  0.000000000000000E+000  0.000000000000000E+000  0.000000000000000E+000
  0.000000000000000E+000  0.000000000000000E+000  0.000000000000000E+000
  0.000000000000000E+000  0.000000000000000E+000  0.000000000000000E+000
  0.000000000000000E+000  0.000000000000000E+000  0.000000000000000E+000
  0.000000000000000E+000  0.000000000000000E+000  0.000000000000000E+000
  0.000000000000000E+000  0.000000000000000E+000  0.000000000000000E+000
  0.000000000000000E+000  0.000000000000000E+000  0.000000000000000E+000
  0.000000000000000E+000  0.000000000000000E+000  0.000000000000000E+000
  0.000000000000000E+000  0.000000000000000E+000  0.000000000000000E+000
  0.000000000000000E+000  0.000000000000000E+000  0.000000000000000E+000
  0.000000000000000E+000  0.000000000000000E+000  0.000000000000000E+000
  0.000000000000000E+000  0.000000000000000E+000  0.000000000000000E+000
  0.000000000000000E+000  0.000000000000000E+000  0.000000000000000E+000
  0.000000000000000E+000  0.000000000000000E+000  0.000000000000000E+000
  0.000000000000000E+000  0.000000000000000E+000  0.000000000000000E+000
  0.000000000000000E+000  0.000000000000000E+000  0.000000000000000E+000
  0.000000000000000E+000  0.000000000000000E+000  0.000000000000000E+000
  0.000000000000000E+000  0.000000000000000E+000  0.000000000000000E+000
  0.000000000000000E+000  0.000000000000000E+000  0.000000000000000E+000
  0.000000000000000E+000  0.000000000000000E+000  0.000000000000000E+000
  0.000000000000000E+000  0.000000000000000E+000  0.000000000000000E+000
  0.000000000000000E+000  0.000000000000000E+000  0.000000000000000E+000
  0.000000000000000E+000  0.000000000000000E+000  0.000000000000000E+000
  0.000000000000000E+000  0.000000000000000E+000  0.000000000000000E+000
  0.000000000000000E+000  0.000000000000000E+000  0.000000000000000E+000
  0.000000000000000E+000  0.000000000000000E+000  0.000000000000000E+000
  0.000000000000000E+000  0.000000000000000E+000  0.000000000000000E+000
