2.70    -658.51645642
2.71    -658.52034200
2.72    -658.52384594
2.73    -658.52697102
2.74    -658.52978384
2.75    -658.53226313
2.76    -658.53438916
2.77    -658.53617766
2.78    -658.53767727
2.79    -658.53887201
2.80    -658.53976623
2.81    -658.54036985
2.82    -658.54068970
2.83    -658.54078448
2.84    -658.54069161
2.85    -658.54050427
2.86    -658.54013579
2.87    -658.53954949
2.88    -658.53875529
2.89    -658.53775869
2.90    -658.53655755
2.91    -658.53521580
2.92    -658.53369919
2.93    -658.53207166
2.94    -658.53031029
2.95    -658.52842394
2.96    -658.52640601
2.97    -658.52456173
2.98    -658.52263248
2.99    -658.52057893
3.00    -658.51849500