2.480	4.020	-753.45506469
2.480	4.025	-753.45507599
2.480	4.030	-753.45508112
2.480	4.035	-753.45507907
2.480	4.040	-753.45507048
2.480	4.045	-753.45506124
2.480	4.050	-753.45505080
2.480	4.055	-753.45503783
2.480	4.060	-753.45501796
2.480	4.065	-753.45499367
2.480	4.070	-753.45496348
2.480	4.075	-753.45492859
2.480	4.080	-753.45488758
2.485	4.020	-753.45515617
2.485	4.025	-753.45515820
2.485	4.030	-753.45516159
2.485	4.035	-753.45515513
2.485	4.040	-753.45514153
2.485	4.045	-753.45512555
2.485	4.050	-753.45511057
2.485	4.055	-753.45509201
2.485	4.060	-753.45506714
2.485	4.065	-753.45503451
2.485	4.070	-753.45499859
2.485	4.075	-753.45495585
2.485	4.080	-753.45490766
2.490	4.020	-753.45520245
2.490	4.025	-753.45520260
2.490	4.030	-753.45519797
2.490	4.035	-753.45518380
2.490	4.040	-753.45516502
2.490	4.045	-753.45514265
2.490	4.050	-753.45512515
2.490	4.055	-753.45510005
2.490	4.060	-753.45504282
2.490	4.065	-753.45502941
2.490	4.070	-753.45498699
2.490	4.075	-753.45493819
2.490	4.080	-753.45488375
2.495	4.020	-753.45520427
2.495	4.025	-753.45520022
2.495	4.030	-753.45518899
2.495	4.035	-753.45517017
2.495	4.040	-753.45514645
2.495	4.045	-753.45512217
2.495	4.050	-753.45509585
2.495	4.055	-753.45506577
2.495	4.060	-753.45502807
2.495	4.065	-753.45498450
2.495	4.070	-753.45493544
2.495	4.075	-753.45487983
2.495	4.080	-753.45481988
2.500	4.020	-753.45516207
2.500	4.025	-753.45515069
2.500	4.030	-753.45513401
2.500	4.035	-753.45510895
2.500	4.040	-753.45508009
2.500	4.045	-753.45505118
2.500	4.050	-753.45502187
2.500	4.055	-753.45498669
2.500	4.060	-753.45494373
2.500	4.065	-753.45489527
2.500	4.070	-753.45483855
2.500	4.075	-753.45477746
2.500	4.080	-753.45471098
2.480	3.960	-753.45445740
2.480	3.965	-753.45453768
2.480	3.970	-753.45460828
2.480	3.975	-753.45467324
2.480	3.980	-753.45474019
2.480	3.985	-753.45480134
2.480	3.990	-753.45485638
2.480	3.995	-753.45490364
2.480	4.000	-753.45494582
2.480	4.005	-753.45498493
2.480	4.010	-753.45501767
2.480	4.015	-753.45504473
2.485	3.960	-753.45459505
2.485	3.965	-753.45466472
2.485	3.970	-753.45473201
2.485	3.975	-753.45479794
2.485	3.980	-753.45486022
2.485	3.985	-753.45491816
2.485	3.990	-753.45497089
2.485	3.995	-753.45501768
2.485	4.000	-753.45506002
2.485	4.005	-753.45509544
2.485	4.010	-753.45512194
2.485	4.015	-753.45514288
2.490	3.960	-753.45469118
2.490	3.965	-753.45475852
2.490	3.970	-753.45482641
2.490	3.975	-753.45489180
2.490	3.980	-753.45495190
2.490	3.985	-753.45500732
2.490	3.990	-753.45505425
2.490	3.995	-753.45508754
2.490	4.000	-753.45512917
2.490	4.005	-753.45515692
2.490	4.010	-753.45517944
2.490	4.015	-753.45519522
2.495	3.960	-753.45475480
2.495	3.965	-753.45481785
2.495	3.970	-753.45488297
2.495	3.975	-753.45494666
2.495	3.980	-753.45500363
2.495	3.985	-753.45505411
2.495	3.990	-753.45509536
2.495	3.995	-753.45512856
2.495	4.000	-753.45515600
2.495	4.005	-753.45517870
2.495	4.010	-753.45519301
2.495	4.015	-753.45520320
2.500	3.960	-753.45477864
2.500	3.965	-753.45484048
2.500	3.970	-753.45490500
2.500	3.975	-753.45496053
2.500	3.980	-753.45501218
2.500	3.985	-753.45505649
2.500	3.990	-753.45509252
2.500	3.995	-753.45511990
2.500	4.000	-753.45514142
2.500	4.005	-753.45515715
2.500	4.010	-753.45515812
2.500	4.015	-753.45516713
