  0.997920159156196      -1.010851935038725E-005 -1.010851934967754E-005
  4.440906853844330E-016 -2.021703869276306E-005 -1.010851935038725E-005
  0.995916840989178      -1.321993173497475E-005 -1.750846909552675E-005
  1.321993173517753E-005 -1.010851934967754E-005 -1.321993173497475E-005
  0.995916840989174       1.750846910119305E-005  1.321993173585927E-005
  4.440906853844330E-016 -1.750846909552675E-005  1.750846910119305E-005
  0.997920159156194      -5.191494885221649E-015 -2.021703869276306E-005
  1.321993173517753E-005  1.321993173585927E-005 -5.191494885221649E-015
  0.995916840989174       0.997920158887453      -1.010832326753649E-005
 -1.010832326682677E-005  4.163351097682709E-016 -2.021664652706153E-005
 -1.010832326753649E-005  0.995916840271820      -1.321877034980004E-005
 -1.750812947006673E-005  1.321877035000282E-005 -1.010832326682677E-005
 -1.321877034980004E-005  0.995916840271816       1.750812947573303E-005
  1.321877035068456E-005  4.163351097682709E-016 -1.750812947006673E-005
  1.750812947573303E-005  0.997920158887451      -5.191494674925421E-015
 -2.021664652706153E-005  1.321877035000282E-005  1.321877035068456E-005
 -5.191494674925421E-015  0.995916840271816       0.997923233419864     
 -3.979881488260873E-006 -6.920360063953992E-006  3.975526478683369E-006
  2.999979679771287E-006 -3.979881488260873E-006  0.995907513159815     
 -8.318634892626195E-006  5.761863799335254E-006  4.690678802466218E-006
 -6.920360063953992E-006 -8.318634892626195E-006  0.995932596036983     
  1.198641523569738E-005  8.318634893510733E-006  3.975526478683369E-006
  5.761863799335254E-006  1.198641523569738E-005  0.997918642877298     
 -6.327610373425867E-006  2.999979679771287E-006  4.690678802466218E-006
  8.318634893510733E-006 -6.327610373425867E-006  0.995907513159811     
  0.997923234510380      -3.979998036670992E-006 -6.918746643995925E-006
  3.975826761058723E-006  2.999735499391571E-006 -3.979998036670992E-006
  0.995907515004836      -8.318609790377758E-006  5.761649133375293E-006
  4.689691707632117E-006 -6.918746643995925E-006 -8.318609790377758E-006
  0.995932598133315       1.198362071035606E-005  8.318609791262296E-006
  3.975826761058723E-006  5.761649133375293E-006  1.198362071035606E-005
  0.997918643621077      -6.327603974329819E-006  2.999735499391571E-006
  4.689691707632117E-006  8.318609791262296E-006 -6.327603974329819E-006
  0.995907515004831       0.997923233419865      -6.920360064663746E-006
 -3.979881487551164E-006 -3.975526477822955E-006  2.999979679771293E-006
 -6.920360064663746E-006  0.995932596036987      -8.318634892626235E-006
 -1.198641523003096E-005  8.318634892828988E-006 -3.979881487551164E-006
 -8.318634892626235E-006  0.995907513159811      -5.761863793668862E-006
  4.690678803148047E-006 -3.975526477822955E-006 -1.198641523003096E-005
 -5.761863793668862E-006  0.997918642877298       6.327610363042913E-006
  2.999979679771293E-006  8.318634892828988E-006  4.690678803148047E-006
  6.327610363042913E-006  0.995907513159811       0.997923234510380     
 -6.918746644705678E-006 -3.979998035961284E-006 -3.975826760163614E-006
  2.999735499391578E-006 -6.918746644705678E-006  0.995932598133319     
 -8.318609790377798E-006 -1.198362070468965E-005  8.318609790580553E-006
 -3.979998035961284E-006 -8.318609790377798E-006  0.995907515004832     
 -5.761649127708900E-006  4.689691708313947E-006 -3.975826760163614E-006
 -1.198362070468965E-005 -5.761649127708900E-006  0.997918643621078     
  6.327603963946864E-006  2.999735499391578E-006  8.318609790580553E-006
  4.689691708313947E-006  6.327603963946864E-006  0.995907515004831     
  0.997916347606017       6.979861160020762E-006  6.979861160730393E-006
  4.302189652435384E-016 -1.384072012131585E-005  6.979861160020762E-006
  0.995907513159815      -4.690678802263495E-006 -5.657465688991698E-007
  8.318634892828937E-006  6.979861160730393E-006 -4.690678802263495E-006
  0.995907513159811       5.657465745655094E-007  8.318634893510802E-006
  4.302189652435384E-016 -5.657465688991698E-007  5.657465745655094E-007
  0.997925528691145      -5.191569212539781E-015 -1.384072012131585E-005
  8.318634892828937E-006  8.318634893510802E-006 -5.191569212539781E-015
  0.995932596036983       0.997916348176429       6.979733528051167E-006
  6.979733528760797E-006  4.232800711562709E-016 -1.383749328139971E-005
  6.979733528051167E-006  0.995907515004835      -4.689691707429395E-006
 -5.659548357630848E-007  8.318609790580498E-006  6.979733528760797E-006
 -4.689691707429395E-006  0.995907515004832       5.659548414294243E-007
  8.318609791262365E-006  4.232800711562709E-016 -5.659548357630848E-007
  5.659548414294243E-007  0.997925529955029      -5.191569318294588E-015
 -1.383749328139971E-005  8.318609790580498E-006  8.318609791262365E-006
 -5.191569318294588E-015  0.995932598133315       0.000000000000000E+000
  0.000000000000000E+000  0.000000000000000E+000  0.000000000000000E+000
  0.000000000000000E+000  0.000000000000000E+000  0.000000000000000E+000
  0.000000000000000E+000  0.000000000000000E+000  0.000000000000000E+000
  0.000000000000000E+000  0.000000000000000E+000  0.000000000000000E+000
  0.000000000000000E+000  0.000000000000000E+000  0.000000000000000E+000
  0.000000000000000E+000  0.000000000000000E+000  0.000000000000000E+000
  0.000000000000000E+000  0.000000000000000E+000  0.000000000000000E+000
  0.000000000000000E+000  0.000000000000000E+000  0.000000000000000E+000
  0.000000000000000E+000  0.000000000000000E+000  0.000000000000000E+000
  0.000000000000000E+000  0.000000000000000E+000  0.000000000000000E+000
  0.000000000000000E+000  0.000000000000000E+000  0.000000000000000E+000
  0.000000000000000E+000  0.000000000000000E+000  0.000000000000000E+000
  0.000000000000000E+000  0.000000000000000E+000  0.000000000000000E+000
  0.000000000000000E+000  0.000000000000000E+000  0.000000000000000E+000
  0.000000000000000E+000  0.000000000000000E+000  0.000000000000000E+000
  0.000000000000000E+000  0.000000000000000E+000  0.000000000000000E+000
  0.000000000000000E+000  0.000000000000000E+000  0.000000000000000E+000
  0.000000000000000E+000  0.000000000000000E+000  0.000000000000000E+000
  0.000000000000000E+000  0.000000000000000E+000  0.000000000000000E+000
  0.000000000000000E+000  0.000000000000000E+000  0.000000000000000E+000
  0.000000000000000E+000  0.000000000000000E+000  0.000000000000000E+000
  0.000000000000000E+000  0.000000000000000E+000  0.000000000000000E+000
  0.000000000000000E+000  0.000000000000000E+000  0.000000000000000E+000
  0.000000000000000E+000  0.000000000000000E+000  0.000000000000000E+000
  0.000000000000000E+000  0.000000000000000E+000  0.000000000000000E+000
  0.000000000000000E+000  0.000000000000000E+000  0.000000000000000E+000
  0.000000000000000E+000  0.000000000000000E+000  0.000000000000000E+000
  0.000000000000000E+000  0.000000000000000E+000  0.000000000000000E+000
  0.000000000000000E+000  0.000000000000000E+000  0.000000000000000E+000
  0.000000000000000E+000  0.000000000000000E+000  0.000000000000000E+000
  0.000000000000000E+000  0.000000000000000E+000  0.000000000000000E+000
  0.000000000000000E+000  0.000000000000000E+000  0.000000000000000E+000
  0.000000000000000E+000  0.000000000000000E+000  0.000000000000000E+000
  0.000000000000000E+000  0.000000000000000E+000  0.000000000000000E+000
  0.000000000000000E+000  0.000000000000000E+000  0.000000000000000E+000
  0.000000000000000E+000  0.000000000000000E+000  0.000000000000000E+000
  0.000000000000000E+000  0.000000000000000E+000  0.000000000000000E+000
  0.000000000000000E+000  0.000000000000000E+000  0.000000000000000E+000
  0.000000000000000E+000  0.000000000000000E+000  0.000000000000000E+000
  0.000000000000000E+000  0.000000000000000E+000  0.000000000000000E+000
  0.000000000000000E+000  0.000000000000000E+000  0.000000000000000E+000
  0.000000000000000E+000  0.000000000000000E+000  0.000000000000000E+000
  0.000000000000000E+000  0.000000000000000E+000  0.000000000000000E+000
  0.000000000000000E+000  0.000000000000000E+000  0.000000000000000E+000
  0.000000000000000E+000  0.000000000000000E+000  0.000000000000000E+000
  0.000000000000000E+000  0.000000000000000E+000  0.000000000000000E+000
  0.000000000000000E+000  0.000000000000000E+000  0.000000000000000E+000
  0.000000000000000E+000  0.000000000000000E+000  0.000000000000000E+000
  0.000000000000000E+000  0.000000000000000E+000  0.000000000000000E+000
  0.000000000000000E+000  0.000000000000000E+000  0.000000000000000E+000
  0.000000000000000E+000  0.000000000000000E+000  0.000000000000000E+000
  0.000000000000000E+000  0.000000000000000E+000  0.000000000000000E+000
  0.000000000000000E+000  0.000000000000000E+000  0.000000000000000E+000
  0.000000000000000E+000  0.000000000000000E+000  0.000000000000000E+000
  0.000000000000000E+000  0.000000000000000E+000  0.000000000000000E+000
  0.000000000000000E+000  0.000000000000000E+000  0.000000000000000E+000
  0.000000000000000E+000  0.000000000000000E+000  0.000000000000000E+000
  0.000000000000000E+000  0.000000000000000E+000  0.000000000000000E+000
  0.000000000000000E+000  0.000000000000000E+000  0.000000000000000E+000
  0.000000000000000E+000  0.000000000000000E+000  0.000000000000000E+000
  0.000000000000000E+000  0.000000000000000E+000  0.000000000000000E+000
  0.000000000000000E+000  0.000000000000000E+000  0.000000000000000E+000
  0.000000000000000E+000  0.000000000000000E+000  0.000000000000000E+000
  0.000000000000000E+000  0.000000000000000E+000  0.000000000000000E+000
  0.000000000000000E+000  0.000000000000000E+000  0.000000000000000E+000
  0.000000000000000E+000  0.000000000000000E+000  0.000000000000000E+000
  0.000000000000000E+000  0.997891111172642      -1.435462342603619E-004
 -1.435462342596515E-004  4.439114949962489E-016  6.348684441666725E-005
 -1.435462342603619E-004  0.995722709965497      -1.973165142718466E-004
 -2.012530037347209E-005  4.673187548265525E-005 -1.435462342596515E-004
 -1.973165142718466E-004  0.995722709965494       2.012530037913596E-005
  4.673187548333700E-005  4.439114949962489E-016 -2.012530037347209E-005
  2.012530037913596E-005  0.997937741872949      -5.191600223221069E-015
  6.348684441666725E-005  4.673187548265525E-005  4.673187548333700E-005
 -5.191600223221069E-015  0.995987587791613       0.997891111358249     
 -1.435459676144832E-004 -1.435459676137728E-004  4.300337069732193E-016
  6.348699901274888E-005 -1.435459676144832E-004  0.995722709985247     
 -1.973167720394125E-004 -2.012458449349619E-005  4.673113548943023E-005
 -1.435459676137728E-004 -1.973167720394125E-004  0.995722709985244     
  2.012458449916007E-005  4.673113549011197E-005  4.300337069732193E-016
 -2.012458449349619E-005  2.012458449916007E-005  0.997937742744640     
 -5.191600647709527E-015  6.348699901274888E-005  4.673113548943023E-005
  4.673113549011197E-005 -5.191600647709527E-015  0.995987588453841     
  0.997882462301353       1.063538239962503E-004 -1.226330512313068E-004
  9.195350803294111E-007 -3.846633290988529E-005  1.063538239962503E-004
  0.995724062407605       1.853330925911086E-004  5.989953324594513E-006
  4.634151265641891E-005 -1.226330512313068E-004  1.853330925911086E-004
  0.995753689184981       1.421118087468335E-005 -2.315224116111085E-005
  9.195350803294111E-007  5.989953324594513E-006  1.421118087468335E-005
  0.997954705841326       7.828902762072433E-006 -3.846633290988529E-005
  4.634151265641891E-005 -2.315224116111085E-005  7.828902762072433E-006
  0.996019003048948       0.997882463078602       1.063542134573195E-004
 -1.226334073130110E-004  9.196801609019667E-007 -3.846666258608341E-005
  1.063542134573195E-004  0.995724063946359       1.853332698642645E-004
  5.990310929051579E-006  4.634107549864750E-005 -1.226334073130110E-004
  1.853332698642645E-004  0.995753690142768       1.421143286844540E-005
 -2.315198737607551E-005  9.196801609019667E-007  5.990310929051579E-006
  1.421143286844540E-005  0.997954706982101       7.828867689662176E-006
 -3.846666258608341E-005  4.634107549864750E-005 -2.315198737607551E-005
  7.828867689662176E-006  0.996019005300307       0.997882462301353     
 -1.226330512320161E-004  1.063538239969595E-004 -9.195350794343112E-007
 -3.846633290988552E-005 -1.226330512320161E-004  0.995753689184985     
  1.853330925911086E-004 -1.421118086901661E-005 -2.315224116179333E-005
  1.063538239969595E-004  1.853330925911086E-004  0.995724062407601     
 -5.989953318928418E-006  4.634151265710151E-005 -9.195350794343112E-007
 -1.421118086901661E-005 -5.989953318928418E-006  0.997954705841327     
 -7.828902772456276E-006 -3.846633290988552E-005 -2.315224116179333E-005
  4.634151265710151E-005 -7.828902772456276E-006  0.996019003048948     
  0.997882463078602      -1.226334073137204E-004  1.063542134580287E-004
 -9.196801600207446E-007 -3.846666258608363E-005 -1.226334073137204E-004
  0.995753690142772       1.853332698642644E-004 -1.421143286277865E-005
 -2.315198737675798E-005  1.063542134580287E-004  1.853332698642644E-004
  0.995724063946356      -5.990310923385485E-006  4.634107549933009E-005
 -9.196801600207446E-007 -1.421143286277865E-005 -5.990310923385485E-006
  0.997954706982101      -7.828867700046021E-006 -3.846666258608363E-005
 -2.315198737675798E-005  4.634107549933009E-005 -7.828867700046021E-006
  0.996019005300307       0.997945141290250      -2.468596056602474E-005
 -2.468596056531499E-005  4.232947840203943E-016 -3.064276169322050E-005
 -2.468596056602474E-005  0.995814819085775      -9.635462283345097E-005
 -4.593768459836866E-005  8.090997559423087E-005 -2.468596056531499E-005
 -9.635462283345097E-005  0.995814819085771       4.593768460403339E-005
  8.090997559491240E-005  4.232947840203943E-016 -4.593768459836866E-005
  4.593768460403339E-005  0.997922366475620      -5.191353296560051E-015
 -3.064276169322050E-005  8.090997559423087E-005  8.090997559491240E-005
 -5.191353296560051E-015  0.995968303532585       0.997945139365196     
 -2.468585847292886E-005 -2.468585847221912E-005  4.579892533763210E-016
 -3.064258912231703E-005 -2.468585847292886E-005  0.995814815637314     
 -9.635405986037392E-005 -4.593743881452206E-005  8.090988765946238E-005
 -2.468585847221912E-005 -9.635405986037392E-005  0.995814815637310     
  4.593743882018679E-005  8.090988766014390E-005  4.579892533763210E-016
 -4.593743881452206E-005  4.593743882018679E-005  0.997922364441715     
 -5.191352660936221E-015 -3.064258912231703E-005  8.090988765946238E-005
  8.090988766014390E-005 -5.191352660936221E-015  0.995968300317993     
  0.000000000000000E+000  0.000000000000000E+000  0.000000000000000E+000
  0.000000000000000E+000  0.000000000000000E+000  0.000000000000000E+000
  0.000000000000000E+000  0.000000000000000E+000  0.000000000000000E+000
  0.000000000000000E+000  0.000000000000000E+000  0.000000000000000E+000
  0.000000000000000E+000  0.000000000000000E+000  0.000000000000000E+000
  0.000000000000000E+000  0.000000000000000E+000  0.000000000000000E+000
  0.000000000000000E+000  0.000000000000000E+000  0.000000000000000E+000
  0.000000000000000E+000  0.000000000000000E+000  0.000000000000000E+000
  0.000000000000000E+000  0.000000000000000E+000  0.000000000000000E+000
  0.000000000000000E+000  0.000000000000000E+000  0.000000000000000E+000
  0.000000000000000E+000  0.000000000000000E+000  0.000000000000000E+000
  0.000000000000000E+000  0.000000000000000E+000  0.000000000000000E+000
  0.000000000000000E+000  0.000000000000000E+000  0.000000000000000E+000
  0.000000000000000E+000  0.000000000000000E+000  0.000000000000000E+000
  0.000000000000000E+000  0.000000000000000E+000  0.000000000000000E+000
  0.000000000000000E+000  0.000000000000000E+000  0.000000000000000E+000
  0.000000000000000E+000  0.000000000000000E+000  0.000000000000000E+000
  0.000000000000000E+000  0.000000000000000E+000  0.000000000000000E+000
  0.000000000000000E+000  0.000000000000000E+000  0.000000000000000E+000
  0.000000000000000E+000  0.000000000000000E+000  0.000000000000000E+000
  0.000000000000000E+000  0.000000000000000E+000  0.000000000000000E+000
  0.000000000000000E+000  0.000000000000000E+000  0.000000000000000E+000
  0.000000000000000E+000  0.000000000000000E+000  0.000000000000000E+000
  0.000000000000000E+000  0.000000000000000E+000  0.000000000000000E+000
  0.000000000000000E+000  0.000000000000000E+000  0.000000000000000E+000
  0.000000000000000E+000  0.000000000000000E+000  0.000000000000000E+000
  0.000000000000000E+000  0.000000000000000E+000  0.000000000000000E+000
  0.000000000000000E+000  0.000000000000000E+000  0.000000000000000E+000
  0.000000000000000E+000  0.000000000000000E+000  0.000000000000000E+000
  0.000000000000000E+000  0.000000000000000E+000  0.000000000000000E+000
  0.000000000000000E+000  0.000000000000000E+000  0.000000000000000E+000
  0.000000000000000E+000  0.000000000000000E+000  0.000000000000000E+000
  0.000000000000000E+000  0.000000000000000E+000  0.000000000000000E+000
  0.000000000000000E+000  0.000000000000000E+000  0.000000000000000E+000
  0.000000000000000E+000  0.000000000000000E+000  0.000000000000000E+000
  0.000000000000000E+000  0.000000000000000E+000  0.000000000000000E+000
  0.000000000000000E+000  0.000000000000000E+000  0.000000000000000E+000
  0.000000000000000E+000  0.000000000000000E+000  0.000000000000000E+000
  0.000000000000000E+000  0.000000000000000E+000  0.000000000000000E+000
  0.000000000000000E+000  0.000000000000000E+000  0.000000000000000E+000
  0.000000000000000E+000  0.000000000000000E+000  0.000000000000000E+000
  0.000000000000000E+000  0.000000000000000E+000  0.000000000000000E+000
  0.000000000000000E+000  0.000000000000000E+000  0.000000000000000E+000
  0.000000000000000E+000  0.000000000000000E+000  0.000000000000000E+000
  0.000000000000000E+000  0.000000000000000E+000  0.000000000000000E+000
  0.000000000000000E+000  0.000000000000000E+000  0.000000000000000E+000
  0.000000000000000E+000  0.000000000000000E+000  0.000000000000000E+000
  0.000000000000000E+000  0.000000000000000E+000  0.000000000000000E+000
  0.000000000000000E+000  0.000000000000000E+000  0.000000000000000E+000
  0.000000000000000E+000  0.000000000000000E+000  0.000000000000000E+000
  0.000000000000000E+000  0.000000000000000E+000  0.000000000000000E+000
  0.000000000000000E+000  0.000000000000000E+000  0.000000000000000E+000
  0.000000000000000E+000  0.000000000000000E+000  0.000000000000000E+000
  0.000000000000000E+000  0.000000000000000E+000  0.000000000000000E+000
  0.000000000000000E+000  0.000000000000000E+000  0.000000000000000E+000
  0.000000000000000E+000  0.000000000000000E+000  0.000000000000000E+000
  0.000000000000000E+000  0.000000000000000E+000  0.000000000000000E+000
  0.000000000000000E+000  0.000000000000000E+000  0.000000000000000E+000
  0.000000000000000E+000  0.000000000000000E+000  0.000000000000000E+000
  0.000000000000000E+000  0.000000000000000E+000  0.000000000000000E+000
  0.000000000000000E+000  0.000000000000000E+000  0.000000000000000E+000
  0.000000000000000E+000  0.000000000000000E+000  0.000000000000000E+000
  0.000000000000000E+000  0.000000000000000E+000  0.000000000000000E+000
  0.000000000000000E+000  0.000000000000000E+000  0.000000000000000E+000
  0.000000000000000E+000  0.000000000000000E+000  0.000000000000000E+000
  0.000000000000000E+000  0.000000000000000E+000  0.000000000000000E+000
  0.000000000000000E+000  0.000000000000000E+000  0.997926084197874     
  3.174342220432808E-005  5.434409574119349E-005 -2.019168553125950E-005
 -8.920213851186878E-005  3.174342220432808E-005  0.995987587791617     
 -4.673187548245299E-005  5.498122007264347E-005  4.673187548265571E-005
  5.434409574119349E-005 -4.673187548245299E-005  0.995722709965493     
  1.343773356751475E-004  1.973165142727305E-004 -2.019168553125950E-005
  5.498122007264347E-005  1.343773356751475E-004  0.997902768847717     
 -1.142520353012021E-004 -8.920213851186878E-005  4.673187548265571E-005
  1.973165142727305E-004 -1.142520353012021E-004  0.995722709965494     
  0.997926084898043       3.174349950236889E-005  5.434458238849933E-005
 -2.019198261440231E-005 -8.920138521868426E-005  3.174349950236889E-005
  0.995987588453844      -4.673113548922797E-005  5.498135395677748E-005
  4.673113548943069E-005  5.434458238849933E-005 -4.673113548922797E-005
  0.995722709985244       1.343767468130548E-004  1.973167720402964E-004
 -2.019198261440231E-005  5.498135395677748E-005  1.343767468130548E-004
  0.997902769204845      -1.142521623190853E-004 -8.920138521868426E-005
  4.673113548943069E-005  1.973167720402964E-004 -1.142521623190853E-004
  0.995722709985243       0.997937441297073      -1.245313777873967E-005
  4.900928195889395E-005 -3.082260289851561E-005  5.836436374523857E-005
 -1.245313777873967E-005  0.996019003048952       2.315224116199572E-005
 -3.722727287232317E-005  4.634151265641936E-005  4.900928195889395E-005
  2.315224116199572E-005  0.995753689184981       1.133089281463811E-004
 -1.853330925902240E-004 -3.082260289851561E-005 -3.722727287232317E-005
  1.133089281463811E-004  0.997899726845606       8.911013670720136E-005
  5.836436374523857E-005  4.634151265641936E-005 -1.853330925902240E-004
  8.911013670720136E-005  0.995724062407601       0.997937442472610     
 -1.245333299043699E-005  4.900924176674653E-005 -3.082268776927881E-005
  5.836486817031749E-005 -1.245333299043699E-005  0.996019005300311     
  2.315198737696038E-005 -3.722754084408063E-005  4.634107549864795E-005
  4.900924176674653E-005  2.315198737696038E-005  0.995753690142768     
  1.133093625190638E-004 -1.853332698633799E-004 -3.082268776927881E-005
 -3.722754084408063E-005  1.133093625190638E-004  0.997899727588093     
  8.911029518815253E-005  5.836486817031749E-005  4.634107549864795E-005
 -1.853332698633799E-004  8.911029518815253E-005  0.995724063946355     
  0.997928060179280      -1.532138085061577E-005 -2.744022157698080E-005
  9.861784017337064E-006 -5.212618213570545E-005 -1.532138085061577E-005
  0.995968303532589      -8.090997559402823E-005 -2.653741006674262E-005
  8.090997559423110E-005 -2.744022157698080E-005 -8.090997559402823E-005
  0.995814819085771       4.434751126752967E-005  9.635462283433518E-005
  9.861784017337064E-006 -2.653741006674262E-005  4.434751126752967E-005
  0.997939447586591       1.590173331312954E-006 -5.212618213570545E-005
  8.090997559423110E-005  9.635462283433518E-005  1.590173331312954E-006
  0.995814819085771       0.997928058172586      -1.532129456516403E-005
 -2.744005976847374E-005  9.861831151605774E-006 -5.212591823410254E-005
 -1.532129456516403E-005  0.995968300317997      -8.090988765925973E-005
 -2.653726061595628E-005  8.090988765946262E-005 -2.744005976847374E-005
 -8.090988765925973E-005  0.995814815637310       4.434729996039180E-005
  9.635405986125811E-005  9.861831151605774E-006 -2.653726061595628E-005
  4.434729996039180E-005  0.997939445634324       1.590138854604232E-006
 -5.212591823410254E-005  8.090988765946262E-005  9.635405986125811E-005
  1.590138854604232E-006  0.995814815637310       0.997935848615596     
 -2.601319513915808E-005 -4.798946025831306E-005 -3.174213797835226E-005
 -7.362376926582020E-005 -2.601319513915808E-005  0.996019003048952     
 -4.634151265621674E-005 -2.939837010505880E-005 -2.315224116179298E-005
 -4.798946025831306E-005 -4.634151265621674E-005  0.995724062407601     
 -9.510009003132088E-005 -1.853330925902236E-004 -3.174213797835226E-005
 -2.939837010505880E-005 -9.510009003132088E-005  0.997901319527084     
 -9.909774727688892E-005 -7.362376926582020E-005 -2.315224116179298E-005
 -1.853330925902236E-004 -9.909774727688892E-005  0.995753689184981     
  0.997935849539845      -2.601332960365888E-005 -4.798934529430332E-005
 -3.174236792973658E-005 -7.362416553967184E-005 -2.601332960365888E-005
  0.996019005300311      -4.634107549844532E-005 -2.939867314922652E-005
 -2.315198737675764E-005 -4.798934529430332E-005 -4.634107549844532E-005
  0.995724063946355      -9.510060611672912E-005 -1.853332698633795E-004
 -3.174236792973658E-005 -2.939867314922652E-005 -9.510060611672912E-005
  0.997901320520858      -9.909792965580954E-005 -7.362416553967184E-005
 -2.315198737675764E-005 -1.853332698633795E-004 -9.909792965580954E-005
  0.995753690142768       0.000000000000000E+000  0.000000000000000E+000
  0.000000000000000E+000  0.000000000000000E+000  0.000000000000000E+000
  0.000000000000000E+000  0.000000000000000E+000  0.000000000000000E+000
  0.000000000000000E+000  0.000000000000000E+000  0.000000000000000E+000
  0.000000000000000E+000  0.000000000000000E+000  0.000000000000000E+000
  0.000000000000000E+000  0.000000000000000E+000  0.000000000000000E+000
  0.000000000000000E+000  0.000000000000000E+000  0.000000000000000E+000
  0.000000000000000E+000  0.000000000000000E+000  0.000000000000000E+000
  0.000000000000000E+000  0.000000000000000E+000  0.000000000000000E+000
  0.000000000000000E+000  0.000000000000000E+000  0.000000000000000E+000
  0.000000000000000E+000  0.000000000000000E+000  0.000000000000000E+000
  0.000000000000000E+000  0.000000000000000E+000  0.000000000000000E+000
  0.000000000000000E+000  0.000000000000000E+000  0.000000000000000E+000
  0.000000000000000E+000  0.000000000000000E+000  0.000000000000000E+000
  0.000000000000000E+000  0.000000000000000E+000  0.000000000000000E+000
  0.000000000000000E+000  0.000000000000000E+000  0.000000000000000E+000
  0.000000000000000E+000  0.000000000000000E+000  0.000000000000000E+000
  0.000000000000000E+000  0.000000000000000E+000  0.000000000000000E+000
  0.000000000000000E+000  0.000000000000000E+000  0.000000000000000E+000
  0.000000000000000E+000  0.000000000000000E+000  0.000000000000000E+000
  0.000000000000000E+000  0.000000000000000E+000  0.000000000000000E+000
  0.000000000000000E+000  0.000000000000000E+000  0.000000000000000E+000
  0.000000000000000E+000  0.000000000000000E+000  0.000000000000000E+000
  0.000000000000000E+000  0.000000000000000E+000  0.000000000000000E+000
  0.000000000000000E+000  0.000000000000000E+000  0.000000000000000E+000
  0.000000000000000E+000  0.000000000000000E+000  0.000000000000000E+000
  0.000000000000000E+000  0.000000000000000E+000  0.000000000000000E+000
  0.000000000000000E+000  0.000000000000000E+000  0.000000000000000E+000
  0.000000000000000E+000  0.000000000000000E+000  0.000000000000000E+000
  0.000000000000000E+000  0.000000000000000E+000  0.000000000000000E+000
  0.000000000000000E+000  0.000000000000000E+000  0.000000000000000E+000
  0.000000000000000E+000  0.000000000000000E+000  0.000000000000000E+000
  0.000000000000000E+000  0.000000000000000E+000  0.000000000000000E+000
  0.000000000000000E+000  0.000000000000000E+000  0.000000000000000E+000
  0.000000000000000E+000  0.000000000000000E+000  0.000000000000000E+000
  0.000000000000000E+000  0.000000000000000E+000  0.000000000000000E+000
  0.000000000000000E+000  0.000000000000000E+000  0.000000000000000E+000
  0.000000000000000E+000  0.000000000000000E+000  0.000000000000000E+000
  0.000000000000000E+000  0.000000000000000E+000  0.000000000000000E+000
  0.000000000000000E+000  0.000000000000000E+000  0.000000000000000E+000
  0.000000000000000E+000  0.000000000000000E+000  0.000000000000000E+000
  0.000000000000000E+000  0.000000000000000E+000  0.000000000000000E+000
  0.000000000000000E+000  0.000000000000000E+000  0.000000000000000E+000
  0.000000000000000E+000  0.000000000000000E+000  0.000000000000000E+000
  0.000000000000000E+000  0.000000000000000E+000  0.000000000000000E+000
  0.000000000000000E+000  0.000000000000000E+000  0.000000000000000E+000
  0.000000000000000E+000  0.000000000000000E+000  0.000000000000000E+000
  0.000000000000000E+000  0.000000000000000E+000  0.000000000000000E+000
  0.000000000000000E+000  0.000000000000000E+000  0.000000000000000E+000
  0.000000000000000E+000  0.000000000000000E+000  0.000000000000000E+000
  0.000000000000000E+000  0.000000000000000E+000  0.000000000000000E+000
  0.000000000000000E+000  0.000000000000000E+000  0.000000000000000E+000
  0.000000000000000E+000  0.000000000000000E+000  0.000000000000000E+000
  0.000000000000000E+000  0.000000000000000E+000  0.000000000000000E+000
  0.000000000000000E+000  0.000000000000000E+000  0.000000000000000E+000
  0.000000000000000E+000  0.000000000000000E+000  0.000000000000000E+000
  0.000000000000000E+000  0.000000000000000E+000  0.000000000000000E+000
  0.000000000000000E+000  0.000000000000000E+000  0.000000000000000E+000
  0.000000000000000E+000  0.000000000000000E+000  0.000000000000000E+000
  0.000000000000000E+000  0.000000000000000E+000  0.000000000000000E+000
  0.000000000000000E+000  0.000000000000000E+000  0.000000000000000E+000
  0.000000000000000E+000  0.000000000000000E+000  0.000000000000000E+000
  0.000000000000000E+000  0.000000000000000E+000  0.000000000000000E+000
  0.000000000000000E+000  0.000000000000000E+000  0.000000000000000E+000
  0.000000000000000E+000  0.000000000000000E+000  0.000000000000000E+000
  0.000000000000000E+000  0.000000000000000E+000  0.000000000000000E+000
  0.000000000000000E+000  0.000000000000000E+000  0.000000000000000E+000
  0.997915873411827       8.263394980073488E-006 -5.402675356545484E-005
 -5.511555840477485E-006 -2.229860489245503E-005  8.263394980073488E-006
  0.995947161085133       5.671168895998502E-005 -3.051908439120343E-005
  8.684145426567610E-005 -5.402675356545484E-005  5.671168895998502E-005
  0.995947167650233       9.357708214162915E-005 -5.671168895910029E-005
 -5.511555840477485E-006 -3.051908439120343E-005  9.357708214162915E-005
  0.997922237608322       2.241585216897724E-005 -2.229860489245503E-005
  8.684145426567610E-005 -5.671168895910029E-005  2.241585216897724E-005
  0.995947161085129       0.997915872024585       8.263625268012012E-006
 -5.402631574287165E-005 -5.511797546091342E-006 -2.229857198147892E-005
  8.263625268012012E-006  0.995947159546508       5.671172278749390E-005
 -3.051917934568490E-005  8.684113413695640E-005 -5.402631574287165E-005
  5.671172278749390E-005  0.995947165521376       9.357632381067033E-005
 -5.671172278660917E-005 -5.511797546091342E-006 -3.051917934568490E-005
  9.357632381067033E-005  0.997922236500177       2.241609908142293E-005
 -2.229857198147892E-005  8.684113413695640E-005 -5.671172278660917E-005
  2.241609908142293E-005  0.995947159546504       0.997900726908382     
  4.142647528512557E-006 -6.328193246269611E-005  1.507412173328695E-005
  4.305608932054058E-005  4.142647528512557E-006  0.995953948324279     
 -4.274623300228659E-005  4.732513085257540E-005  1.011501353996847E-004
 -6.328193246269611E-005 -4.274623300228659E-005  0.995919650490064     
  1.096075222247904E-004  4.274623300317089E-005  1.507412173328695E-005
  4.732513085257540E-005  1.096075222247904E-004  0.997883320811900     
 -2.007492742854374E-005  4.305608932054058E-005  1.011501353996847E-004
  4.274623300317089E-005 -2.007492742854374E-005  0.995953948324275     
  0.997900726667371       4.142101848667184E-006 -6.328251531336293E-005
  1.507401061788534E-005  4.305543079411822E-005  4.142101848667184E-006
  0.995953948600211      -4.274669831024682E-005  4.732468550016658E-005
  1.011496329929646E-004 -6.328251531336293E-005 -4.274669831024682E-005
  0.995919650303286       1.096085317517586E-004  4.274669831113110E-005
  1.507401061788534E-005  4.732468550016658E-005  1.096085317517586E-004
  0.997883320699194      -2.007517732494775E-005  4.305543079411822E-005
  1.011496329929646E-004  4.274669831113110E-005 -2.007517732494775E-005
  0.995953948600207       0.997881331987536       6.475582663107538E-005
  6.458241711675758E-005  4.782060180194562E-005  1.291754427401187E-004
  6.475582663107538E-005  0.995929944743689       8.714924558992694E-005
  6.565401074202290E-005  5.087964025397049E-005  6.458241711675758E-005
  8.714924558992694E-005  0.995933775931646       2.542284024110783E-005
 -4.098788938577144E-005  4.782060180194562E-005  6.565401074202290E-005
  2.542284024110783E-005  0.997924639502320       3.415800110707339E-005
  1.291754427401187E-004  5.087964025397049E-005 -4.098788938577144E-005
  3.415800110707339E-005  0.995977328180228       0.997881330079842     
  6.475556696927981E-005  6.458286319629509E-005  4.782067986676412E-005
  1.291751109938725E-004  6.475556696927981E-005  0.995929941737962     
  8.714955971081646E-005  6.565360304626016E-005  5.087963062458282E-005
  6.458286319629509E-005  8.714955971081646E-005  0.995933772633768     
  2.542231225968481E-005 -4.098745929768149E-005  4.782067986676412E-005
  6.565360304626016E-005  2.542231225968481E-005  0.997924637642492     
  3.415799822693784E-005  1.291751109938725E-004  5.087963062458282E-005
 -4.098745929768149E-005  3.415799822693784E-005  0.995977324700119     
  0.997955226479610       9.416941807177217E-005 -5.430803404503979E-005
  5.157596911720169E-006  8.923595447899748E-005  9.416941807177217E-005
  0.995977328180232       4.098788938665615E-005  9.479021440361153E-005
  5.087964025397050E-005 -5.430803404503979E-005  4.098788938665615E-005
  0.995933775931646      -4.321859374123180E-005 -8.714924558904205E-005
  5.157596911720169E-006  9.479021440361153E-005 -4.321859374123180E-005
  0.997850745010247       2.325318553368797E-005  8.923595447899748E-005
  5.087964025397050E-005 -8.714924558904205E-005  2.325318553368797E-005
  0.995929944743685       0.997955224675422       9.416924970437851E-005
 -5.430779983948349E-005  5.157615217604755E-006  8.923547157321213E-005
  9.416924970437851E-005  0.995977324700123       4.098745929856619E-005
  9.478992854300249E-005  5.087963062458284E-005 -5.430779983948349E-005
  4.098745929856619E-005  0.995933772633768      -4.321924404815491E-005
 -8.714955970993159E-005  5.157615217604755E-006  9.478992854300249E-005
 -4.321924404815491E-005  0.997850743046912       2.325316450785796E-005
  8.923547157321213E-005  5.087963062458284E-005 -8.714955970993159E-005
  2.325316450785796E-005  0.995929941737958       0.000000000000000E+000
  0.000000000000000E+000  0.000000000000000E+000  0.000000000000000E+000
  0.000000000000000E+000  0.000000000000000E+000  0.000000000000000E+000
  0.000000000000000E+000  0.000000000000000E+000  0.000000000000000E+000
  0.000000000000000E+000  0.000000000000000E+000  0.000000000000000E+000
  0.000000000000000E+000  0.000000000000000E+000  0.000000000000000E+000
  0.000000000000000E+000  0.000000000000000E+000  0.000000000000000E+000
  0.000000000000000E+000  0.000000000000000E+000  0.000000000000000E+000
  0.000000000000000E+000  0.000000000000000E+000  0.000000000000000E+000
  0.000000000000000E+000  0.000000000000000E+000  0.000000000000000E+000
  0.000000000000000E+000  0.000000000000000E+000  0.000000000000000E+000
  0.000000000000000E+000  0.000000000000000E+000  0.000000000000000E+000
  0.000000000000000E+000  0.000000000000000E+000  0.000000000000000E+000
  0.000000000000000E+000  0.000000000000000E+000  0.000000000000000E+000
  0.000000000000000E+000  0.000000000000000E+000  0.000000000000000E+000
  0.000000000000000E+000  0.000000000000000E+000  0.000000000000000E+000
  0.000000000000000E+000  0.000000000000000E+000  0.000000000000000E+000
  0.000000000000000E+000  0.000000000000000E+000  0.000000000000000E+000
  0.000000000000000E+000  0.000000000000000E+000  0.000000000000000E+000
  0.000000000000000E+000  0.000000000000000E+000  0.000000000000000E+000
  0.000000000000000E+000  0.000000000000000E+000  0.000000000000000E+000
  0.000000000000000E+000  0.000000000000000E+000  0.000000000000000E+000
  0.000000000000000E+000  0.000000000000000E+000  0.000000000000000E+000
  0.000000000000000E+000  0.000000000000000E+000  0.000000000000000E+000
  0.000000000000000E+000  0.000000000000000E+000  0.000000000000000E+000
  0.000000000000000E+000  0.000000000000000E+000  0.000000000000000E+000
  0.000000000000000E+000  0.000000000000000E+000  0.000000000000000E+000
  0.000000000000000E+000  0.000000000000000E+000  0.000000000000000E+000
  0.000000000000000E+000  0.000000000000000E+000  0.000000000000000E+000
  0.000000000000000E+000  0.000000000000000E+000  0.000000000000000E+000
  0.000000000000000E+000  0.000000000000000E+000  0.000000000000000E+000
  0.000000000000000E+000  0.000000000000000E+000  0.000000000000000E+000
  0.000000000000000E+000  0.000000000000000E+000  0.000000000000000E+000
  0.000000000000000E+000  0.000000000000000E+000  0.000000000000000E+000
  0.000000000000000E+000  0.000000000000000E+000  0.000000000000000E+000
  0.000000000000000E+000  0.000000000000000E+000  0.000000000000000E+000
  0.000000000000000E+000  0.000000000000000E+000  0.000000000000000E+000
  0.000000000000000E+000  0.000000000000000E+000  0.000000000000000E+000
  0.000000000000000E+000  0.000000000000000E+000  0.000000000000000E+000
  0.000000000000000E+000  0.000000000000000E+000  0.000000000000000E+000
  0.000000000000000E+000  0.000000000000000E+000  0.000000000000000E+000
  0.000000000000000E+000  0.000000000000000E+000  0.000000000000000E+000
  0.000000000000000E+000  0.000000000000000E+000  0.000000000000000E+000
  0.000000000000000E+000  0.000000000000000E+000  0.000000000000000E+000
  0.000000000000000E+000  0.000000000000000E+000  0.000000000000000E+000
  0.000000000000000E+000  0.000000000000000E+000  0.000000000000000E+000
  0.000000000000000E+000  0.000000000000000E+000  0.000000000000000E+000
  0.000000000000000E+000  0.000000000000000E+000  0.000000000000000E+000
  0.000000000000000E+000  0.000000000000000E+000  0.000000000000000E+000
  0.000000000000000E+000  0.000000000000000E+000  0.000000000000000E+000
  0.000000000000000E+000  0.000000000000000E+000  0.000000000000000E+000
  0.000000000000000E+000  0.000000000000000E+000  0.000000000000000E+000
  0.000000000000000E+000  0.000000000000000E+000  0.000000000000000E+000
  0.000000000000000E+000  0.000000000000000E+000  0.000000000000000E+000
  0.000000000000000E+000  0.000000000000000E+000  0.000000000000000E+000
  0.000000000000000E+000  0.000000000000000E+000  0.000000000000000E+000
  0.000000000000000E+000  0.000000000000000E+000  0.000000000000000E+000
  0.000000000000000E+000  0.000000000000000E+000  0.000000000000000E+000
  0.000000000000000E+000  0.000000000000000E+000  0.000000000000000E+000
  0.000000000000000E+000  0.000000000000000E+000  0.000000000000000E+000
  0.000000000000000E+000  0.000000000000000E+000  0.000000000000000E+000
  0.000000000000000E+000  0.000000000000000E+000  0.000000000000000E+000
  0.000000000000000E+000  0.000000000000000E+000  0.000000000000000E+000
  0.000000000000000E+000  0.000000000000000E+000  0.000000000000000E+000
  0.000000000000000E+000  0.000000000000000E+000  0.000000000000000E+000
  0.000000000000000E+000  0.000000000000000E+000  0.000000000000000E+000
  0.000000000000000E+000  0.000000000000000E+000  0.000000000000000E+000
  0.000000000000000E+000  0.997926084197874       5.434409574048419E-005
  3.174342220503749E-005  2.019168553213397E-005 -8.920213851186884E-005
  5.434409574048419E-005  0.995722709965497      -4.673187548245214E-005
 -1.343773356694846E-004  1.973165142720496E-004  3.174342220503749E-005
 -4.673187548245214E-005  0.995987587791613      -5.498122006697661E-005
  4.673187548333670E-005  2.019168553213397E-005 -1.343773356694846E-004
 -5.498122006697661E-005  0.997902768847717       1.142520352908218E-004
 -8.920213851186884E-005  1.973165142720496E-004  4.673187548333670E-005
  1.142520352908218E-004  0.995722709965494       0.997926084898044     
  5.434458238779005E-005  3.174349950307829E-005  2.019198261527678E-005
 -8.920138521868432E-005  5.434458238779005E-005  0.995722709985248     
 -4.673113548922712E-005 -1.343767468073919E-004  1.973167720396155E-004
  3.174349950307829E-005 -4.673113548922712E-005  0.995987588453841     
 -5.498135395111062E-005  4.673113549011167E-005  2.019198261527678E-005
 -1.343767468073919E-004 -5.498135395111062E-005  0.997902769204845     
  1.142521623087050E-004 -8.920138521868432E-005  1.973167720396155E-004
  4.673113549011167E-005  1.142521623087050E-004  0.995722709985244     
  0.997928060179279      -2.744022157769044E-005 -1.532138084990592E-005
 -9.861784016504402E-006 -5.212618213570545E-005 -2.744022157769044E-005
  0.995814819085775      -8.090997559402784E-005 -4.434751126186503E-005
  9.635462283365391E-005 -1.532138084990592E-005 -8.090997559402784E-005
  0.995968303532585       2.653741007240836E-005  8.090997559491217E-005
 -9.861784016504402E-006 -4.434751126186503E-005  2.653741007240836E-005
  0.997939447586591      -1.590173341694452E-006 -5.212618213570545E-005
  9.635462283365391E-005  8.090997559491217E-005 -1.590173341694452E-006
  0.995814819085771       0.997928058172586      -2.744005976918339E-005
 -1.532129456445420E-005 -9.861831150696784E-006 -5.212591823410253E-005
 -2.744005976918339E-005  0.995814815637314      -8.090988765925936E-005
 -4.434729995472715E-005  9.635405986057686E-005 -1.532129456445420E-005
 -8.090988765925936E-005  0.995968300317993       2.653726062162201E-005
  8.090988766014368E-005 -9.861831150696784E-006 -4.434729995472715E-005
  2.653726062162201E-005  0.997939445634324      -1.590138864985730E-006
 -5.212591823410253E-005  9.635405986057686E-005  8.090988766014368E-005
 -1.590138864985730E-006  0.995814815637310       0.997937441297074     
  4.900928195818435E-005 -1.245313777802982E-005  3.082260289938314E-005
  5.836436374523875E-005  4.900928195818435E-005  0.995753689184985     
  2.315224116199577E-005 -1.133089281407140E-004 -1.853330925909057E-004
 -1.245313777802982E-005  2.315224116199577E-005  0.996019003048948     
  3.722727287798997E-005  4.634151265710085E-005  3.082260289938314E-005
 -1.133089281407140E-004  3.722727287798997E-005  0.997899726845606     
 -8.911013671758393E-005  5.836436374523875E-005 -1.853330925909057E-004
  4.634151265710085E-005 -8.911013671758393E-005  0.995724062407601     
  0.997937442472610       4.900924176603694E-005 -1.245333298972713E-005
  3.082268777011858E-005  5.836486817031766E-005  4.900924176603694E-005
  0.995753690142772       2.315198737696042E-005 -1.133093625133967E-004
 -1.853332698640616E-004 -1.245333298972713E-005  2.315198737696042E-005
  0.996019005300307       3.722754084974742E-005  4.634107549932944E-005
  3.082268777011858E-005 -1.133093625133967E-004  3.722754084974742E-005
  0.997899727588093      -8.911029519853510E-005  5.836486817031766E-005
 -1.853332698640616E-004  4.634107549932944E-005 -8.911029519853510E-005
  0.995724063946355       0.997935848615596      -4.798946025902247E-005
 -2.601319513844819E-005  3.174213797924721E-005 -7.362376926582008E-005
 -4.798946025902247E-005  0.995724062407605      -4.634151265621646E-005
  9.510009003698742E-005 -1.853330925909061E-004 -2.601319513844819E-005
 -4.634151265621646E-005  0.996019003048948       2.939837011072574E-005
 -2.315224116111132E-005  3.174213797924721E-005  9.510009003698742E-005
  2.939837011072574E-005  0.997901319527084       9.909774726650603E-005
 -7.362376926582008E-005 -1.853330925909061E-004 -2.315224116111132E-005
  9.909774726650603E-005  0.995753689184980       0.997935849539845     
 -4.798934529501273E-005 -2.601332960294900E-005  3.174236793061766E-005
 -7.362416553967170E-005 -4.798934529501273E-005  0.995724063946359     
 -4.634107549844506E-005  9.510060612239565E-005 -1.853332698640619E-004
 -2.601332960294900E-005 -4.634107549844506E-005  0.996019005300307     
  2.939867315489347E-005 -2.315198737607597E-005  3.174236793061766E-005
  9.510060612239565E-005  2.939867315489347E-005  0.997901320520858     
  9.909792964542667E-005 -7.362416553967170E-005 -1.853332698640619E-004
 -2.315198737607597E-005  9.909792964542667E-005  0.995753690142768     
  0.000000000000000E+000  0.000000000000000E+000  0.000000000000000E+000
  0.000000000000000E+000  0.000000000000000E+000  0.000000000000000E+000
  0.000000000000000E+000  0.000000000000000E+000  0.000000000000000E+000
  0.000000000000000E+000  0.000000000000000E+000  0.000000000000000E+000
  0.000000000000000E+000  0.000000000000000E+000  0.000000000000000E+000
  0.000000000000000E+000  0.000000000000000E+000  0.000000000000000E+000
  0.000000000000000E+000  0.000000000000000E+000  0.000000000000000E+000
  0.000000000000000E+000  0.000000000000000E+000  0.000000000000000E+000
  0.000000000000000E+000  0.000000000000000E+000  0.000000000000000E+000
  0.000000000000000E+000  0.000000000000000E+000  0.000000000000000E+000
  0.000000000000000E+000  0.000000000000000E+000  0.000000000000000E+000
  0.000000000000000E+000  0.000000000000000E+000  0.000000000000000E+000
  0.000000000000000E+000  0.000000000000000E+000  0.000000000000000E+000
  0.000000000000000E+000  0.000000000000000E+000  0.000000000000000E+000
  0.000000000000000E+000  0.000000000000000E+000  0.000000000000000E+000
  0.000000000000000E+000  0.000000000000000E+000  0.000000000000000E+000
  0.000000000000000E+000  0.000000000000000E+000  0.000000000000000E+000
  0.000000000000000E+000  0.000000000000000E+000  0.000000000000000E+000
  0.000000000000000E+000  0.000000000000000E+000  0.000000000000000E+000
  0.000000000000000E+000  0.000000000000000E+000  0.000000000000000E+000
  0.000000000000000E+000  0.000000000000000E+000  0.000000000000000E+000
  0.000000000000000E+000  0.000000000000000E+000  0.000000000000000E+000
  0.000000000000000E+000  0.000000000000000E+000  0.000000000000000E+000
  0.000000000000000E+000  0.000000000000000E+000  0.000000000000000E+000
  0.000000000000000E+000  0.000000000000000E+000  0.000000000000000E+000
  0.000000000000000E+000  0.000000000000000E+000  0.000000000000000E+000
  0.000000000000000E+000  0.000000000000000E+000  0.000000000000000E+000
  0.000000000000000E+000  0.000000000000000E+000  0.000000000000000E+000
  0.000000000000000E+000  0.000000000000000E+000  0.000000000000000E+000
  0.000000000000000E+000  0.000000000000000E+000  0.000000000000000E+000
  0.000000000000000E+000  0.000000000000000E+000  0.000000000000000E+000
  0.000000000000000E+000  0.000000000000000E+000  0.000000000000000E+000
  0.000000000000000E+000  0.000000000000000E+000  0.000000000000000E+000
  0.000000000000000E+000  0.000000000000000E+000  0.000000000000000E+000
  0.000000000000000E+000  0.000000000000000E+000  0.000000000000000E+000
  0.000000000000000E+000  0.000000000000000E+000  0.000000000000000E+000
  0.000000000000000E+000  0.000000000000000E+000  0.000000000000000E+000
  0.000000000000000E+000  0.000000000000000E+000  0.000000000000000E+000
  0.000000000000000E+000  0.000000000000000E+000  0.000000000000000E+000
  0.000000000000000E+000  0.000000000000000E+000  0.000000000000000E+000
  0.000000000000000E+000  0.000000000000000E+000  0.000000000000000E+000
  0.000000000000000E+000  0.000000000000000E+000  0.000000000000000E+000
  0.000000000000000E+000  0.000000000000000E+000  0.000000000000000E+000
  0.000000000000000E+000  0.000000000000000E+000  0.000000000000000E+000
  0.000000000000000E+000  0.000000000000000E+000  0.000000000000000E+000
  0.000000000000000E+000  0.000000000000000E+000  0.000000000000000E+000
  0.000000000000000E+000  0.000000000000000E+000  0.000000000000000E+000
  0.000000000000000E+000  0.000000000000000E+000  0.000000000000000E+000
  0.000000000000000E+000  0.000000000000000E+000  0.000000000000000E+000
  0.000000000000000E+000  0.000000000000000E+000  0.000000000000000E+000
  0.000000000000000E+000  0.000000000000000E+000  0.000000000000000E+000
  0.000000000000000E+000  0.000000000000000E+000  0.000000000000000E+000
  0.000000000000000E+000  0.000000000000000E+000  0.000000000000000E+000
  0.000000000000000E+000  0.000000000000000E+000  0.000000000000000E+000
  0.000000000000000E+000  0.000000000000000E+000  0.000000000000000E+000
  0.000000000000000E+000  0.000000000000000E+000  0.000000000000000E+000
  0.000000000000000E+000  0.000000000000000E+000  0.000000000000000E+000
  0.000000000000000E+000  0.000000000000000E+000  0.000000000000000E+000
  0.000000000000000E+000  0.000000000000000E+000  0.000000000000000E+000
  0.000000000000000E+000  0.000000000000000E+000  0.000000000000000E+000
  0.000000000000000E+000  0.000000000000000E+000  0.000000000000000E+000
  0.000000000000000E+000  0.000000000000000E+000  0.000000000000000E+000
  0.000000000000000E+000  0.000000000000000E+000  0.000000000000000E+000
  0.000000000000000E+000  0.000000000000000E+000  0.000000000000000E+000
  0.000000000000000E+000  0.000000000000000E+000  0.000000000000000E+000
  0.000000000000000E+000  0.000000000000000E+000  0.000000000000000E+000
  0.000000000000000E+000  0.000000000000000E+000  0.997915873411827     
 -5.402675356616467E-005  8.263394980783241E-006  5.511555841331011E-006
 -2.229860489245500E-005 -5.402675356616467E-005  0.995947167650237     
  5.671168895998471E-005 -9.357708213596178E-005 -5.671168895978194E-005
  8.263394980783241E-006  5.671168895998471E-005  0.995947161085129     
  3.051908439686982E-005  8.684145426635792E-005  5.511555841331011E-006
 -9.357708213596178E-005  3.051908439686982E-005  0.997922237608322     
 -2.241585217936056E-005 -2.229860489245500E-005 -5.671168895978194E-005
  8.684145426635792E-005 -2.241585217936056E-005  0.995947161085129     
  0.997915872024585      -5.402631574358147E-005  8.263625268721763E-006
  5.511797546958746E-006 -2.229857198147889E-005 -5.402631574358147E-005
  0.995947165521380       5.671172278749359E-005 -9.357632380500301E-005
 -5.671172278729081E-005  8.263625268721763E-006  5.671172278749359E-005
  0.995947159546504       3.051917935135129E-005  8.684113413763823E-005
  5.511797546958746E-006 -9.357632380500301E-005  3.051917935135129E-005
  0.997922236500177      -2.241609909180624E-005 -2.229857198147889E-005
 -5.671172278729081E-005  8.684113413763823E-005 -2.241609909180624E-005
  0.995947159546504       0.997881331987537       6.458241711604788E-005
  6.475582663178499E-005 -4.782060180107812E-005  1.291754427401189E-004
  6.458241711604788E-005  0.995933775931650       8.714924558992671E-005
 -2.542284023544057E-005 -4.098788938645338E-005  6.475582663178499E-005
  8.714924558992671E-005  0.995929944743685      -6.565401073635606E-005
  5.087964025465268E-005 -4.782060180107812E-005 -2.542284023544057E-005
 -6.565401073635606E-005  0.997924639502320      -3.415800111745683E-005
  1.291754427401189E-004 -4.098788938645338E-005  5.087964025465268E-005
 -3.415800111745683E-005  0.995977328180228       0.997881330079842     
  6.458286319558540E-005  6.475556696998940E-005 -4.782067986586886E-005
  1.291751109938727E-004  6.458286319558540E-005  0.995933772633772     
  8.714955971081623E-005 -2.542231225401754E-005 -4.098745929836343E-005
  6.475556696998940E-005  8.714955971081623E-005  0.995929941737958     
 -6.565360304059333E-005  5.087963062526501E-005 -4.782067986586886E-005
 -2.542231225401754E-005 -6.565360304059333E-005  0.997924637642492     
 -3.415799823732127E-005  1.291751109938727E-004 -4.098745929836343E-005
  5.087963062526501E-005 -3.415799823732127E-005  0.995977324700119     
  0.997900726908382      -6.328193246340618E-005  4.142647529222514E-006
 -1.507412173241961E-005  4.305608932054064E-005 -6.328193246340618E-005
  0.995919650490068      -4.274623300228661E-005 -1.096075222191249E-004
  4.274623300248961E-005  4.142647529222514E-006 -4.274623300228661E-005
  0.995953948324275      -4.732513084690936E-005  1.011501354003663E-004
 -1.507412173241961E-005 -1.096075222191249E-004 -4.732513084690936E-005
  0.997883320811899       2.007492741816119E-005  4.305608932054064E-005
  4.274623300248961E-005  1.011501354003663E-004  2.007492741816119E-005
  0.995953948324275       0.997900726667371      -6.328251531407300E-005
  4.142101849377141E-006 -1.507401061701107E-005  4.305543079411826E-005
 -6.328251531407300E-005  0.995919650303290      -4.274669831024683E-005
 -1.096085317460930E-004  4.274669831044984E-005  4.142101849377141E-006
 -4.274669831024683E-005  0.995953948600207      -4.732468549450053E-005
  1.011496329936463E-004 -1.507401061701107E-005 -1.096085317460930E-004
 -4.732468549450053E-005  0.997883320699193       2.007517731456520E-005
  4.305543079411826E-005  4.274669831044984E-005  1.011496329936463E-004
  2.007517731456520E-005  0.995953948600207       0.997955226479610     
 -5.430803404574952E-005  9.416941807248195E-005 -5.157596910880625E-006
  8.923595447899742E-005 -5.430803404574952E-005  0.995933775931650     
  4.098788938665600E-005  4.321859374689925E-005 -8.714924558972412E-005
  9.416941807248195E-005  4.098788938665600E-005  0.995977328180228     
 -9.479021439794485E-005  5.087964025465268E-005 -5.157596910880625E-006
  4.321859374689925E-005 -9.479021439794485E-005  0.997850745010246     
 -2.325318554407098E-005  8.923595447899742E-005 -8.714924558972412E-005
  5.087964025465268E-005 -2.325318554407098E-005  0.995929944743685     
  0.997955224675421      -5.430779984019322E-005  9.416924970508830E-005
 -5.157615216751333E-006  8.923547157321207E-005 -5.430779984019322E-005
  0.995933772633772       4.098745929856605E-005  4.321924405382236E-005
 -8.714955971061366E-005  9.416924970508830E-005  4.098745929856605E-005
  0.995977324700119      -9.478992853733584E-005  5.087963062526502E-005
 -5.157615216751333E-006  4.321924405382236E-005 -9.478992853733584E-005
  0.997850743046913      -2.325316451824097E-005  8.923547157321207E-005
 -8.714955971061366E-005  5.087963062526502E-005 -2.325316451824097E-005
  0.995929941737958       0.000000000000000E+000  0.000000000000000E+000
  0.000000000000000E+000  0.000000000000000E+000  0.000000000000000E+000
  0.000000000000000E+000  0.000000000000000E+000  0.000000000000000E+000
  0.000000000000000E+000  0.000000000000000E+000  0.000000000000000E+000
  0.000000000000000E+000  0.000000000000000E+000  0.000000000000000E+000
  0.000000000000000E+000  0.000000000000000E+000  0.000000000000000E+000
  0.000000000000000E+000  0.000000000000000E+000  0.000000000000000E+000
  0.000000000000000E+000  0.000000000000000E+000  0.000000000000000E+000
  0.000000000000000E+000  0.000000000000000E+000  0.000000000000000E+000
  0.000000000000000E+000  0.000000000000000E+000  0.000000000000000E+000
  0.000000000000000E+000  0.000000000000000E+000  0.000000000000000E+000
  0.000000000000000E+000  0.000000000000000E+000  0.000000000000000E+000
  0.000000000000000E+000  0.000000000000000E+000  0.000000000000000E+000
  0.000000000000000E+000  0.000000000000000E+000  0.000000000000000E+000
  0.000000000000000E+000  0.000000000000000E+000  0.000000000000000E+000
  0.000000000000000E+000  0.000000000000000E+000  0.000000000000000E+000
  0.000000000000000E+000  0.000000000000000E+000  0.000000000000000E+000
  0.000000000000000E+000  0.000000000000000E+000  0.000000000000000E+000
  0.000000000000000E+000  0.000000000000000E+000  0.000000000000000E+000
  0.000000000000000E+000  0.000000000000000E+000  0.000000000000000E+000
  0.000000000000000E+000  0.000000000000000E+000  0.000000000000000E+000
  0.000000000000000E+000  0.000000000000000E+000  0.000000000000000E+000
  0.000000000000000E+000  0.000000000000000E+000  0.000000000000000E+000
  0.000000000000000E+000  0.000000000000000E+000  0.000000000000000E+000
  0.000000000000000E+000  0.000000000000000E+000  0.000000000000000E+000
  0.000000000000000E+000  0.000000000000000E+000  0.000000000000000E+000
  0.000000000000000E+000  0.000000000000000E+000  0.000000000000000E+000
  0.000000000000000E+000  0.000000000000000E+000  0.000000000000000E+000
  0.000000000000000E+000  0.000000000000000E+000  0.000000000000000E+000
  0.000000000000000E+000  0.000000000000000E+000  0.000000000000000E+000
  0.000000000000000E+000  0.000000000000000E+000  0.000000000000000E+000
  0.000000000000000E+000  0.000000000000000E+000  0.000000000000000E+000
  0.000000000000000E+000  0.000000000000000E+000  0.000000000000000E+000
  0.000000000000000E+000  0.000000000000000E+000  0.000000000000000E+000
  0.000000000000000E+000  0.000000000000000E+000  0.000000000000000E+000
  0.000000000000000E+000  0.000000000000000E+000  0.000000000000000E+000
  0.000000000000000E+000  0.000000000000000E+000  0.000000000000000E+000
  0.000000000000000E+000  0.000000000000000E+000  0.000000000000000E+000
  0.000000000000000E+000  0.000000000000000E+000  0.000000000000000E+000
  0.000000000000000E+000  0.000000000000000E+000  0.000000000000000E+000
  0.000000000000000E+000  0.000000000000000E+000  0.000000000000000E+000
  0.000000000000000E+000  0.000000000000000E+000  0.000000000000000E+000
  0.000000000000000E+000  0.000000000000000E+000  0.000000000000000E+000
  0.000000000000000E+000  0.000000000000000E+000  0.000000000000000E+000
  0.000000000000000E+000  0.000000000000000E+000  0.000000000000000E+000
  0.000000000000000E+000  0.000000000000000E+000  0.000000000000000E+000
  0.000000000000000E+000  0.000000000000000E+000  0.000000000000000E+000
  0.000000000000000E+000  0.000000000000000E+000  0.000000000000000E+000
  0.000000000000000E+000  0.000000000000000E+000  0.000000000000000E+000
  0.000000000000000E+000  0.000000000000000E+000  0.000000000000000E+000
  0.000000000000000E+000  0.000000000000000E+000  0.000000000000000E+000
  0.000000000000000E+000  0.000000000000000E+000  0.000000000000000E+000
  0.000000000000000E+000  0.000000000000000E+000  0.000000000000000E+000
  0.000000000000000E+000  0.000000000000000E+000  0.000000000000000E+000
  0.000000000000000E+000  0.000000000000000E+000  0.000000000000000E+000
  0.000000000000000E+000  0.000000000000000E+000  0.000000000000000E+000
  0.000000000000000E+000  0.000000000000000E+000  0.000000000000000E+000
  0.000000000000000E+000  0.000000000000000E+000  0.000000000000000E+000
  0.000000000000000E+000  0.000000000000000E+000  0.000000000000000E+000
  0.000000000000000E+000  0.000000000000000E+000  0.000000000000000E+000
  0.000000000000000E+000  0.000000000000000E+000  0.000000000000000E+000
  0.000000000000000E+000  0.000000000000000E+000  0.000000000000000E+000
  0.000000000000000E+000  0.000000000000000E+000  0.000000000000000E+000
  0.000000000000000E+000  0.000000000000000E+000  0.000000000000000E+000
  0.000000000000000E+000  0.000000000000000E+000  0.000000000000000E+000
  0.000000000000000E+000  0.000000000000000E+000  0.000000000000000E+000
  0.000000000000000E+000  0.000000000000000E+000  0.000000000000000E+000
  0.997925419706572      -3.056199988054018E-005 -3.056199987983044E-005
  4.371205585621218E-016 -1.080535071243165E-004 -3.056199988054018E-005
  0.995947161085133      -8.684145426547344E-005 -8.103232217034413E-006
 -5.671168895978211E-005 -3.056199987983044E-005 -8.684145426547344E-005
  0.995947161085129       8.103232222701033E-006 -5.671168895910013E-005
  4.371205585621218E-016 -8.103232217034413E-006  8.103232222701033E-006
  0.997912691313577      -5.191977569328515E-015 -1.080535071243165E-004
 -5.671168895978211E-005 -5.671168895910013E-005 -5.191977569328515E-015
  0.995947167650233       0.997925418737976      -3.056219725750260E-005
 -3.056219725679286E-005  4.301816642907731E-016 -1.080526314791502E-004
 -3.056219725750260E-005  0.995947159546508      -8.684113413675374E-005
 -8.103080259070200E-006 -5.671172278729098E-005 -3.056219725679286E-005
 -8.684113413675374E-005  0.995947159546504       8.103080264736821E-006
 -5.671172278660901E-005  4.301816642907731E-016 -8.103080259070200E-006
  8.103080264736821E-006  0.997912689786785      -5.191978416117891E-015
 -1.080526314791502E-004 -5.671172278729098E-005 -5.671172278660901E-005
 -5.191978416117891E-015  0.995947165521376       0.997872398767641     
  3.500602466033485E-005  2.448012784062000E-005 -4.266300488977448E-005
  1.027438307831099E-005  3.500602466033485E-005  0.995977328180232     
 -5.087964025376807E-005  1.289482155158767E-004 -4.098788938645358E-005
  2.448012784062000E-005 -5.087964025376807E-005  0.995929944743685     
 -8.890719627523543E-005 -8.714924558904196E-005 -4.266300488977448E-005
  1.289482155158767E-004 -8.890719627523543E-005  0.997933572722215     
  6.864143397714782E-005  1.027438307831099E-005 -4.098788938645358E-005
 -8.714924558904196E-005  6.864143397714782E-005  0.995933775931646     
  0.997872396828241       3.500586128148231E-005  2.447990459663024E-005
 -4.266306464872921E-005  1.027506336340480E-005  3.500586128148231E-005
  0.995977324700123      -5.087963062438040E-005  1.289479267751321E-004
 -4.098745929836362E-005  2.447990459663024E-005 -5.087963062438040E-005
  0.995929941737958      -8.890676755364269E-005 -8.714955970993148E-005
 -4.266306464872921E-005  1.289479267751321E-004 -8.890676755364269E-005
  0.997933570894094       6.864155630264790E-005  1.027506336340480E-005
 -4.098745929836362E-005 -8.714955970993148E-005  6.864155630264790E-005
  0.995933772633768       0.997872398767641       2.448012783991037E-005
  3.500602466104448E-005  4.266300489062787E-005  1.027438307831084E-005
  2.448012783991037E-005  0.995929944743689      -5.087964025376803E-005
  8.890719628090244E-005 -8.714924558972422E-005  3.500602466104448E-005
 -5.087964025376803E-005  0.995977328180228      -1.289482155102099E-004
 -4.098788938577125E-005  4.266300489062787E-005  8.890719628090244E-005
 -1.289482155102099E-004  0.997933572722215      -6.864143398753147E-005
  1.027438307831084E-005 -8.714924558972422E-005 -4.098788938577125E-005
 -6.864143398753147E-005  0.995933775931646       0.997872396828240     
  2.447990459592062E-005  3.500586128219195E-005  4.266306464961035E-005
  1.027506336340465E-005  2.447990459592062E-005  0.995929941737962     
 -5.087963062438037E-005  8.890676755930971E-005 -8.714955971061376E-005
  3.500586128219195E-005 -5.087963062438037E-005  0.995977324700119     
 -1.289479267694653E-004 -4.098745929768129E-005  4.266306464961035E-005
  8.890676755930971E-005 -1.289479267694653E-004  0.997933570894094     
 -6.864155631303157E-005  1.027506336340465E-005 -8.714955971061376E-005
 -4.098745929768129E-005 -6.864155631303157E-005  0.995933772633767     
  0.997874617763661       3.891344178401723E-005  3.891344178472664E-005
  4.441158855571310E-016 -1.265638649188009E-004  3.891344178401723E-005
  0.995953948324279      -1.011501353994820E-004  2.725020342922278E-005
  4.274623300248948E-005  3.891344178472664E-005 -1.011501353994820E-004
  0.995953948324275      -2.725020342355698E-005  4.274623300317111E-005
  4.441158855571310E-016  2.725020342922278E-005 -2.725020342355698E-005
  0.997909429956620      -5.191251279652781E-015 -1.265638649188009E-004
  4.274623300248948E-005  4.274623300317111E-005 -5.191251279652781E-015
  0.995919650490064       0.997874617715108       3.891332893744023E-005
  3.891332893814965E-005  4.510547803243459E-016 -1.265650306201345E-004
  3.891332893744023E-005  0.995953948600211      -1.011496329927619E-004
  2.724950818040994E-005  4.274669831044970E-005  3.891332893814965E-005
 -1.011496329927619E-004  0.995953948600207      -2.724950817474414E-005
  4.274669831113132E-005  4.510547803243459E-016  2.724950818040994E-005
 -2.724950817474414E-005  0.997909429651457      -5.191250432550032E-015
 -1.265650306201345E-004  4.274669831044970E-005  4.274669831113132E-005
 -5.191250432550032E-015  0.995919650303286       0.000000000000000E+000
  0.000000000000000E+000  0.000000000000000E+000  0.000000000000000E+000
  0.000000000000000E+000  0.000000000000000E+000  0.000000000000000E+000
  0.000000000000000E+000  0.000000000000000E+000  0.000000000000000E+000
  0.000000000000000E+000  0.000000000000000E+000  0.000000000000000E+000
  0.000000000000000E+000  0.000000000000000E+000  0.000000000000000E+000
  0.000000000000000E+000  0.000000000000000E+000  0.000000000000000E+000
  0.000000000000000E+000  0.000000000000000E+000  0.000000000000000E+000
  0.000000000000000E+000  0.000000000000000E+000  0.000000000000000E+000
  0.000000000000000E+000  0.000000000000000E+000  0.000000000000000E+000
  0.000000000000000E+000  0.000000000000000E+000  0.000000000000000E+000
  0.000000000000000E+000  0.000000000000000E+000  0.000000000000000E+000
  0.000000000000000E+000  0.000000000000000E+000  0.000000000000000E+000
  0.000000000000000E+000  0.000000000000000E+000  0.000000000000000E+000
  0.000000000000000E+000  0.000000000000000E+000  0.000000000000000E+000
  0.000000000000000E+000  0.000000000000000E+000  0.000000000000000E+000
  0.000000000000000E+000  0.000000000000000E+000  0.000000000000000E+000
  0.000000000000000E+000  0.000000000000000E+000  0.000000000000000E+000
  0.000000000000000E+000  0.000000000000000E+000  0.000000000000000E+000
  0.000000000000000E+000  0.000000000000000E+000  0.000000000000000E+000
  0.000000000000000E+000  0.000000000000000E+000  0.000000000000000E+000
  0.000000000000000E+000  0.000000000000000E+000  0.000000000000000E+000
  0.000000000000000E+000  0.000000000000000E+000  0.000000000000000E+000
  0.000000000000000E+000  0.000000000000000E+000  0.000000000000000E+000
  0.000000000000000E+000  0.000000000000000E+000  0.000000000000000E+000
  0.000000000000000E+000  0.000000000000000E+000  0.000000000000000E+000
  0.000000000000000E+000  0.000000000000000E+000  0.000000000000000E+000
  0.000000000000000E+000  0.000000000000000E+000  0.000000000000000E+000
  0.000000000000000E+000  0.000000000000000E+000  0.000000000000000E+000
  0.000000000000000E+000  0.000000000000000E+000  0.000000000000000E+000
  0.000000000000000E+000  0.000000000000000E+000  0.000000000000000E+000
  0.000000000000000E+000  0.000000000000000E+000  0.000000000000000E+000
  0.000000000000000E+000  0.000000000000000E+000  0.000000000000000E+000
  0.000000000000000E+000  0.000000000000000E+000  0.000000000000000E+000
  0.000000000000000E+000  0.000000000000000E+000  0.000000000000000E+000
  0.000000000000000E+000  0.000000000000000E+000  0.000000000000000E+000
  0.000000000000000E+000  0.000000000000000E+000  0.000000000000000E+000
  0.000000000000000E+000  0.000000000000000E+000  0.000000000000000E+000
  0.000000000000000E+000  0.000000000000000E+000  0.000000000000000E+000
  0.000000000000000E+000  0.000000000000000E+000  0.000000000000000E+000
  0.000000000000000E+000  0.000000000000000E+000  0.000000000000000E+000
  0.000000000000000E+000  0.000000000000000E+000  0.000000000000000E+000
  0.000000000000000E+000  0.000000000000000E+000  0.000000000000000E+000
  0.000000000000000E+000  0.000000000000000E+000  0.000000000000000E+000
  0.000000000000000E+000  0.000000000000000E+000  0.000000000000000E+000
  0.000000000000000E+000  0.000000000000000E+000  0.000000000000000E+000
  0.000000000000000E+000  0.000000000000000E+000  0.000000000000000E+000
  0.000000000000000E+000  0.000000000000000E+000  0.000000000000000E+000
  0.000000000000000E+000  0.000000000000000E+000  0.000000000000000E+000
  0.000000000000000E+000  0.000000000000000E+000  0.000000000000000E+000
  0.000000000000000E+000  0.000000000000000E+000  0.000000000000000E+000
  0.000000000000000E+000  0.000000000000000E+000  0.000000000000000E+000
  0.000000000000000E+000  0.000000000000000E+000  0.000000000000000E+000
  0.000000000000000E+000  0.000000000000000E+000  0.000000000000000E+000
  0.000000000000000E+000  0.000000000000000E+000  0.000000000000000E+000
  0.000000000000000E+000  0.000000000000000E+000  0.000000000000000E+000
  0.000000000000000E+000  0.000000000000000E+000  0.000000000000000E+000
  0.000000000000000E+000  0.000000000000000E+000  0.000000000000000E+000
  0.000000000000000E+000  0.000000000000000E+000  0.000000000000000E+000
  0.000000000000000E+000  0.000000000000000E+000  0.000000000000000E+000
  0.000000000000000E+000  0.000000000000000E+000  0.000000000000000E+000
  0.000000000000000E+000  0.000000000000000E+000  0.000000000000000E+000
  0.000000000000000E+000  0.000000000000000E+000  0.000000000000000E+000
  0.000000000000000E+000  0.000000000000000E+000  0.000000000000000E+000
  0.000000000000000E+000  0.000000000000000E+000  0.000000000000000E+000
  0.000000000000000E+000  0.000000000000000E+000  0.000000000000000E+000
  0.000000000000000E+000  0.000000000000000E+000  0.000000000000000E+000
  0.000000000000000E+000  0.992912743023333       1.003644000264417E-004
  1.003644000271387E-004  4.299259939416518E-016  2.007288000606655E-004
  1.003644000264417E-004  0.976710618429819      -6.034732582146778E-003
  1.738362401253578E-004  6.034732582146987E-003  1.003644000271387E-004
 -6.034732582146778E-003  0.976710618429815      -1.738362401198807E-004
  6.034732582147625E-003  4.299259939416518E-016  1.738362401253578E-004
 -1.738362401198807E-004  0.992912743023331      -5.077277234523489E-015
  2.007288000606655E-004  6.034732582146987E-003  6.034732582147625E-003
 -5.077277234523489E-015  0.976710618429815       0.992912723347132     
  1.003626161619458E-004  1.003626161626428E-004  4.299259943042530E-016
  2.007252323316737E-004  1.003626161619458E-004  0.976710594019151     
 -6.034685532672913E-003  1.738331503814171E-004  6.034685532673122E-003
  1.003626161626428E-004 -6.034685532672913E-003  0.976710594019147     
 -1.738331503759400E-004  6.034685532673761E-003  4.299259943042530E-016
  1.738331503814171E-004 -1.738331503759400E-004  0.992912723347130     
 -5.077277289253618E-015  2.007252323316737E-004  6.034685532673122E-003
  6.034685532673761E-003 -5.077277289253618E-015  0.976710594019147     
  0.998480160851501       2.337416395122406E-005 -3.644830913461176E-005
  8.891635772251921E-007 -2.132075777483510E-005  2.337416395122406E-005
  0.996331014808006      -2.392321515059739E-004 -3.811417033119130E-005
 -2.515123587948249E-004 -3.644830913461176E-005 -2.392321515059739E-004
  0.996641875132987       6.313032326938197E-005  2.392321515068580E-004
  8.891635772251921E-007 -3.811417033119130E-005  6.313032326938197E-005
  0.998479134133838       3.929970493870451E-005 -2.132075777483510E-005
 -2.515123587948249E-004  2.392321515068580E-004  3.929970493870451E-005
  0.996331014808002       0.998480159510970       2.337375746178669E-005
 -3.644824834279265E-005  8.891099245942429E-007 -2.132091407731719E-005
  2.337375746178669E-005  0.996331012774133      -2.392329899261342E-004
 -3.811411612696545E-005 -2.515120462702870E-004 -3.644824834279265E-005
 -2.392329899261342E-004  0.996641871274825       6.313021797486261E-005
  2.392329899270182E-004  8.891099245942429E-007 -3.811411612696545E-005
  6.313021797486261E-005  0.998479132855260       3.929932580641247E-005
 -2.132091407731719E-005 -2.515120462702870E-004  2.392329899270182E-004
  3.929932580641247E-005  0.996331012774129       0.998480160851501     
 -3.644830913532231E-005  2.337416395193427E-005 -8.891635763577665E-007
 -2.132075777483573E-005 -3.644830913532231E-005  0.996641875132991     
 -2.392321515059735E-004 -6.313032326371449E-005  2.392321515061767E-004
  2.337416395193427E-005 -2.392321515059735E-004  0.996331014808002     
  3.811417033686074E-005 -2.515123587941432E-004 -8.891635763577665E-007
 -6.313032326371449E-005  3.811417033686074E-005  0.998479134133838     
 -3.929970494909252E-005 -2.132075777483573E-005  2.392321515061767E-004
 -2.515123587941432E-004 -3.929970494909252E-005  0.996331014808002     
  0.998480159510970      -3.644824834350321E-005  2.337375746249691E-005
 -8.891099237337563E-007 -2.132091407731783E-005 -3.644824834350321E-005
  0.996641871274829      -2.392329899261337E-004 -6.313021796919510E-005
  2.392329899263370E-004  2.337375746249691E-005 -2.392329899261337E-004
  0.996331012774129       3.811411613263488E-005 -2.515120462696052E-004
 -8.891099237337563E-007 -6.313021796919510E-005  3.811411613263488E-005
  0.998479132855260      -3.929932581680046E-005 -2.132091407731783E-005
  2.392329899263370E-004 -2.515120462696052E-004 -3.929932581680046E-005
  0.996331012774129       0.998478620775010      -4.469492173407458E-005
 -4.469492173336488E-005  4.371031595931697E-016 -7.289661826263013E-005
 -4.469492173407458E-005  0.996331014808006       2.515123587950282E-004
  1.185534612706749E-006  2.392321515061763E-004 -4.469492173336488E-005
  2.515123587950282E-004  0.996331014808002      -1.185534607038279E-006
  2.392321515068586E-004  4.371031595931697E-016  1.185534612706749E-006
 -1.185534607038279E-006  0.998480674210330      -5.193737587139296E-015
 -7.289661826263013E-005  2.392321515061763E-004  2.392321515068586E-004
 -5.193737587139296E-015  0.996641875132987       0.998478619527408     
 -4.469467154711931E-005 -4.469467154640960E-005  4.371031600122873E-016
 -7.289649667899191E-005 -4.469467154711931E-005  0.996331012774133     
  2.515120462704903E-004  1.185209684640554E-006  2.392329899263366E-004
 -4.469467154640960E-005  2.515120462704903E-004  0.996331012774129     
 -1.185209678972085E-006  2.392329899270189E-004  4.371031600122873E-016
  1.185209684640554E-006 -1.185209678972085E-006  0.998480672838822     
 -5.193735468555164E-015 -7.289649667899191E-005  2.392329899263366E-004
  2.392329899270189E-004 -5.193735468555164E-015  0.996641871274825     
  0.000000000000000E+000  0.000000000000000E+000  0.000000000000000E+000
  0.000000000000000E+000  0.000000000000000E+000  0.000000000000000E+000
  0.000000000000000E+000  0.000000000000000E+000  0.000000000000000E+000
  0.000000000000000E+000  0.000000000000000E+000  0.000000000000000E+000
  0.000000000000000E+000  0.000000000000000E+000  0.000000000000000E+000
  0.000000000000000E+000  0.000000000000000E+000  0.000000000000000E+000
  0.000000000000000E+000  0.000000000000000E+000  0.000000000000000E+000
  0.000000000000000E+000  0.000000000000000E+000  0.000000000000000E+000
  0.000000000000000E+000  0.000000000000000E+000  0.000000000000000E+000
  0.000000000000000E+000  0.000000000000000E+000  0.000000000000000E+000
  0.000000000000000E+000  0.000000000000000E+000  0.000000000000000E+000
  0.000000000000000E+000  0.000000000000000E+000  0.000000000000000E+000
  0.000000000000000E+000  0.000000000000000E+000  0.000000000000000E+000
  0.000000000000000E+000  0.000000000000000E+000  0.000000000000000E+000
  0.000000000000000E+000  0.000000000000000E+000  0.000000000000000E+000
  0.000000000000000E+000  0.000000000000000E+000  0.000000000000000E+000
  0.000000000000000E+000  0.000000000000000E+000  0.000000000000000E+000
  0.000000000000000E+000  0.000000000000000E+000  0.000000000000000E+000
  0.000000000000000E+000  0.000000000000000E+000  0.000000000000000E+000
  0.000000000000000E+000  0.000000000000000E+000  0.000000000000000E+000
  0.000000000000000E+000  0.000000000000000E+000  0.000000000000000E+000
  0.000000000000000E+000  0.000000000000000E+000  0.000000000000000E+000
  0.000000000000000E+000  0.000000000000000E+000  0.000000000000000E+000
  0.000000000000000E+000  0.000000000000000E+000  0.000000000000000E+000
  0.000000000000000E+000  0.000000000000000E+000  0.000000000000000E+000
  0.000000000000000E+000  0.000000000000000E+000  0.000000000000000E+000
  0.000000000000000E+000  0.000000000000000E+000  0.000000000000000E+000
  0.000000000000000E+000  0.000000000000000E+000  0.000000000000000E+000
  0.000000000000000E+000  0.000000000000000E+000  0.000000000000000E+000
  0.000000000000000E+000  0.000000000000000E+000  0.000000000000000E+000
  0.000000000000000E+000  0.000000000000000E+000  0.000000000000000E+000
  0.000000000000000E+000  0.000000000000000E+000  0.000000000000000E+000
  0.000000000000000E+000  0.000000000000000E+000  0.000000000000000E+000
  0.000000000000000E+000  0.000000000000000E+000  0.000000000000000E+000
  0.000000000000000E+000  0.000000000000000E+000  0.000000000000000E+000
  0.000000000000000E+000  0.000000000000000E+000  0.000000000000000E+000
  0.000000000000000E+000  0.000000000000000E+000  0.000000000000000E+000
  0.000000000000000E+000  0.000000000000000E+000  0.000000000000000E+000
  0.000000000000000E+000  0.000000000000000E+000  0.000000000000000E+000
  0.000000000000000E+000  0.000000000000000E+000  0.000000000000000E+000
  0.000000000000000E+000  0.000000000000000E+000  0.000000000000000E+000
  0.000000000000000E+000  0.000000000000000E+000  0.000000000000000E+000
  0.000000000000000E+000  0.000000000000000E+000  0.000000000000000E+000
  0.000000000000000E+000  0.000000000000000E+000  0.000000000000000E+000
  0.000000000000000E+000  0.000000000000000E+000  0.000000000000000E+000
  0.000000000000000E+000  0.000000000000000E+000  0.000000000000000E+000
  0.000000000000000E+000  0.000000000000000E+000  0.000000000000000E+000
  0.000000000000000E+000  0.000000000000000E+000  0.000000000000000E+000
  0.000000000000000E+000  0.000000000000000E+000  0.000000000000000E+000
  0.000000000000000E+000  0.000000000000000E+000  0.000000000000000E+000
