  0.997944933079030      -3.672755779982775E-006 -3.672755779272986E-006
  4.302121600877835E-016 -7.345511551953671E-006 -3.672755779982775E-006
  0.995985228310097      -2.212767895965765E-005 -6.361399606084824E-006
  2.212767895986043E-005 -3.672755779272986E-006 -2.212767895965765E-005
  0.995985228310093       6.361399611751417E-006  2.212767896054220E-005
  4.302121600877835E-016 -6.361399606084824E-006  6.361399611751417E-006
  0.997944933079028      -5.191719263745841E-015 -7.345511551953671E-006
  2.212767895986043E-005  2.212767896054220E-005 -5.191719263745841E-015
  0.995985228310093       0.997945752033755      -3.103762409189547E-006
 -3.103762408479767E-006  4.163341108241610E-016 -6.207524810367287E-006
 -3.103762409189547E-006  0.995977154784545      -2.204025084637835E-005
 -5.375874178701153E-006  2.204025084658114E-005 -3.103762408479767E-006
 -2.204025084637835E-005  0.995977154784541       5.375874184367696E-006
  2.204025084726290E-005  4.163341108241610E-016 -5.375874178701153E-006
  5.375874184367696E-006  0.997945752033753      -5.191689919336434E-015
 -6.207524810367287E-006  2.204025084658114E-005  2.204025084726290E-005
 -5.191689919336434E-015  0.995977154784540       0.997946993445357     
 -4.196018448650893E-006 -6.809142707582456E-006  3.616858503467648E-006
  3.770484020129072E-006 -4.196018448650893E-006  0.995981303469899     
 -2.025158811458566E-005  6.776352308232950E-006  2.607555914310484E-005
 -6.809142707582456E-006 -2.025158811458566E-005  0.995983885205288     
  1.179378112377831E-005  2.025158811547019E-005  3.616858503467648E-006
  6.776352308232950E-006  1.179378112377831E-005  0.997942817056894     
 -7.022034726269196E-006  3.770484020129072E-006  2.607555914310484E-005
  2.025158811547019E-005 -7.022034726269196E-006  0.995981303469895     
  0.997947625245331      -4.435365271355938E-006 -6.159423558109035E-006
  3.559181759794906E-006  3.354840945876914E-006 -4.435365271355938E-006
  0.995972880833705      -1.963471996190265E-005  6.434595979138812E-006
  2.274326337755201E-005 -6.159423558109035E-006 -1.963471996190265E-005
  0.995980089985053       1.066843454623991E-005  1.963471996278720E-005
  3.559181759794906E-006  6.434595979138812E-006  1.066843454623991E-005
  0.997943515456235      -7.058436990499800E-006  3.354840945876914E-006
  2.274326337755201E-005  1.963471996278720E-005 -7.058436990499800E-006
  0.995972880833701       0.997946993445356      -6.809142708292280E-006
 -4.196018447941090E-006 -3.616858502600294E-006  3.770484020129093E-006
 -6.809142708292280E-006  0.995983885205292      -2.025158811458567E-005
 -1.179378111811175E-005  2.025158811478846E-005 -4.196018447941090E-006
 -2.025158811458567E-005  0.995981303469895      -6.776352302566342E-006
  2.607555914378662E-005 -3.616858502600294E-006 -1.179378111811175E-005
 -6.776352302566342E-006  0.997942817056894       7.022034715885814E-006
  3.770484020129093E-006  2.025158811478846E-005  2.607555914378662E-005
  7.022034715885814E-006  0.995981303469895       0.997947625245331     
 -6.159423558818850E-006 -4.435365270646152E-006 -3.559181758906737E-006
  3.354840945876933E-006 -6.159423558818850E-006  0.995980089985057     
 -1.963471996190267E-005 -1.066843454057337E-005  1.963471996210546E-005
 -4.435365270646152E-006 -1.963471996190267E-005  0.995972880833701     
 -6.434595973472231E-006  2.274326337823381E-005 -3.559181758906737E-006
 -1.066843454057337E-005 -6.434595973472231E-006  0.997943515456235     
  7.058436980116454E-006  3.354840945876933E-006  1.963471996210546E-005
  2.274326337823381E-005  7.058436980116454E-006  0.995972880833701     
  0.997940728862665       7.966502460768176E-006  7.966502461477906E-006
  4.232820832425220E-016 -1.361828540857263E-005  7.966502460768176E-006
  0.995981303469899      -2.607555914290208E-005 -2.456824128445876E-007
  2.025158811478844E-005  7.966502461477906E-006 -2.607555914290208E-005
  0.995981303469895       2.456824185111517E-007  2.025158811547022E-005
  4.232820832425220E-016 -2.456824128445876E-007  2.456824185111517E-007
  0.997949081639585      -5.191719579343778E-015 -1.361828540857263E-005
  2.025158811478844E-005  2.025158811547022E-005 -5.191719579343778E-015
  0.995983885205288       0.997941460561690       7.790206209221109E-006
  7.790206209930828E-006  4.302213081635722E-016 -1.231884710962580E-005
  7.790206209221109E-006  0.995972880833705      -2.274326337734926E-005
 -6.238410061693485E-007  1.963471996210543E-005  7.790206209930828E-006
 -2.274326337734926E-005  0.995972880833701       6.238410118358835E-007
  1.963471996278723E-005  4.302213081635722E-016 -6.238410061693485E-007
  6.238410118358835E-007  0.997949680139875      -5.191711806681896E-015
 -1.231884710962580E-005  1.963471996210543E-005  1.963471996278723E-005
 -5.191711806681896E-015  0.995980089985053       0.000000000000000E+000
  0.000000000000000E+000  0.000000000000000E+000  0.000000000000000E+000
  0.000000000000000E+000  0.000000000000000E+000  0.000000000000000E+000
  0.000000000000000E+000  0.000000000000000E+000  0.000000000000000E+000
  0.000000000000000E+000  0.000000000000000E+000  0.000000000000000E+000
  0.000000000000000E+000  0.000000000000000E+000  0.000000000000000E+000
  0.000000000000000E+000  0.000000000000000E+000  0.000000000000000E+000
  0.000000000000000E+000  0.000000000000000E+000  0.000000000000000E+000
  0.000000000000000E+000  0.000000000000000E+000  0.000000000000000E+000
  0.000000000000000E+000  0.000000000000000E+000  0.000000000000000E+000
  0.000000000000000E+000  0.000000000000000E+000  0.000000000000000E+000
  0.000000000000000E+000  0.000000000000000E+000  0.000000000000000E+000
  0.000000000000000E+000  0.000000000000000E+000  0.000000000000000E+000
  0.000000000000000E+000  0.000000000000000E+000  0.000000000000000E+000
  0.000000000000000E+000  0.000000000000000E+000  0.000000000000000E+000
  0.000000000000000E+000  0.000000000000000E+000  0.000000000000000E+000
  0.000000000000000E+000  0.000000000000000E+000  0.000000000000000E+000
  0.000000000000000E+000  0.000000000000000E+000  0.000000000000000E+000
  0.000000000000000E+000  0.000000000000000E+000  0.000000000000000E+000
  0.000000000000000E+000  0.000000000000000E+000  0.000000000000000E+000
  0.000000000000000E+000  0.000000000000000E+000  0.000000000000000E+000
  0.000000000000000E+000  0.000000000000000E+000  0.000000000000000E+000
  0.000000000000000E+000  0.000000000000000E+000  0.000000000000000E+000
  0.000000000000000E+000  0.000000000000000E+000  0.000000000000000E+000
  0.000000000000000E+000  0.000000000000000E+000  0.000000000000000E+000
  0.000000000000000E+000  0.000000000000000E+000  0.000000000000000E+000
  0.000000000000000E+000  0.000000000000000E+000  0.000000000000000E+000
  0.000000000000000E+000  0.000000000000000E+000  0.000000000000000E+000
  0.000000000000000E+000  0.000000000000000E+000  0.000000000000000E+000
  0.000000000000000E+000  0.000000000000000E+000  0.000000000000000E+000
  0.000000000000000E+000  0.000000000000000E+000  0.000000000000000E+000
  0.000000000000000E+000  0.000000000000000E+000  0.000000000000000E+000
  0.000000000000000E+000  0.000000000000000E+000  0.000000000000000E+000
  0.000000000000000E+000  0.000000000000000E+000  0.000000000000000E+000
  0.000000000000000E+000  0.000000000000000E+000  0.000000000000000E+000
  0.000000000000000E+000  0.000000000000000E+000  0.000000000000000E+000
  0.000000000000000E+000  0.000000000000000E+000  0.000000000000000E+000
  0.000000000000000E+000  0.000000000000000E+000  0.000000000000000E+000
  0.000000000000000E+000  0.000000000000000E+000  0.000000000000000E+000
  0.000000000000000E+000  0.000000000000000E+000  0.000000000000000E+000
  0.000000000000000E+000  0.000000000000000E+000  0.000000000000000E+000
  0.000000000000000E+000  0.000000000000000E+000  0.000000000000000E+000
  0.000000000000000E+000  0.000000000000000E+000  0.000000000000000E+000
  0.000000000000000E+000  0.000000000000000E+000  0.000000000000000E+000
  0.000000000000000E+000  0.000000000000000E+000  0.000000000000000E+000
  0.000000000000000E+000  0.000000000000000E+000  0.000000000000000E+000
  0.000000000000000E+000  0.000000000000000E+000  0.000000000000000E+000
  0.000000000000000E+000  0.000000000000000E+000  0.000000000000000E+000
  0.000000000000000E+000  0.000000000000000E+000  0.000000000000000E+000
  0.000000000000000E+000  0.000000000000000E+000  0.000000000000000E+000
  0.000000000000000E+000  0.000000000000000E+000  0.000000000000000E+000
  0.000000000000000E+000  0.000000000000000E+000  0.000000000000000E+000
  0.000000000000000E+000  0.000000000000000E+000  0.000000000000000E+000
  0.000000000000000E+000  0.000000000000000E+000  0.000000000000000E+000
  0.000000000000000E+000  0.000000000000000E+000  0.000000000000000E+000
  0.000000000000000E+000  0.000000000000000E+000  0.000000000000000E+000
  0.000000000000000E+000  0.000000000000000E+000  0.000000000000000E+000
  0.000000000000000E+000  0.000000000000000E+000  0.000000000000000E+000
  0.000000000000000E+000  0.000000000000000E+000  0.000000000000000E+000
  0.000000000000000E+000  0.000000000000000E+000  0.000000000000000E+000
  0.000000000000000E+000  0.000000000000000E+000  0.000000000000000E+000
  0.000000000000000E+000  0.000000000000000E+000  0.000000000000000E+000
  0.000000000000000E+000  0.000000000000000E+000  0.000000000000000E+000
  0.000000000000000E+000  0.000000000000000E+000  0.000000000000000E+000
  0.000000000000000E+000  0.000000000000000E+000  0.000000000000000E+000
  0.000000000000000E+000  0.000000000000000E+000  0.000000000000000E+000
  0.000000000000000E+000  0.000000000000000E+000  0.000000000000000E+000
  0.000000000000000E+000  0.997929972075668      -1.549625504763326E-005
 -1.549625504692364E-005  4.510058426646936E-016 -3.911302262299915E-005
 -1.549625504763326E-005  0.995933549868017       5.523868059185671E-005
  1.943782168610310E-005  7.615117961263098E-005 -1.549625504692364E-005
  5.523868059185671E-005  0.995933549868014      -1.943782168043673E-005
  7.615117961331279E-005  4.510058426646936E-016  1.943782168610310E-005
 -1.943782168043673E-005  0.997927227755053      -5.191338211209493E-015
 -3.911302262299915E-005  7.615117961263098E-005  7.615117961331279E-005
 -5.191338211209493E-015  0.995978905221857       0.997905100452665     
 -7.131634191608279E-005 -7.131634191537297E-005  4.231573797513838E-016
 -3.639550639079383E-005 -7.131634191608279E-005  0.995828283329006     
 -6.089907372599338E-005  2.558221814599536E-005  9.309022247013619E-005
 -7.131634191537297E-005 -6.089907372599338E-005  0.995828283329002     
 -2.558221814033043E-005  9.309022247081792E-005  4.231573797513838E-016
  2.558221814599536E-005 -2.558221814033043E-005  0.997927108393270     
 -5.191233314010640E-015 -3.639550639079383E-005  9.309022247013619E-005
  9.309022247081792E-005 -5.191233314010640E-015  0.995980226676825     
  0.997964661286153       1.852149001326243E-005 -1.525444576385246E-005
  4.367635974000813E-006  4.909007232942748E-006  1.852149001326243E-005
  0.996002964189418      -2.501528188413066E-005  3.752042973585092E-006
  6.810150478377319E-005 -1.525444576385246E-005 -2.501528188413066E-005
  0.996002356963215      -1.692749174505985E-005 -4.271682909717411E-005
  4.367635974000813E-006  3.752042973585092E-006 -1.692749174505985E-005
  0.997983726843581       3.432716012558240E-006  4.909007232942748E-006
  6.810150478377319E-005 -4.271682909717411E-005  3.432716012558240E-006
  0.996066201364568       0.997946306512473       5.806680209199407E-005
 -5.158411306919845E-005  2.099121182964977E-006  3.728724558148241E-008
  5.806680209199407E-005  0.995912150899290       6.209468130053871E-005
  2.360826704327367E-006  8.484503396691231E-005 -5.158411306919845E-005
  6.209468130053871E-005  0.995922492712130      -2.705916570999213E-005
 -5.850062541538051E-005  2.099121182964977E-006  2.360826704327367E-006
 -2.705916570999213E-005  0.997983474949041       2.836133496849944E-006
  3.728724558148241E-008  8.484503396691231E-005 -5.850062541538051E-005
  2.836133496849944E-006  0.996066581040869       0.997964661286153     
 -1.525444576456226E-005  1.852149001397224E-005 -4.367635973133464E-006
  4.909007232942821E-006 -1.525444576456226E-005  0.996002356963219     
 -2.501528188413088E-005  1.692749175072707E-005 -4.271682909785610E-005
  1.852149001397224E-005 -2.501528188413088E-005  0.996002964189414     
 -3.752042967918785E-006  6.810150478445515E-005 -4.367635973133464E-006
  1.692749175072707E-005 -3.752042967918785E-006  0.997983726843581     
 -3.432716022942471E-006  4.909007232942821E-006 -4.271682909785610E-005
  6.810150478445515E-005 -3.432716022942471E-006  0.996066201364568     
  0.997946306512473      -5.158411306990806E-005  5.806680209270368E-005
 -2.099121182111508E-006  3.728724558148694E-008 -5.158411306990806E-005
  0.995922492712134       6.209468130053842E-005  2.705916571565950E-005
 -5.850062541606274E-005  5.806680209270368E-005  6.209468130053842E-005
  0.995912150899286      -2.360826698661256E-006  8.484503396759450E-005
 -2.099121182111508E-006  2.705916571565950E-005 -2.360826698661256E-006
  0.997983474949041      -2.836133507234159E-006  3.728724558148694E-008
 -5.850062541606274E-005  8.484503396759450E-005 -2.836133507234159E-006
  0.996066581040869       0.998026219174420      -5.217789132851093E-005
 -5.217789132780093E-005  4.301255927578286E-016  6.442781182679591E-006
 -5.217789132851093E-005  0.995986248756307      -7.184548879081556E-005
  1.926425912261835E-005  1.524862663443408E-004 -5.217789132780093E-005
 -7.184548879081556E-005  0.995986248756303      -1.926425911695298E-005
  1.524862663450222E-004  4.301255927578286E-016  1.926425912261835E-005
 -1.926425911695298E-005  0.997939815880443      -5.191056646761590E-015
  6.442781182679591E-006  1.524862663443408E-004  1.524862663450222E-004
 -5.191056646761590E-015  0.996013902461548       0.998020831246270     
 -4.415222950717728E-005 -4.415222950646730E-005  4.232109275249443E-016
  6.563164078474671E-006 -4.415222950717728E-005  0.995943210870856     
 -1.093165224458527E-004  1.596464776130308E-005  1.471980408254570E-004
 -4.415222950646730E-005 -1.093165224458527E-004  0.995943210870852     
 -1.596464775563817E-005  1.471980408261384E-004  4.232109275249443E-016
  1.596464776130308E-005 -1.596464775563817E-005  0.997938663518609     
 -5.191082523370724E-015  6.563164078474671E-006  1.471980408254570E-004
  1.471980408261384E-004 -5.191082523370724E-015  0.996012101674659     
  0.000000000000000E+000  0.000000000000000E+000  0.000000000000000E+000
  0.000000000000000E+000  0.000000000000000E+000  0.000000000000000E+000
  0.000000000000000E+000  0.000000000000000E+000  0.000000000000000E+000
  0.000000000000000E+000  0.000000000000000E+000  0.000000000000000E+000
  0.000000000000000E+000  0.000000000000000E+000  0.000000000000000E+000
  0.000000000000000E+000  0.000000000000000E+000  0.000000000000000E+000
  0.000000000000000E+000  0.000000000000000E+000  0.000000000000000E+000
  0.000000000000000E+000  0.000000000000000E+000  0.000000000000000E+000
  0.000000000000000E+000  0.000000000000000E+000  0.000000000000000E+000
  0.000000000000000E+000  0.000000000000000E+000  0.000000000000000E+000
  0.000000000000000E+000  0.000000000000000E+000  0.000000000000000E+000
  0.000000000000000E+000  0.000000000000000E+000  0.000000000000000E+000
  0.000000000000000E+000  0.000000000000000E+000  0.000000000000000E+000
  0.000000000000000E+000  0.000000000000000E+000  0.000000000000000E+000
  0.000000000000000E+000  0.000000000000000E+000  0.000000000000000E+000
  0.000000000000000E+000  0.000000000000000E+000  0.000000000000000E+000
  0.000000000000000E+000  0.000000000000000E+000  0.000000000000000E+000
  0.000000000000000E+000  0.000000000000000E+000  0.000000000000000E+000
  0.000000000000000E+000  0.000000000000000E+000  0.000000000000000E+000
  0.000000000000000E+000  0.000000000000000E+000  0.000000000000000E+000
  0.000000000000000E+000  0.000000000000000E+000  0.000000000000000E+000
  0.000000000000000E+000  0.000000000000000E+000  0.000000000000000E+000
  0.000000000000000E+000  0.000000000000000E+000  0.000000000000000E+000
  0.000000000000000E+000  0.000000000000000E+000  0.000000000000000E+000
  0.000000000000000E+000  0.000000000000000E+000  0.000000000000000E+000
  0.000000000000000E+000  0.000000000000000E+000  0.000000000000000E+000
  0.000000000000000E+000  0.000000000000000E+000  0.000000000000000E+000
  0.000000000000000E+000  0.000000000000000E+000  0.000000000000000E+000
  0.000000000000000E+000  0.000000000000000E+000  0.000000000000000E+000
  0.000000000000000E+000  0.000000000000000E+000  0.000000000000000E+000
  0.000000000000000E+000  0.000000000000000E+000  0.000000000000000E+000
  0.000000000000000E+000  0.000000000000000E+000  0.000000000000000E+000
  0.000000000000000E+000  0.000000000000000E+000  0.000000000000000E+000
  0.000000000000000E+000  0.000000000000000E+000  0.000000000000000E+000
  0.000000000000000E+000  0.000000000000000E+000  0.000000000000000E+000
  0.000000000000000E+000  0.000000000000000E+000  0.000000000000000E+000
  0.000000000000000E+000  0.000000000000000E+000  0.000000000000000E+000
  0.000000000000000E+000  0.000000000000000E+000  0.000000000000000E+000
  0.000000000000000E+000  0.000000000000000E+000  0.000000000000000E+000
  0.000000000000000E+000  0.000000000000000E+000  0.000000000000000E+000
  0.000000000000000E+000  0.000000000000000E+000  0.000000000000000E+000
  0.000000000000000E+000  0.000000000000000E+000  0.000000000000000E+000
  0.000000000000000E+000  0.000000000000000E+000  0.000000000000000E+000
  0.000000000000000E+000  0.000000000000000E+000  0.000000000000000E+000
  0.000000000000000E+000  0.000000000000000E+000  0.000000000000000E+000
  0.000000000000000E+000  0.000000000000000E+000  0.000000000000000E+000
  0.000000000000000E+000  0.000000000000000E+000  0.000000000000000E+000
  0.000000000000000E+000  0.000000000000000E+000  0.000000000000000E+000
  0.000000000000000E+000  0.000000000000000E+000  0.000000000000000E+000
  0.000000000000000E+000  0.000000000000000E+000  0.000000000000000E+000
  0.000000000000000E+000  0.000000000000000E+000  0.000000000000000E+000
  0.000000000000000E+000  0.000000000000000E+000  0.000000000000000E+000
  0.000000000000000E+000  0.000000000000000E+000  0.000000000000000E+000
  0.000000000000000E+000  0.000000000000000E+000  0.000000000000000E+000
  0.000000000000000E+000  0.000000000000000E+000  0.000000000000000E+000
  0.000000000000000E+000  0.000000000000000E+000  0.000000000000000E+000
  0.000000000000000E+000  0.000000000000000E+000  0.000000000000000E+000
  0.000000000000000E+000  0.000000000000000E+000  0.000000000000000E+000
  0.000000000000000E+000  0.000000000000000E+000  0.000000000000000E+000
  0.000000000000000E+000  0.000000000000000E+000  0.000000000000000E+000
  0.000000000000000E+000  0.000000000000000E+000  0.000000000000000E+000
  0.000000000000000E+000  0.000000000000000E+000  0.000000000000000E+000
  0.000000000000000E+000  0.000000000000000E+000  0.000000000000000E+000
  0.000000000000000E+000  0.000000000000000E+000  0.000000000000000E+000
  0.000000000000000E+000  0.000000000000000E+000  0.000000000000000E+000
  0.000000000000000E+000  0.000000000000000E+000  0.000000000000000E+000
  0.000000000000000E+000  0.000000000000000E+000  0.997927913835209     
 -1.955651131550518E-005  2.458177489144377E-005  1.188325683770812E-006
  9.085519851112155E-006 -1.955651131550518E-005  0.995978905221861     
 -7.615117961242813E-005 -3.387287120861375E-005  7.615117961263105E-005
  2.458177489144377E-005 -7.615117961242813E-005  0.995933549868013     
  3.701239693069443E-006 -5.523868059097214E-005  1.188325683770812E-006
 -3.387287120861375E-005  3.701239693069443E-006  0.997929285995513     
 -2.313906137869762E-005  9.085519851112155E-006  7.615117961263105E-005
 -5.523868059097214E-005 -2.313906137869762E-005  0.995933549868013     
  0.997921606408120      -1.819775319940234E-005  5.781302175085970E-005
 -9.529717824897917E-006 -1.350332015792281E-005 -1.819775319940234E-005
  0.995980226676829      -9.309022246993358E-005 -3.151943311632729E-005
  9.309022247013652E-005  5.781302175085970E-005 -9.309022246993358E-005
  0.995828283329002       4.897065473265392E-005  6.089907372687759E-005
 -9.529717824897917E-006 -3.151943311632729E-005  4.897065473265392E-005
  0.997910602437815      -7.455287287817518E-005 -1.350332015792281E-005
  9.309022247013652E-005  6.089907372687759E-005 -7.455287287817518E-005
  0.995828283329002       0.997982742937933       5.427322887814621E-006
  2.228686075399111E-005 -6.071810548707863E-006  1.251010953837828E-005
  5.427322887814621E-006  0.996066201364572       4.271682909805885E-005
  2.534966963914030E-006  6.810150478377332E-005  2.228686075399111E-005
  4.271682909805885E-005  0.996002356963215       4.746991678747376E-006
  2.501528188501532E-005 -6.071810548707863E-006  2.534966963914030E-006
  4.746991678747376E-006  0.997965645191801       1.416405937975954E-005
  1.251010953837828E-005  6.810150478377332E-005  2.501528188501532E-005
  1.416405937975954E-005  0.996002964189414       0.997976000732171     
  2.474807280076944E-006  4.922598144315692E-005 -1.504484455283616E-005
  3.107793694640872E-005  2.474807280076944E-006  0.996066581040873     
  5.850062541626539E-005 -1.385775047411126E-006  8.484503396691255E-005
  4.922598144315692E-005  5.850062541626539E-005  0.995922492712130     
  3.114356949374786E-005 -6.209468129965396E-005 -1.504484455283616E-005
 -1.385775047411126E-006  3.114356949374786E-005  0.997953780729344     
  4.910691237515350E-005  3.107793694640872E-005  8.484503396691255E-005
 -6.209468129965396E-005  4.910691237515350E-005  0.995912150899286     
  0.997961416703939       3.221390587334645E-006  4.277228344275958E-005
  3.741372377707303E-005 -9.405607878450530E-006  3.221390587334645E-006
  0.996013902461552      -1.524862663441378E-004  5.579612176923884E-006
  1.524862663443408E-004  4.277228344275958E-005 -1.524862663441378E-004
  0.995986248756303       3.555524984643195E-005  7.184548879169982E-005
  3.741372377707303E-005  5.579612176923884E-006  3.555524984643195E-005
  0.998004618350924      -5.481950896857626E-005 -9.405607878450530E-006
  1.524862663443408E-004  7.184548879169982E-005 -5.481950896857626E-005
  0.995986248756303       0.997959205450526       3.281582035232149E-006
  3.590190527057842E-005  3.557966976227428E-005 -8.250324229298516E-006
  3.281582035232149E-006  0.996012101674663      -1.471980408252541E-004
  5.683866822863554E-006  1.471980408254571E-004  3.590190527057842E-005
 -1.471980408252541E-004  0.995943210870852       3.025462850763165E-005
  1.093165224467368E-004  3.557966976227428E-005  5.683866822863554E-006
  3.025462850763165E-005  0.998000289314353      -4.621927626846089E-005
 -8.250324229298516E-006  1.471980408254571E-004  1.093165224467368E-004
 -4.621927626846089E-005  0.995943210870851       0.997975177970518     
 -5.183156628844418E-007 -6.011380482185985E-006 -1.043944652229929E-005
  7.032414996731556E-006 -5.183156628844418E-007  0.996066201364572     
 -6.810150478357070E-005  5.967682981664516E-006 -4.271682909785601E-005
 -6.011380482185985E-006 -6.810150478357070E-005  0.996002964189414     
 -1.791610235286994E-005  2.501528188501536E-005 -1.043944652229929E-005
  5.967682981664516E-006 -1.791610235286994E-005  0.997973210159216     
 -2.167448342899923E-005  7.032414996731556E-006 -4.271682909785601E-005
  2.501528188501536E-005 -2.167448342899923E-005  0.996002356963215     
  0.997972364947631      -2.437520042508075E-006 -2.698886515288689E-005
 -1.714396573533617E-005 -2.358131619448379E-006 -2.437520042508075E-006
  0.996066581040873      -8.484503396670998E-005  1.450358454631076E-006
 -5.850062541606255E-005 -2.698886515288689E-005 -8.484503396670998E-005
  0.995912150899286      -5.146773907900617E-005 -6.209468129965380E-005
 -1.714396573533617E-005  1.450358454631076E-006 -5.146773907900617E-005
  0.997957416513883      -5.820273520893179E-005 -2.358131619448379E-006
 -5.850062541606255E-005 -6.209468129965380E-005 -5.820273520893179E-005
  0.995922492712130       0.000000000000000E+000  0.000000000000000E+000
  0.000000000000000E+000  0.000000000000000E+000  0.000000000000000E+000
  0.000000000000000E+000  0.000000000000000E+000  0.000000000000000E+000
  0.000000000000000E+000  0.000000000000000E+000  0.000000000000000E+000
  0.000000000000000E+000  0.000000000000000E+000  0.000000000000000E+000
  0.000000000000000E+000  0.000000000000000E+000  0.000000000000000E+000
  0.000000000000000E+000  0.000000000000000E+000  0.000000000000000E+000
  0.000000000000000E+000  0.000000000000000E+000  0.000000000000000E+000
  0.000000000000000E+000  0.000000000000000E+000  0.000000000000000E+000
  0.000000000000000E+000  0.000000000000000E+000  0.000000000000000E+000
  0.000000000000000E+000  0.000000000000000E+000  0.000000000000000E+000
  0.000000000000000E+000  0.000000000000000E+000  0.000000000000000E+000
  0.000000000000000E+000  0.000000000000000E+000  0.000000000000000E+000
  0.000000000000000E+000  0.000000000000000E+000  0.000000000000000E+000
  0.000000000000000E+000  0.000000000000000E+000  0.000000000000000E+000
  0.000000000000000E+000  0.000000000000000E+000  0.000000000000000E+000
  0.000000000000000E+000  0.000000000000000E+000  0.000000000000000E+000
  0.000000000000000E+000  0.000000000000000E+000  0.000000000000000E+000
  0.000000000000000E+000  0.000000000000000E+000  0.000000000000000E+000
  0.000000000000000E+000  0.000000000000000E+000  0.000000000000000E+000
  0.000000000000000E+000  0.000000000000000E+000  0.000000000000000E+000
  0.000000000000000E+000  0.000000000000000E+000  0.000000000000000E+000
  0.000000000000000E+000  0.000000000000000E+000  0.000000000000000E+000
  0.000000000000000E+000  0.000000000000000E+000  0.000000000000000E+000
  0.000000000000000E+000  0.000000000000000E+000  0.000000000000000E+000
  0.000000000000000E+000  0.000000000000000E+000  0.000000000000000E+000
  0.000000000000000E+000  0.000000000000000E+000  0.000000000000000E+000
  0.000000000000000E+000  0.000000000000000E+000  0.000000000000000E+000
  0.000000000000000E+000  0.000000000000000E+000  0.000000000000000E+000
  0.000000000000000E+000  0.000000000000000E+000  0.000000000000000E+000
  0.000000000000000E+000  0.000000000000000E+000  0.000000000000000E+000
  0.000000000000000E+000  0.000000000000000E+000  0.000000000000000E+000
  0.000000000000000E+000  0.000000000000000E+000  0.000000000000000E+000
  0.000000000000000E+000  0.000000000000000E+000  0.000000000000000E+000
  0.000000000000000E+000  0.000000000000000E+000  0.000000000000000E+000
  0.000000000000000E+000  0.000000000000000E+000  0.000000000000000E+000
  0.000000000000000E+000  0.000000000000000E+000  0.000000000000000E+000
  0.000000000000000E+000  0.000000000000000E+000  0.000000000000000E+000
  0.000000000000000E+000  0.000000000000000E+000  0.000000000000000E+000
  0.000000000000000E+000  0.000000000000000E+000  0.000000000000000E+000
  0.000000000000000E+000  0.000000000000000E+000  0.000000000000000E+000
  0.000000000000000E+000  0.000000000000000E+000  0.000000000000000E+000
  0.000000000000000E+000  0.000000000000000E+000  0.000000000000000E+000
  0.000000000000000E+000  0.000000000000000E+000  0.000000000000000E+000
  0.000000000000000E+000  0.000000000000000E+000  0.000000000000000E+000
  0.000000000000000E+000  0.000000000000000E+000  0.000000000000000E+000
  0.000000000000000E+000  0.000000000000000E+000  0.000000000000000E+000
  0.000000000000000E+000  0.000000000000000E+000  0.000000000000000E+000
  0.000000000000000E+000  0.000000000000000E+000  0.000000000000000E+000
  0.000000000000000E+000  0.000000000000000E+000  0.000000000000000E+000
  0.000000000000000E+000  0.000000000000000E+000  0.000000000000000E+000
  0.000000000000000E+000  0.000000000000000E+000  0.000000000000000E+000
  0.000000000000000E+000  0.000000000000000E+000  0.000000000000000E+000
  0.000000000000000E+000  0.000000000000000E+000  0.000000000000000E+000
  0.000000000000000E+000  0.000000000000000E+000  0.000000000000000E+000
  0.000000000000000E+000  0.000000000000000E+000  0.000000000000000E+000
  0.000000000000000E+000  0.000000000000000E+000  0.000000000000000E+000
  0.000000000000000E+000  0.000000000000000E+000  0.000000000000000E+000
  0.000000000000000E+000  0.000000000000000E+000  0.000000000000000E+000
  0.000000000000000E+000  0.000000000000000E+000  0.000000000000000E+000
  0.000000000000000E+000  0.000000000000000E+000  0.000000000000000E+000
  0.000000000000000E+000  0.000000000000000E+000  0.000000000000000E+000
  0.000000000000000E+000  0.000000000000000E+000  0.000000000000000E+000
  0.000000000000000E+000  0.000000000000000E+000  0.000000000000000E+000
  0.000000000000000E+000  0.000000000000000E+000  0.000000000000000E+000
  0.000000000000000E+000  0.000000000000000E+000  0.000000000000000E+000
  0.000000000000000E+000  0.000000000000000E+000  0.000000000000000E+000
  0.997935700001490      -8.311494920662747E-006  2.767095540619143E-005
 -1.249780826897973E-005 -1.512407300489180E-005 -8.311494920662747E-006
  0.995926775946678       1.745823110130123E-005 -1.266513141203656E-005
  5.728118721568857E-005  2.767095540619143E-005  1.745823110130123E-005
  0.996010959133812      -4.792750065923793E-005 -1.745823110041646E-005
 -1.249780826897973E-005 -1.266513141203656E-005 -4.792750065923793E-005
  0.997950131227425      -8.654000395739502E-007 -1.512407300489180E-005
  5.728118721568857E-005 -1.745823110041646E-005 -8.654000395739502E-007
  0.995926775946674       0.997932611866603      -3.138444593408479E-006
  2.125034968159305E-005 -2.542237542896276E-006 -1.692861034484032E-005
 -3.138444593408479E-006  0.995922512730076       2.328155280801438E-005
 -1.773549364897230E-005  6.270810393809423E-005  2.125034968159305E-005
  2.328155280801438E-005  0.996000739698270      -3.680668532886594E-005
 -2.328155280712959E-005 -2.542237542896276E-006 -1.773549364897230E-005
 -3.680668532886594E-005  0.997935547389660       6.149774077351519E-006
 -1.692861034484032E-005  6.270810393809423E-005 -2.328155280712959E-005
  6.149774077351519E-006  0.995922512730072       0.997893459479849     
 -6.918650291789212E-006  3.049414375393657E-005 -9.293492666768988E-006
 -9.924727185731608E-006 -6.918650291789212E-006  0.995906502488203     
  1.937131419605464E-005 -7.465603216851813E-006  6.424485751931345E-005
  3.049414375393657E-005  1.937131419605464E-005  0.995941215425998     
 -5.281740631686882E-005 -1.937131419516990E-005 -9.293492666768988E-006
 -7.465603216851813E-006 -5.281740631686882E-005  0.997904190680833     
 -2.258925305037080E-006 -9.924727185731608E-006  6.424485751931345E-005
 -1.937131419516990E-005 -2.258925305037080E-006  0.995906502488199     
  0.997889364403453      -1.463817055564301E-005  1.900271585394792E-005
  3.381049336628729E-006 -7.005281723004227E-006 -1.463817055564301E-005
  0.995899989649692       8.936575658538177E-006  3.623491330791802E-007
  7.185239353715374E-005  1.900271585394792E-005  8.936575658538177E-006
  0.995918923189762      -3.291366934257392E-005 -8.936575657653504E-006
  3.381049336628729E-006  3.623491330791802E-007 -3.291366934257392E-005
  0.997885460303962      -1.285820213352865E-005 -7.005281723004227E-006
  7.185239353715374E-005 -8.936575657653504E-006 -1.285820213352865E-005
  0.995899989649687       0.997884260364626      -8.966483403414281E-006
  2.763465110048036E-005  3.196801231074992E-005 -1.374816902630991E-005
 -8.966483403414281E-006  0.995861427944734       2.218073534681657E-004
 -1.874297528809822E-005  1.492989662604634E-004  2.763465110048036E-005
  2.218073534681657E-004  0.995983692215252       7.301205976028178E-005
 -7.912916777180764E-005  3.196801231074992E-005 -1.874297528809822E-005
  7.301205976028178E-005  0.997930768193379       3.997004523611937E-005
 -1.374816902630991E-005  1.492989662604634E-004 -7.912916777180764E-005
  3.997004523611937E-005  0.995894575454616       0.997877789980935     
 -6.396483482941150E-006  3.595457112642256E-005  3.801777154554404E-005
 -9.294626419127876E-006 -6.396483482941150E-006  0.995858515186718     
  2.179304531486005E-004 -2.176835778149477E-005  1.464904130428337E-004
  3.595457112642256E-005  2.179304531486005E-004  0.995970230469205     
  6.520805654510198E-005 -8.517308739581063E-005  3.801777154554404E-005
 -2.176835778149477E-005  6.520805654510198E-005  0.997924958244094     
  3.563020321020352E-005 -9.294626419127876E-006  1.464904130428337E-004
 -8.517308739581063E-005  3.563020321020352E-005  0.995890170386955     
  0.997946826346962       2.774099005222792E-005 -7.704762408678028E-005
 -4.154474433089246E-006 -2.071513444317253E-005  2.774099005222792E-005
  0.995894575454620       7.912916777269269E-005 -3.189128625126318E-005
  1.492989662604634E-004 -7.704762408678028E-005  7.912916777269269E-005
  0.995983692215252       1.257372000153445E-005 -2.218073534672804E-004
 -4.154474433089246E-006 -3.189128625126318E-005  1.257372000153445E-005
  0.997868202211043       1.606285233207983E-006 -2.071513444317253E-005
  1.492989662604634E-004 -2.218073534672804E-004  1.606285233207983E-006
  0.995861427944730       0.997946090534259       2.620934791296447E-005
 -7.444911906419021E-005 -1.415571301913115E-006 -2.205019257838209E-005
  2.620934791296447E-005  0.995890170386959       8.517308739669575E-005
 -2.586448420364923E-005  1.464904130428337E-004 -7.444911906419021E-005
  8.517308739669575E-005  0.995970230469205       1.466456294023729E-006
 -2.179304531477152E-004 -1.415571301913115E-006 -2.586448420364923E-005
  1.466456294023729E-006  0.997856657690770       5.344661698759982E-006
 -2.205019257838209E-005  1.464904130428337E-004 -2.179304531477152E-004
  5.344661698759982E-006  0.995858515186714       0.000000000000000E+000
  0.000000000000000E+000  0.000000000000000E+000  0.000000000000000E+000
  0.000000000000000E+000  0.000000000000000E+000  0.000000000000000E+000
  0.000000000000000E+000  0.000000000000000E+000  0.000000000000000E+000
  0.000000000000000E+000  0.000000000000000E+000  0.000000000000000E+000
  0.000000000000000E+000  0.000000000000000E+000  0.000000000000000E+000
  0.000000000000000E+000  0.000000000000000E+000  0.000000000000000E+000
  0.000000000000000E+000  0.000000000000000E+000  0.000000000000000E+000
  0.000000000000000E+000  0.000000000000000E+000  0.000000000000000E+000
  0.000000000000000E+000  0.000000000000000E+000  0.000000000000000E+000
  0.000000000000000E+000  0.000000000000000E+000  0.000000000000000E+000
  0.000000000000000E+000  0.000000000000000E+000  0.000000000000000E+000
  0.000000000000000E+000  0.000000000000000E+000  0.000000000000000E+000
  0.000000000000000E+000  0.000000000000000E+000  0.000000000000000E+000
  0.000000000000000E+000  0.000000000000000E+000  0.000000000000000E+000
  0.000000000000000E+000  0.000000000000000E+000  0.000000000000000E+000
  0.000000000000000E+000  0.000000000000000E+000  0.000000000000000E+000
  0.000000000000000E+000  0.000000000000000E+000  0.000000000000000E+000
  0.000000000000000E+000  0.000000000000000E+000  0.000000000000000E+000
  0.000000000000000E+000  0.000000000000000E+000  0.000000000000000E+000
  0.000000000000000E+000  0.000000000000000E+000  0.000000000000000E+000
  0.000000000000000E+000  0.000000000000000E+000  0.000000000000000E+000
  0.000000000000000E+000  0.000000000000000E+000  0.000000000000000E+000
  0.000000000000000E+000  0.000000000000000E+000  0.000000000000000E+000
  0.000000000000000E+000  0.000000000000000E+000  0.000000000000000E+000
  0.000000000000000E+000  0.000000000000000E+000  0.000000000000000E+000
  0.000000000000000E+000  0.000000000000000E+000  0.000000000000000E+000
  0.000000000000000E+000  0.000000000000000E+000  0.000000000000000E+000
  0.000000000000000E+000  0.000000000000000E+000  0.000000000000000E+000
  0.000000000000000E+000  0.000000000000000E+000  0.000000000000000E+000
  0.000000000000000E+000  0.000000000000000E+000  0.000000000000000E+000
  0.000000000000000E+000  0.000000000000000E+000  0.000000000000000E+000
  0.000000000000000E+000  0.000000000000000E+000  0.000000000000000E+000
  0.000000000000000E+000  0.000000000000000E+000  0.000000000000000E+000
  0.000000000000000E+000  0.000000000000000E+000  0.000000000000000E+000
  0.000000000000000E+000  0.000000000000000E+000  0.000000000000000E+000
  0.000000000000000E+000  0.000000000000000E+000  0.000000000000000E+000
  0.000000000000000E+000  0.000000000000000E+000  0.000000000000000E+000
  0.000000000000000E+000  0.000000000000000E+000  0.000000000000000E+000
  0.000000000000000E+000  0.000000000000000E+000  0.000000000000000E+000
  0.000000000000000E+000  0.000000000000000E+000  0.000000000000000E+000
  0.000000000000000E+000  0.000000000000000E+000  0.000000000000000E+000
  0.000000000000000E+000  0.000000000000000E+000  0.000000000000000E+000
  0.000000000000000E+000  0.000000000000000E+000  0.000000000000000E+000
  0.000000000000000E+000  0.000000000000000E+000  0.000000000000000E+000
  0.000000000000000E+000  0.000000000000000E+000  0.000000000000000E+000
  0.000000000000000E+000  0.000000000000000E+000  0.000000000000000E+000
  0.000000000000000E+000  0.000000000000000E+000  0.000000000000000E+000
  0.000000000000000E+000  0.000000000000000E+000  0.000000000000000E+000
  0.000000000000000E+000  0.000000000000000E+000  0.000000000000000E+000
  0.000000000000000E+000  0.000000000000000E+000  0.000000000000000E+000
  0.000000000000000E+000  0.000000000000000E+000  0.000000000000000E+000
  0.000000000000000E+000  0.000000000000000E+000  0.000000000000000E+000
  0.000000000000000E+000  0.000000000000000E+000  0.000000000000000E+000
  0.000000000000000E+000  0.000000000000000E+000  0.000000000000000E+000
  0.000000000000000E+000  0.000000000000000E+000  0.000000000000000E+000
  0.000000000000000E+000  0.000000000000000E+000  0.000000000000000E+000
  0.000000000000000E+000  0.000000000000000E+000  0.000000000000000E+000
  0.000000000000000E+000  0.000000000000000E+000  0.000000000000000E+000
  0.000000000000000E+000  0.000000000000000E+000  0.000000000000000E+000
  0.000000000000000E+000  0.000000000000000E+000  0.000000000000000E+000
  0.000000000000000E+000  0.000000000000000E+000  0.000000000000000E+000
  0.000000000000000E+000  0.000000000000000E+000  0.000000000000000E+000
  0.000000000000000E+000  0.000000000000000E+000  0.000000000000000E+000
  0.000000000000000E+000  0.000000000000000E+000  0.000000000000000E+000
  0.000000000000000E+000  0.000000000000000E+000  0.000000000000000E+000
  0.000000000000000E+000  0.000000000000000E+000  0.000000000000000E+000
  0.000000000000000E+000  0.997927913835209       2.458177489073393E-005
 -1.955651131479531E-005 -1.188325682903421E-006  9.085519851112400E-006
  2.458177489073393E-005  0.995933549868017      -7.615117961242837E-005
 -3.701239687402845E-006 -5.523868059165382E-005 -1.955651131479531E-005
 -7.615117961242837E-005  0.995978905221857       3.387287121427957E-005
  7.615117961331261E-005 -1.188325682903421E-006 -3.701239687402845E-006
  3.387287121427957E-005  0.997929285995513       2.313906136831449E-005
  9.085519851112400E-006 -5.523868059165382E-005  7.615117961331261E-005
  2.313906136831449E-005  0.995933549868013       0.997921606408120     
  5.781302175015007E-005 -1.819775319869258E-005  9.529717825744578E-006
 -1.350332015792262E-005  5.781302175015007E-005  0.995828283329006     
 -9.309022246993338E-005 -4.897065472698914E-005  6.089907372619636E-005
 -1.819775319869258E-005 -9.309022246993338E-005  0.995980226676825     
  3.151943312199310E-005  9.309022247081758E-005  9.529717825744578E-006
 -4.897065472698914E-005  3.151943312199310E-005  0.997910602437815     
  7.455287286779359E-005 -1.350332015792262E-005  6.089907372619636E-005
  9.309022247081758E-005  7.455287286779359E-005  0.995828283329002     
  0.997961416703939       4.277228344204972E-005  3.221390588044470E-006
 -3.741372377621946E-005 -9.405607878450225E-006  4.277228344204972E-005
  0.995986248756307      -1.524862663441379E-004 -3.555524984076668E-005
  7.184548879101873E-005  3.221390588044470E-006 -1.524862663441379E-004
  0.996013902461548      -5.579612171258657E-006  1.524862663450220E-004
 -3.741372377621946E-005 -3.555524984076668E-005 -5.579612171258657E-006
  0.998004618350924       5.481950895819364E-005 -9.405607878450225E-006
  7.184548879101873E-005  1.524862663450220E-004  5.481950895819364E-005
  0.995986248756303       0.997959205450526       3.590190526986862E-005
  3.281582035941986E-006 -3.557966976142767E-005 -8.250324229298285E-006
  3.590190526986862E-005  0.995943210870856      -1.471980408252540E-004
 -3.025462850196685E-005  1.093165224460558E-004  3.281582035941986E-006
 -1.471980408252540E-004  0.996012101674659      -5.683866817198292E-006
  1.471980408261382E-004 -3.557966976142767E-005 -3.025462850196685E-005
 -5.683866817198292E-006  0.998000289314353       4.621927625807878E-005
 -8.250324229298285E-006  1.093165224460558E-004  1.471980408261382E-004
  4.621927625807878E-005  0.995943210870852       0.997982742937933     
  2.228686075328140E-005  5.427322888524386E-006  6.071810549596073E-006
  1.251010953837833E-005  2.228686075328140E-005  0.996002356963219     
  4.271682909805888E-005 -4.746991673080308E-006  2.501528188433356E-005
  5.427322888524386E-006  4.271682909805888E-005  0.996066201364569     
 -2.534966958246991E-006  6.810150478445504E-005  6.071810549596073E-006
 -4.746991673080308E-006 -2.534966958246991E-006  0.997965645191801     
 -1.416405939014287E-005  1.251010953837833E-005  2.501528188433356E-005
  6.810150478445504E-005 -1.416405939014287E-005  0.996002964189414     
  0.997976000732171       4.922598144244732E-005  2.474807280786683E-006
  1.504484455371749E-005  3.107793694640887E-005  4.922598144244732E-005
  0.995922492712134       5.850062541626537E-005 -3.114356948808046E-005
 -6.209468130033575E-005  2.474807280786683E-006  5.850062541626537E-005
  0.996066581040869       1.385775053078099E-006  8.484503396759422E-005
  1.504484455371749E-005 -3.114356948808046E-005  1.385775053078099E-006
  0.997953780729344      -4.910691238553655E-005  3.107793694640887E-005
 -6.209468130033575E-005  8.484503396759422E-005 -4.910691238553655E-005
  0.995912150899286       0.997975177970518      -6.011380482895833E-006
 -5.183156621745125E-007  1.043944652318744E-005  7.032414996731490E-006
 -6.011380482895833E-006  0.996002964189418      -6.810150478357042E-005
  1.791610235853635E-005  2.501528188433348E-005 -5.183156621745125E-007
 -6.810150478357042E-005  0.996066201364569      -5.967682975997209E-006
 -4.271682909717423E-005  1.043944652318744E-005  1.791610235853635E-005
 -5.967682975997209E-006  0.997973210159216       2.167448341861529E-005
  7.032414996731490E-006  2.501528188433348E-005 -4.271682909717423E-005
  2.167448341861529E-005  0.996002356963215       0.997972364947631     
 -2.698886515359665E-005 -2.437520041798089E-006  1.714396573621733E-005
 -2.358131619448415E-006 -2.698886515359665E-005  0.995912150899290     
 -8.484503396670964E-005  5.146773908467257E-005 -6.209468130033590E-005
 -2.437520041798089E-006 -8.484503396670964E-005  0.996066581040869     
 -1.450358448963743E-006 -5.850062541538076E-005  1.714396573621733E-005
  5.146773908467257E-005 -1.450358448963743E-006  0.997957416513883     
  5.820273519854798E-005 -2.358131619448415E-006 -6.209468130033590E-005
 -5.850062541538076E-005  5.820273519854798E-005  0.995922492712130     
  0.000000000000000E+000  0.000000000000000E+000  0.000000000000000E+000
  0.000000000000000E+000  0.000000000000000E+000  0.000000000000000E+000
  0.000000000000000E+000  0.000000000000000E+000  0.000000000000000E+000
  0.000000000000000E+000  0.000000000000000E+000  0.000000000000000E+000
  0.000000000000000E+000  0.000000000000000E+000  0.000000000000000E+000
  0.000000000000000E+000  0.000000000000000E+000  0.000000000000000E+000
  0.000000000000000E+000  0.000000000000000E+000  0.000000000000000E+000
  0.000000000000000E+000  0.000000000000000E+000  0.000000000000000E+000
  0.000000000000000E+000  0.000000000000000E+000  0.000000000000000E+000
  0.000000000000000E+000  0.000000000000000E+000  0.000000000000000E+000
  0.000000000000000E+000  0.000000000000000E+000  0.000000000000000E+000
  0.000000000000000E+000  0.000000000000000E+000  0.000000000000000E+000
  0.000000000000000E+000  0.000000000000000E+000  0.000000000000000E+000
  0.000000000000000E+000  0.000000000000000E+000  0.000000000000000E+000
  0.000000000000000E+000  0.000000000000000E+000  0.000000000000000E+000
  0.000000000000000E+000  0.000000000000000E+000  0.000000000000000E+000
  0.000000000000000E+000  0.000000000000000E+000  0.000000000000000E+000
  0.000000000000000E+000  0.000000000000000E+000  0.000000000000000E+000
  0.000000000000000E+000  0.000000000000000E+000  0.000000000000000E+000
  0.000000000000000E+000  0.000000000000000E+000  0.000000000000000E+000
  0.000000000000000E+000  0.000000000000000E+000  0.000000000000000E+000
  0.000000000000000E+000  0.000000000000000E+000  0.000000000000000E+000
  0.000000000000000E+000  0.000000000000000E+000  0.000000000000000E+000
  0.000000000000000E+000  0.000000000000000E+000  0.000000000000000E+000
  0.000000000000000E+000  0.000000000000000E+000  0.000000000000000E+000
  0.000000000000000E+000  0.000000000000000E+000  0.000000000000000E+000
  0.000000000000000E+000  0.000000000000000E+000  0.000000000000000E+000
  0.000000000000000E+000  0.000000000000000E+000  0.000000000000000E+000
  0.000000000000000E+000  0.000000000000000E+000  0.000000000000000E+000
  0.000000000000000E+000  0.000000000000000E+000  0.000000000000000E+000
  0.000000000000000E+000  0.000000000000000E+000  0.000000000000000E+000
  0.000000000000000E+000  0.000000000000000E+000  0.000000000000000E+000
  0.000000000000000E+000  0.000000000000000E+000  0.000000000000000E+000
  0.000000000000000E+000  0.000000000000000E+000  0.000000000000000E+000
  0.000000000000000E+000  0.000000000000000E+000  0.000000000000000E+000
  0.000000000000000E+000  0.000000000000000E+000  0.000000000000000E+000
  0.000000000000000E+000  0.000000000000000E+000  0.000000000000000E+000
  0.000000000000000E+000  0.000000000000000E+000  0.000000000000000E+000
  0.000000000000000E+000  0.000000000000000E+000  0.000000000000000E+000
  0.000000000000000E+000  0.000000000000000E+000  0.000000000000000E+000
  0.000000000000000E+000  0.000000000000000E+000  0.000000000000000E+000
  0.000000000000000E+000  0.000000000000000E+000  0.000000000000000E+000
  0.000000000000000E+000  0.000000000000000E+000  0.000000000000000E+000
  0.000000000000000E+000  0.000000000000000E+000  0.000000000000000E+000
  0.000000000000000E+000  0.000000000000000E+000  0.000000000000000E+000
  0.000000000000000E+000  0.000000000000000E+000  0.000000000000000E+000
  0.000000000000000E+000  0.000000000000000E+000  0.000000000000000E+000
  0.000000000000000E+000  0.000000000000000E+000  0.000000000000000E+000
  0.000000000000000E+000  0.000000000000000E+000  0.000000000000000E+000
  0.000000000000000E+000  0.000000000000000E+000  0.000000000000000E+000
  0.000000000000000E+000  0.000000000000000E+000  0.000000000000000E+000
  0.000000000000000E+000  0.000000000000000E+000  0.000000000000000E+000
  0.000000000000000E+000  0.000000000000000E+000  0.000000000000000E+000
  0.000000000000000E+000  0.000000000000000E+000  0.000000000000000E+000
  0.000000000000000E+000  0.000000000000000E+000  0.000000000000000E+000
  0.000000000000000E+000  0.000000000000000E+000  0.000000000000000E+000
  0.000000000000000E+000  0.000000000000000E+000  0.000000000000000E+000
  0.000000000000000E+000  0.000000000000000E+000  0.000000000000000E+000
  0.000000000000000E+000  0.000000000000000E+000  0.000000000000000E+000
  0.000000000000000E+000  0.000000000000000E+000  0.000000000000000E+000
  0.000000000000000E+000  0.000000000000000E+000  0.000000000000000E+000
  0.000000000000000E+000  0.000000000000000E+000  0.000000000000000E+000
  0.000000000000000E+000  0.000000000000000E+000  0.000000000000000E+000
  0.000000000000000E+000  0.000000000000000E+000  0.000000000000000E+000
  0.000000000000000E+000  0.000000000000000E+000  0.000000000000000E+000
  0.000000000000000E+000  0.000000000000000E+000  0.000000000000000E+000
  0.000000000000000E+000  0.000000000000000E+000  0.997935700001489     
  2.767095540548177E-005 -8.311494919953116E-006  1.249780826984015E-005
 -1.512407300489171E-005  2.767095540548177E-005  0.996010959133816     
  1.745823110130090E-005  4.792750066490532E-005 -1.745823110109828E-005
 -8.311494919953116E-006  1.745823110130090E-005  0.995926775946674     
  1.266513141770266E-005  5.728118721637033E-005  1.249780826984015E-005
  4.792750066490532E-005  1.266513141770266E-005  0.997950131227425     
  8.654000291909845E-007 -1.512407300489171E-005 -1.745823110109828E-005
  5.728118721637033E-005  8.654000291909845E-007  0.995926775946674     
  0.997932611866602       2.125034968088339E-005 -3.138444592698857E-006
  2.542237543770583E-006 -1.692861034484021E-005  2.125034968088339E-005
  0.996000739698274       2.328155280801403E-005  3.680668533453336E-005
 -2.328155280781140E-005 -3.138444592698857E-006  2.328155280801403E-005
  0.995922512730072       1.773549365463838E-005  6.270810393877600E-005
  2.542237543770583E-006  3.680668533453336E-005  1.773549365463838E-005
  0.997935547389660      -6.149774087734441E-006 -1.692861034484021E-005
 -2.328155280781140E-005  6.270810393877600E-005 -6.149774087734441E-006
  0.995922512730072       0.997884260364626       2.763465109977079E-005
 -8.966483402704911E-006 -3.196801230986858E-005 -1.374816902630957E-005
  2.763465109977079E-005  0.995983692215256       2.218073534681649E-004
 -7.301205975461305E-005 -7.912916777248932E-005 -8.966483402704911E-006
  2.218073534681649E-004  0.995861427944730       1.874297529376455E-005
  1.492989662611454E-004 -3.196801230986858E-005 -7.301205975461305E-005
  1.874297529376455E-005  0.997930768193379      -3.997004524650203E-005
 -1.374816902630957E-005 -7.912916777248932E-005  1.492989662611454E-004
 -3.997004524650203E-005  0.995894575454616       0.997877789980935     
  3.595457112571304E-005 -6.396483482231785E-006 -3.801777154468351E-005
 -9.294626419127503E-006  3.595457112571304E-005  0.995970230469209     
  2.179304531485997E-004 -6.520805653943329E-005 -8.517308739649239E-005
 -6.396483482231785E-006  2.179304531485997E-004  0.995858515186714     
  2.176835778716106E-005  1.464904130435157E-004 -3.801777154468351E-005
 -6.520805653943329E-005  2.176835778716106E-005  0.997924958244094     
 -3.563020322058617E-005 -9.294626419127503E-006 -8.517308739649239E-005
  1.464904130435157E-004 -3.563020322058617E-005  0.995890170386955     
  0.997893459479849       3.049414375322695E-005 -6.918650291079601E-006
  9.293492667636346E-006 -9.924727185731490E-006  3.049414375322695E-005
  0.995941215426002       1.937131419605439E-005  5.281740632253582E-005
 -1.937131419585177E-005 -6.918650291079601E-006  1.937131419605439E-005
  0.995906502488199       7.465603222517752E-006  6.424485751999523E-005
  9.293492667636346E-006  5.281740632253582E-005  7.465603222517752E-006
  0.997904190680833       2.258925294654446E-006 -9.924727185731490E-006
 -1.937131419585177E-005  6.424485751999523E-005  2.258925294654446E-006
  0.995906502488199       0.997889364403453       1.900271585323826E-005
 -1.463817055493335E-005 -3.381049335719757E-006 -7.005281723004080E-006
  1.900271585323826E-005  0.995918923189766       8.936575658537962E-006
  3.291366934824059E-005 -8.936575658335298E-006 -1.463817055493335E-005
  8.936575658537962E-006  0.995899989649688      -3.623491274133144E-007
  7.185239353783546E-005 -3.381049335719757E-006  3.291366934824059E-005
 -3.623491274133144E-007  0.997885460303963       1.285820212314620E-005
 -7.005281723004080E-006 -8.936575658335298E-006  7.185239353783546E-005
  1.285820212314620E-005  0.995899989649688       0.997946826346962     
 -7.704762408748999E-005  2.774099005293758E-005  4.154474433977400E-006
 -2.071513444317231E-005 -7.704762408748999E-005  0.995983692215256     
  7.912916777269180E-005 -1.257371999586539E-005 -2.218073534679623E-004
  2.774099005293758E-005  7.912916777269180E-005  0.995894575454616     
  3.189128625692880E-005  1.492989662611453E-004  4.154474433977400E-006
 -1.257371999586539E-005  3.189128625692880E-005  0.997868202211043     
 -1.606285243590964E-006 -2.071513444317231E-005 -2.218073534679623E-004
  1.492989662611453E-004 -1.606285243590964E-006  0.995861427944730     
  0.997946090534259      -7.444911906489991E-005  2.620934791367413E-005
  1.415571302773499E-006 -2.205019257838186E-005 -7.444911906489991E-005
  0.995970230469209       8.517308739669483E-005 -1.466456288354711E-006
 -2.179304531483972E-004  2.620934791367413E-005  8.517308739669483E-005
  0.995890170386955       2.586448420931486E-005  1.464904130435157E-004
  1.415571302773499E-006 -1.466456288354711E-006  2.586448420931486E-005
  0.997856657690770      -5.344661709142883E-006 -2.205019257838186E-005
 -2.179304531483972E-004  1.464904130435157E-004 -5.344661709142883E-006
  0.995858515186714       0.000000000000000E+000  0.000000000000000E+000
  0.000000000000000E+000  0.000000000000000E+000  0.000000000000000E+000
  0.000000000000000E+000  0.000000000000000E+000  0.000000000000000E+000
  0.000000000000000E+000  0.000000000000000E+000  0.000000000000000E+000
  0.000000000000000E+000  0.000000000000000E+000  0.000000000000000E+000
  0.000000000000000E+000  0.000000000000000E+000  0.000000000000000E+000
  0.000000000000000E+000  0.000000000000000E+000  0.000000000000000E+000
  0.000000000000000E+000  0.000000000000000E+000  0.000000000000000E+000
  0.000000000000000E+000  0.000000000000000E+000  0.000000000000000E+000
  0.000000000000000E+000  0.000000000000000E+000  0.000000000000000E+000
  0.000000000000000E+000  0.000000000000000E+000  0.000000000000000E+000
  0.000000000000000E+000  0.000000000000000E+000  0.000000000000000E+000
  0.000000000000000E+000  0.000000000000000E+000  0.000000000000000E+000
  0.000000000000000E+000  0.000000000000000E+000  0.000000000000000E+000
  0.000000000000000E+000  0.000000000000000E+000  0.000000000000000E+000
  0.000000000000000E+000  0.000000000000000E+000  0.000000000000000E+000
  0.000000000000000E+000  0.000000000000000E+000  0.000000000000000E+000
  0.000000000000000E+000  0.000000000000000E+000  0.000000000000000E+000
  0.000000000000000E+000  0.000000000000000E+000  0.000000000000000E+000
  0.000000000000000E+000  0.000000000000000E+000  0.000000000000000E+000
  0.000000000000000E+000  0.000000000000000E+000  0.000000000000000E+000
  0.000000000000000E+000  0.000000000000000E+000  0.000000000000000E+000
  0.000000000000000E+000  0.000000000000000E+000  0.000000000000000E+000
  0.000000000000000E+000  0.000000000000000E+000  0.000000000000000E+000
  0.000000000000000E+000  0.000000000000000E+000  0.000000000000000E+000
  0.000000000000000E+000  0.000000000000000E+000  0.000000000000000E+000
  0.000000000000000E+000  0.000000000000000E+000  0.000000000000000E+000
  0.000000000000000E+000  0.000000000000000E+000  0.000000000000000E+000
  0.000000000000000E+000  0.000000000000000E+000  0.000000000000000E+000
  0.000000000000000E+000  0.000000000000000E+000  0.000000000000000E+000
  0.000000000000000E+000  0.000000000000000E+000  0.000000000000000E+000
  0.000000000000000E+000  0.000000000000000E+000  0.000000000000000E+000
  0.000000000000000E+000  0.000000000000000E+000  0.000000000000000E+000
  0.000000000000000E+000  0.000000000000000E+000  0.000000000000000E+000
  0.000000000000000E+000  0.000000000000000E+000  0.000000000000000E+000
  0.000000000000000E+000  0.000000000000000E+000  0.000000000000000E+000
  0.000000000000000E+000  0.000000000000000E+000  0.000000000000000E+000
  0.000000000000000E+000  0.000000000000000E+000  0.000000000000000E+000
  0.000000000000000E+000  0.000000000000000E+000  0.000000000000000E+000
  0.000000000000000E+000  0.000000000000000E+000  0.000000000000000E+000
  0.000000000000000E+000  0.000000000000000E+000  0.000000000000000E+000
  0.000000000000000E+000  0.000000000000000E+000  0.000000000000000E+000
  0.000000000000000E+000  0.000000000000000E+000  0.000000000000000E+000
  0.000000000000000E+000  0.000000000000000E+000  0.000000000000000E+000
  0.000000000000000E+000  0.000000000000000E+000  0.000000000000000E+000
  0.000000000000000E+000  0.000000000000000E+000  0.000000000000000E+000
  0.000000000000000E+000  0.000000000000000E+000  0.000000000000000E+000
  0.000000000000000E+000  0.000000000000000E+000  0.000000000000000E+000
  0.000000000000000E+000  0.000000000000000E+000  0.000000000000000E+000
  0.000000000000000E+000  0.000000000000000E+000  0.000000000000000E+000
  0.000000000000000E+000  0.000000000000000E+000  0.000000000000000E+000
  0.000000000000000E+000  0.000000000000000E+000  0.000000000000000E+000
  0.000000000000000E+000  0.000000000000000E+000  0.000000000000000E+000
  0.000000000000000E+000  0.000000000000000E+000  0.000000000000000E+000
  0.000000000000000E+000  0.000000000000000E+000  0.000000000000000E+000
  0.000000000000000E+000  0.000000000000000E+000  0.000000000000000E+000
  0.000000000000000E+000  0.000000000000000E+000  0.000000000000000E+000
  0.000000000000000E+000  0.000000000000000E+000  0.000000000000000E+000
  0.000000000000000E+000  0.000000000000000E+000  0.000000000000000E+000
  0.000000000000000E+000  0.000000000000000E+000  0.000000000000000E+000
  0.000000000000000E+000  0.000000000000000E+000  0.000000000000000E+000
  0.000000000000000E+000  0.000000000000000E+000  0.000000000000000E+000
  0.000000000000000E+000  0.000000000000000E+000  0.000000000000000E+000
  0.000000000000000E+000  0.000000000000000E+000  0.000000000000000E+000
  0.000000000000000E+000  0.000000000000000E+000  0.000000000000000E+000
  0.000000000000000E+000  0.000000000000000E+000  0.000000000000000E+000
  0.000000000000000E+000  0.000000000000000E+000  0.000000000000000E+000
  0.997957346840395      -6.812578092240489E-006 -6.812578091530577E-006
  4.302148801318536E-016  5.534191081897593E-005 -6.812578092240489E-006
  0.995926775946678      -5.728118721548587E-005 -1.353053144641888E-005
 -1.745823110109838E-005 -6.812578091530577E-006 -5.728118721548587E-005
  0.995926775946674       1.353053145208525E-005 -1.745823110041642E-005
  4.302148801318536E-016 -1.353053144641888E-005  1.353053145208525E-005
  0.997928484388519      -5.192026195284326E-015  5.534191081897593E-005
 -1.745823110109838E-005 -1.745823110041642E-005 -5.192026195284326E-015
  0.996010959133812       0.997937015151193      -1.379016575944324E-005
 -1.379016575873332E-005  4.510206758519816E-016  4.250069936977920E-005
 -1.379016575944324E-005  0.995922512730076      -6.270810393789152E-005
 -1.158571956642917E-005 -2.328155280781152E-005 -1.379016575873332E-005
 -6.270810393789152E-005  0.995922512730073       1.158571957209552E-005
 -2.328155280712954E-005  4.510206758519816E-016 -1.158571956642917E-005
  1.158571957209552E-005  0.997931144105070      -5.192020566111295E-015
  4.250069936977920E-005 -2.328155280781152E-005 -2.328155280712954E-005
 -5.192020566111295E-015  0.996000739698269       0.997891456125423     
 -4.148915908654871E-005 -1.174865104705994E-005 -3.612248674336743E-005
 -4.941297297970514E-005 -4.148915908654871E-005  0.995894575454620     
 -1.492989662602608E-004  8.078758990047791E-006 -7.912916777248974E-005
 -1.174865104705994E-005 -1.492989662602608E-004  0.995861427944730     
  1.713669005536550E-005 -2.218073534672801E-004 -3.612248674336743E-005
  8.078758990047791E-006  1.713669005536550E-005  0.997923572432582     
  6.043833975355479E-005 -4.941297297970514E-005 -7.912916777248974E-005
 -2.218073534672801E-004  6.043833975355479E-005  0.995983692215252     
  0.997880241822353      -3.550397434010325E-005 -1.565370910274257E-005
 -3.943334284702704E-005 -3.849454793117290E-005 -3.550397434010325E-005
  0.995890170386959      -1.464904130426311E-004  9.765719011745900E-006
 -8.517308739649279E-005 -1.565370910274257E-005 -1.464904130426311E-004
  0.995858515186714       1.642369608321006E-005 -2.179304531477150E-004
 -3.943334284702704E-005  9.765719011745900E-006  1.642369608321006E-005
  0.997922506402677       6.374160024588575E-005 -3.849454793117290E-005
 -8.517308739649279E-005 -2.179304531477150E-004  6.374160024588575E-005
  0.995970230469205       0.997891456125423      -1.174865104776977E-005
 -4.148915908583886E-005  3.612248674426249E-005 -4.941297297970509E-005
 -1.174865104776977E-005  0.995861427944734      -1.492989662602611E-004
 -1.713669004969836E-005 -2.218073534679626E-004 -4.148915908583886E-005
 -1.492989662602611E-004  0.995894575454616      -8.078758984381735E-006
 -7.912916777180732E-005  3.612248674426249E-005 -1.713669004969836E-005
 -8.078758984381735E-006  0.997923572432582      -6.043833976394009E-005
 -4.941297297970509E-005 -2.218073534679626E-004 -7.912916777180732E-005
 -6.043833976394009E-005  0.995983692215252       0.997880241822353     
 -1.565370910345241E-005 -3.550397433939340E-005  3.943334284788046E-005
 -3.849454793117291E-005 -1.565370910345241E-005  0.995858515186718     
 -1.464904130426313E-004 -1.642369607754293E-005 -2.179304531483975E-004
 -3.550397433939340E-005 -1.464904130426313E-004  0.995890170386955     
 -9.765719006079812E-006 -8.517308739581036E-005  3.943334284788046E-005
 -1.642369607754293E-005 -9.765719006079812E-006  0.997922506402677     
 -6.374160025627097E-005 -3.849454793117291E-005 -2.179304531483975E-004
 -8.517308739581036E-005 -6.374160025627097E-005  0.995970230469205     
  0.997909556281328      -3.006076901953612E-006 -3.006076901243701E-006
  4.440925741896182E-016  6.098828751446577E-005 -3.006076901953612E-006
  0.995906502488203      -6.424485751911076E-005 -9.724528516697414E-006
 -1.937131419585179E-005 -3.006076901243701E-006 -6.424485751911076E-005
  0.995906502488199       9.724528522363648E-006 -1.937131419516994E-005
  4.440925741896182E-016 -9.724528516697414E-006  9.724528522363648E-006
  0.997888093879354      -5.191711002816660E-015  6.098828751446577E-005
 -1.937131419585179E-005 -1.937131419516994E-005 -5.191711002816660E-015
  0.995941215425998       0.997883508254220       7.632888824627772E-006
  7.632888825337597E-006  4.371689686368621E-016  3.800543171448817E-005
  7.632888824627772E-006  0.995899989649692      -7.185239353695104E-005
 -1.249585299525815E-005 -8.936575658335308E-006  7.632888825337597E-006
 -7.185239353695104E-005  0.995899989649688       1.249585300092421E-005
 -8.936575657653550E-006  4.371689686368621E-016 -1.249585299525815E-005
  1.249585300092421E-005  0.997891316453195      -5.191572171252376E-015
  3.800543171448817E-005 -8.936575658335308E-006 -8.936575657653550E-006
 -5.191572171252376E-015  0.995918923189762       0.000000000000000E+000
  0.000000000000000E+000  0.000000000000000E+000  0.000000000000000E+000
  0.000000000000000E+000  0.000000000000000E+000  0.000000000000000E+000
  0.000000000000000E+000  0.000000000000000E+000  0.000000000000000E+000
  0.000000000000000E+000  0.000000000000000E+000  0.000000000000000E+000
  0.000000000000000E+000  0.000000000000000E+000  0.000000000000000E+000
  0.000000000000000E+000  0.000000000000000E+000  0.000000000000000E+000
  0.000000000000000E+000  0.000000000000000E+000  0.000000000000000E+000
  0.000000000000000E+000  0.000000000000000E+000  0.000000000000000E+000
  0.000000000000000E+000  0.000000000000000E+000  0.000000000000000E+000
  0.000000000000000E+000  0.000000000000000E+000  0.000000000000000E+000
  0.000000000000000E+000  0.000000000000000E+000  0.000000000000000E+000
  0.000000000000000E+000  0.000000000000000E+000  0.000000000000000E+000
  0.000000000000000E+000  0.000000000000000E+000  0.000000000000000E+000
  0.000000000000000E+000  0.000000000000000E+000  0.000000000000000E+000
  0.000000000000000E+000  0.000000000000000E+000  0.000000000000000E+000
  0.000000000000000E+000  0.000000000000000E+000  0.000000000000000E+000
  0.000000000000000E+000  0.000000000000000E+000  0.000000000000000E+000
  0.000000000000000E+000  0.000000000000000E+000  0.000000000000000E+000
  0.000000000000000E+000  0.000000000000000E+000  0.000000000000000E+000
  0.000000000000000E+000  0.000000000000000E+000  0.000000000000000E+000
  0.000000000000000E+000  0.000000000000000E+000  0.000000000000000E+000
  0.000000000000000E+000  0.000000000000000E+000  0.000000000000000E+000
  0.000000000000000E+000  0.000000000000000E+000  0.000000000000000E+000
  0.000000000000000E+000  0.000000000000000E+000  0.000000000000000E+000
  0.000000000000000E+000  0.000000000000000E+000  0.000000000000000E+000
  0.000000000000000E+000  0.000000000000000E+000  0.000000000000000E+000
  0.000000000000000E+000  0.000000000000000E+000  0.000000000000000E+000
  0.000000000000000E+000  0.000000000000000E+000  0.000000000000000E+000
  0.000000000000000E+000  0.000000000000000E+000  0.000000000000000E+000
  0.000000000000000E+000  0.000000000000000E+000  0.000000000000000E+000
  0.000000000000000E+000  0.000000000000000E+000  0.000000000000000E+000
  0.000000000000000E+000  0.000000000000000E+000  0.000000000000000E+000
  0.000000000000000E+000  0.000000000000000E+000  0.000000000000000E+000
  0.000000000000000E+000  0.000000000000000E+000  0.000000000000000E+000
  0.000000000000000E+000  0.000000000000000E+000  0.000000000000000E+000
  0.000000000000000E+000  0.000000000000000E+000  0.000000000000000E+000
  0.000000000000000E+000  0.000000000000000E+000  0.000000000000000E+000
  0.000000000000000E+000  0.000000000000000E+000  0.000000000000000E+000
  0.000000000000000E+000  0.000000000000000E+000  0.000000000000000E+000
  0.000000000000000E+000  0.000000000000000E+000  0.000000000000000E+000
  0.000000000000000E+000  0.000000000000000E+000  0.000000000000000E+000
  0.000000000000000E+000  0.000000000000000E+000  0.000000000000000E+000
  0.000000000000000E+000  0.000000000000000E+000  0.000000000000000E+000
  0.000000000000000E+000  0.000000000000000E+000  0.000000000000000E+000
  0.000000000000000E+000  0.000000000000000E+000  0.000000000000000E+000
  0.000000000000000E+000  0.000000000000000E+000  0.000000000000000E+000
  0.000000000000000E+000  0.000000000000000E+000  0.000000000000000E+000
  0.000000000000000E+000  0.000000000000000E+000  0.000000000000000E+000
  0.000000000000000E+000  0.000000000000000E+000  0.000000000000000E+000
  0.000000000000000E+000  0.000000000000000E+000  0.000000000000000E+000
  0.000000000000000E+000  0.000000000000000E+000  0.000000000000000E+000
  0.000000000000000E+000  0.000000000000000E+000  0.000000000000000E+000
  0.000000000000000E+000  0.000000000000000E+000  0.000000000000000E+000
  0.000000000000000E+000  0.000000000000000E+000  0.000000000000000E+000
  0.000000000000000E+000  0.000000000000000E+000  0.000000000000000E+000
  0.000000000000000E+000  0.000000000000000E+000  0.000000000000000E+000
  0.000000000000000E+000  0.000000000000000E+000  0.000000000000000E+000
  0.000000000000000E+000  0.000000000000000E+000  0.000000000000000E+000
  0.000000000000000E+000  0.000000000000000E+000  0.000000000000000E+000
  0.000000000000000E+000  0.000000000000000E+000  0.000000000000000E+000
  0.000000000000000E+000  0.000000000000000E+000  0.000000000000000E+000
  0.000000000000000E+000  0.000000000000000E+000  0.000000000000000E+000
  0.000000000000000E+000  0.000000000000000E+000  0.000000000000000E+000
  0.000000000000000E+000  0.000000000000000E+000  0.000000000000000E+000
  0.000000000000000E+000  0.000000000000000E+000  0.000000000000000E+000
  0.000000000000000E+000  0.000000000000000E+000  0.000000000000000E+000
  0.000000000000000E+000  0.990846341953467      -1.808647768569779E-003
 -1.808647768569077E-003  4.304923718074977E-016 -3.617295537131644E-003
 -1.808647768569779E-003  0.983759431766342      -6.886021400389911E-004
 -3.132669828150403E-003  6.886021400391981E-004 -1.808647768569077E-003
 -6.886021400389911E-004  0.983759431766338       3.132669828155990E-003
  6.886021400398604E-004  4.304923718074977E-016 -3.132669828150403E-003
  3.132669828155990E-003  0.990846341953465      -5.135540031012399E-015
 -3.617295537131644E-003  6.886021400391981E-004  6.886021400398604E-004
 -5.135540031012399E-015  0.983759431766338       0.990812878083451     
 -1.835354325765328E-003 -1.835354325764626E-003  4.165480982111727E-016
 -3.670708651522768E-003 -1.835354325765328E-003  0.982494847939650     
 -2.045441796232642E-003 -3.178926942108365E-003  2.045441796232852E-003
 -1.835354325764626E-003 -2.045441796232642E-003  0.982494847939646     
  3.178926942113927E-003  2.045441796233506E-003  4.165480982111727E-016
 -3.178926942108365E-003  3.178926942113927E-003  0.990812878083449     
 -5.123092935544701E-015 -3.670708651522768E-003  2.045441796232852E-003
  2.045441796233506E-003 -5.123092935544701E-015  0.982494847939646     
  0.998235448860687       7.687929367553191E-005 -8.439473671555926E-005
 -1.262149514075915E-005  1.951534289343997E-004  7.687929367553191E-005
  0.996343216925441      -4.940020931773144E-004  1.809574885578182E-004
 -6.158823174287683E-004 -8.439473671555926E-005 -4.940020931773144E-004
  0.996454085531982       1.461759718810056E-004  4.940020931781970E-004
 -1.262149514075915E-005  1.809574885578182E-004  1.461759718810056E-004
  0.998250022907920      -2.389932293176702E-005  1.951534289343997E-004
 -6.158823174287683E-004  4.940020931781970E-004 -2.389932293176702E-005
  0.996343216925437       0.998320325234035       1.556600131603857E-004
 -1.426449818822142E-004 -1.215557628041901E-005  2.864071870950209E-004
  1.556600131603857E-004  0.996329184726768      -3.595495763422695E-004
  2.408441826334848E-004 -3.136328138146085E-004 -1.426449818822142E-004
 -3.595495763422695E-004  0.996595222867144       2.470683560629950E-004
  3.595495763431524E-004 -1.215557628041901E-005  2.408441826334848E-004
  2.470683560629950E-004  0.998334361284509       1.438343443269864E-005
  2.864071870950209E-004 -3.136328138146085E-004  3.595495763431524E-004
  1.438343443269864E-005  0.996329184726764       0.998235448860687     
 -8.439473671627049E-005  7.687929367624274E-005  1.262149514163342E-005
  1.951534289343983E-004 -8.439473671627049E-005  0.996454085531986     
 -4.940020931773123E-004 -1.461759718753433E-004  4.940020931775161E-004
  7.687929367624274E-005 -4.940020931773123E-004  0.996343216925437     
 -1.809574885521466E-004 -6.158823174280864E-004  1.262149514163342E-005
 -1.461759718753433E-004 -1.809574885521466E-004  0.998250022907920     
  2.389932292137916E-005  1.951534289343983E-004  4.940020931775161E-004
 -6.158823174280864E-004  2.389932292137916E-005  0.996343216925437     
  0.998320325234035      -1.426449818829257E-004  1.556600131610965E-004
  1.215557628130722E-005  2.864071870950198E-004 -1.426449818829257E-004
  0.996595222867148      -3.595495763422685E-004 -2.470683560573305E-004
  3.595495763424721E-004  1.556600131610965E-004 -3.595495763422685E-004
  0.996329184726764      -2.408441826278146E-004 -3.136328138139264E-004
  1.215557628130722E-005 -2.470683560573305E-004 -2.408441826278146E-004
  0.998334361284509      -1.438343444308574E-005  2.864071870950198E-004
  3.595495763424721E-004 -3.136328138139264E-004 -1.438343444308574E-005
  0.996329184726764       0.998257309931539       1.182741352508519E-004
  1.182741352515603E-004  4.510488693857902E-016 -1.687894734245307E-004
  1.182741352508519E-004  0.996343216925441       6.158823174289720E-004
  1.570581656312435E-004  4.940020931775157E-004  1.182741352515603E-004
  6.158823174289720E-004  0.996343216925437      -1.570581656255749E-004
  4.940020931781976E-004  4.510488693857902E-016  1.570581656312435E-004
 -1.570581656255749E-004  0.998228161837068      -5.191018946708560E-015
 -1.687894734245307E-004  4.940020931775157E-004  4.940020931781976E-004
 -5.191018946708560E-015  0.996454085531982       0.998341379309749     
  1.307471739266208E-004  1.307471739273291E-004  4.440551375743391E-016
 -2.852899637578378E-004  1.307471739266208E-004  0.996329184726768     
  3.136328138148116E-004  2.552276170713757E-004  3.595495763424713E-004
  1.307471739273291E-004  3.136328138148116E-004  0.996329184726765     
 -2.552276170657079E-004  3.595495763431539E-004  4.440551375743391E-016
  2.552276170713757E-004 -2.552276170657079E-004  0.998313307208796     
 -5.192303806744589E-015 -2.852899637578378E-004  3.595495763424713E-004
  3.595495763431539E-004 -5.192303806744589E-015  0.996595222867144     
  0.000000000000000E+000  0.000000000000000E+000  0.000000000000000E+000
  0.000000000000000E+000  0.000000000000000E+000  0.000000000000000E+000
  0.000000000000000E+000  0.000000000000000E+000  0.000000000000000E+000
  0.000000000000000E+000  0.000000000000000E+000  0.000000000000000E+000
  0.000000000000000E+000  0.000000000000000E+000  0.000000000000000E+000
  0.000000000000000E+000  0.000000000000000E+000  0.000000000000000E+000
  0.000000000000000E+000  0.000000000000000E+000  0.000000000000000E+000
  0.000000000000000E+000  0.000000000000000E+000  0.000000000000000E+000
  0.000000000000000E+000  0.000000000000000E+000  0.000000000000000E+000
  0.000000000000000E+000  0.000000000000000E+000  0.000000000000000E+000
  0.000000000000000E+000  0.000000000000000E+000  0.000000000000000E+000
  0.000000000000000E+000  0.000000000000000E+000  0.000000000000000E+000
  0.000000000000000E+000  0.000000000000000E+000  0.000000000000000E+000
  0.000000000000000E+000  0.000000000000000E+000  0.000000000000000E+000
  0.000000000000000E+000  0.000000000000000E+000  0.000000000000000E+000
  0.000000000000000E+000  0.000000000000000E+000  0.000000000000000E+000
  0.000000000000000E+000  0.000000000000000E+000  0.000000000000000E+000
  0.000000000000000E+000  0.000000000000000E+000  0.000000000000000E+000
  0.000000000000000E+000  0.000000000000000E+000  0.000000000000000E+000
  0.000000000000000E+000  0.000000000000000E+000  0.000000000000000E+000
  0.000000000000000E+000  0.000000000000000E+000  0.000000000000000E+000
  0.000000000000000E+000  0.000000000000000E+000  0.000000000000000E+000
  0.000000000000000E+000  0.000000000000000E+000  0.000000000000000E+000
  0.000000000000000E+000  0.000000000000000E+000  0.000000000000000E+000
  0.000000000000000E+000  0.000000000000000E+000  0.000000000000000E+000
  0.000000000000000E+000  0.000000000000000E+000  0.000000000000000E+000
  0.000000000000000E+000  0.000000000000000E+000  0.000000000000000E+000
  0.000000000000000E+000  0.000000000000000E+000  0.000000000000000E+000
  0.000000000000000E+000  0.000000000000000E+000  0.000000000000000E+000
  0.000000000000000E+000  0.000000000000000E+000  0.000000000000000E+000
  0.000000000000000E+000  0.000000000000000E+000  0.000000000000000E+000
  0.000000000000000E+000  0.000000000000000E+000  0.000000000000000E+000
  0.000000000000000E+000  0.000000000000000E+000  0.000000000000000E+000
  0.000000000000000E+000  0.000000000000000E+000  0.000000000000000E+000
  0.000000000000000E+000  0.000000000000000E+000  0.000000000000000E+000
  0.000000000000000E+000  0.000000000000000E+000  0.000000000000000E+000
  0.000000000000000E+000  0.000000000000000E+000  0.000000000000000E+000
  0.000000000000000E+000  0.000000000000000E+000  0.000000000000000E+000
  0.000000000000000E+000  0.000000000000000E+000  0.000000000000000E+000
  0.000000000000000E+000  0.000000000000000E+000  0.000000000000000E+000
  0.000000000000000E+000  0.000000000000000E+000  0.000000000000000E+000
  0.000000000000000E+000  0.000000000000000E+000  0.000000000000000E+000
  0.000000000000000E+000  0.000000000000000E+000  0.000000000000000E+000
  0.000000000000000E+000  0.000000000000000E+000  0.000000000000000E+000
  0.000000000000000E+000  0.000000000000000E+000  0.000000000000000E+000
  0.000000000000000E+000  0.000000000000000E+000  0.000000000000000E+000
  0.000000000000000E+000  0.000000000000000E+000  0.000000000000000E+000
  0.000000000000000E+000  0.000000000000000E+000  0.000000000000000E+000
  0.000000000000000E+000  0.000000000000000E+000  0.000000000000000E+000
  0.000000000000000E+000  0.000000000000000E+000  0.000000000000000E+000
