  0.997920295302129      -1.033659320818059E-005 -1.033659320747087E-005
  4.302129159301691E-016 -2.067318640834973E-005 -1.033659320818059E-005
  0.995915542451539      -1.345752655430604E-005 -1.790350460510306E-005
  1.345752655450882E-005 -1.033659320747087E-005 -1.345752655430604E-005
  0.995915542451535       1.790350461076935E-005  1.345752655519055E-005
  4.302129159301691E-016 -1.790350460510306E-005  1.790350461076935E-005
  0.997920295302127      -5.191488819363454E-015 -2.067318640834973E-005
  1.345752655450882E-005  1.345752655519055E-005 -5.191488819363454E-015
  0.995915542451535       0.997920293506169      -1.033648423395111E-005
 -1.033648423324140E-005  4.302129158533753E-016 -2.067296845989078E-005
 -1.033648423395111E-005  0.995915538919471      -1.345679942033237E-005
 -1.790331585620089E-005  1.345679942053514E-005 -1.033648423324140E-005
 -1.345679942033237E-005  0.995915538919467       1.790331586186718E-005
  1.345679942121688E-005  4.302129158533753E-016 -1.790331585620089E-005
  1.790331586186718E-005  0.997920293506167      -5.191488608215232E-015
 -2.067296845989078E-005  1.345679942053514E-005  1.345679942121688E-005
 -5.191488608215232E-015  0.995915538919467       0.997923436275226     
 -4.848895228201343E-006 -7.217348549054147E-006  4.090828658272196E-006
  2.196962666949781E-006 -4.848895228201343E-006  0.995906030485828     
 -8.986933003827183E-006  5.336344938986680E-006  4.736243665593004E-006
 -7.217348549054147E-006 -8.986933003827183E-006  0.995932771107560     
  1.250081438115376E-005  8.986933004711718E-006  4.090828658272196E-006
  5.336344938986680E-006  1.250081438115376E-005  0.997918712593170     
 -6.867438918277746E-006  2.196962666949781E-006  4.736243665593004E-006
  8.986933004711718E-006 -6.867438918277746E-006  0.995906030485824     
  0.997923438214447      -4.848907226417129E-006 -7.214730398133706E-006
  4.091266174705001E-006  2.196221452180338E-006 -4.848907226417129E-006
  0.995906033939405      -8.986335836847084E-006  5.335495985066463E-006
  4.734228707784585E-006 -7.214730398133706E-006 -8.986335836847084E-006
  0.995932774282780       1.249627961073767E-005  8.986335837731619E-006
  4.091266174705001E-006  5.335495985066463E-006  1.249627961073767E-005
  0.997918714027191      -6.867024832077311E-006  2.196221452180338E-006
  4.734228707784585E-006  8.986335837731619E-006 -6.867024832077311E-006
  0.995906033939401       0.997923436275225      -7.217348549763903E-006
 -4.848895227491630E-006 -4.090828657377088E-006  2.196962666949791E-006
 -7.217348549763903E-006  0.995932771107564      -8.986933003827226E-006
 -1.250081437548735E-005  8.986933004029983E-006 -4.848895227491630E-006
 -8.986933003827226E-006  0.995906030485824      -5.336344933320298E-006
  4.736243666274827E-006 -4.090828657377088E-006 -1.250081437548735E-005
 -5.336344933320298E-006  0.997918712593170       6.867438907894806E-006
  2.196962666949791E-006  8.986933004029983E-006  4.736243666274827E-006
  6.867438907894806E-006  0.995906030485824       0.997923438214447     
 -7.214730398843459E-006 -4.848907225707418E-006 -4.091266173830710E-006
  2.196221452180347E-006 -7.214730398843459E-006  0.995932774282784     
 -8.986335836847127E-006 -1.249627960507126E-005  8.986335837049883E-006
 -4.848907225707418E-006 -8.986335836847127E-006  0.995906033939401     
 -5.335495979400082E-006  4.734228708466408E-006 -4.091266173830710E-006
 -1.249627960507126E-005 -5.335495979400082E-006  0.997918714027191     
  6.867024821694370E-006  2.196221452180347E-006  8.986335837049883E-006
  4.734228708466408E-006  6.867024821694370E-006  0.995906033939401     
  0.997916350752145       7.045857887139741E-006  7.045857887849369E-006
  4.510365139108739E-016 -1.443469709151616E-005  7.045857887139741E-006
  0.995906030485828      -4.736243665390276E-006 -1.531093974099636E-006
  8.986933004029928E-006  7.045857887849369E-006 -4.736243665390276E-006
  0.995906030485824       1.531093979765960E-006  8.986933004711791E-006
  4.510365139108739E-016 -1.531093974099636E-006  1.531093979765960E-006
  0.997925798116250      -5.191567681754295E-015 -1.443469709151616E-005
  8.986933004029928E-006  8.986933004711791E-006 -5.191567681754295E-015
  0.995932771107560       0.997916351933566       7.045128670586086E-006
  7.045128671295714E-006  4.302198315770953E-016 -1.442946078967528E-005
  7.045128670586086E-006  0.995906033939405      -4.734228707581858E-006
 -1.531528841819415E-006  8.986335837049827E-006  7.045128671295714E-006
 -4.734228707581858E-006  0.995906033939401       1.531528847485740E-006
  8.986335837731690E-006  4.302198315770953E-016 -1.531528841819415E-006
  1.531528847485740E-006  0.997925800308072      -5.191567577268496E-015
 -1.442946078967528E-005  8.986335837049827E-006  8.986335837731690E-006
 -5.191567577268496E-015  0.995932774282780       0.000000000000000E+000
  0.000000000000000E+000  0.000000000000000E+000  0.000000000000000E+000
  0.000000000000000E+000  0.000000000000000E+000  0.000000000000000E+000
  0.000000000000000E+000  0.000000000000000E+000  0.000000000000000E+000
  0.000000000000000E+000  0.000000000000000E+000  0.000000000000000E+000
  0.000000000000000E+000  0.000000000000000E+000  0.000000000000000E+000
  0.000000000000000E+000  0.000000000000000E+000  0.000000000000000E+000
  0.000000000000000E+000  0.000000000000000E+000  0.000000000000000E+000
  0.000000000000000E+000  0.000000000000000E+000  0.000000000000000E+000
  0.000000000000000E+000  0.000000000000000E+000  0.000000000000000E+000
  0.000000000000000E+000  0.000000000000000E+000  0.000000000000000E+000
  0.000000000000000E+000  0.000000000000000E+000  0.000000000000000E+000
  0.000000000000000E+000  0.000000000000000E+000  0.000000000000000E+000
  0.000000000000000E+000  0.000000000000000E+000  0.000000000000000E+000
  0.000000000000000E+000  0.000000000000000E+000  0.000000000000000E+000
  0.000000000000000E+000  0.000000000000000E+000  0.000000000000000E+000
  0.000000000000000E+000  0.000000000000000E+000  0.000000000000000E+000
  0.000000000000000E+000  0.000000000000000E+000  0.000000000000000E+000
  0.000000000000000E+000  0.000000000000000E+000  0.000000000000000E+000
  0.000000000000000E+000  0.000000000000000E+000  0.000000000000000E+000
  0.000000000000000E+000  0.000000000000000E+000  0.000000000000000E+000
  0.000000000000000E+000  0.000000000000000E+000  0.000000000000000E+000
  0.000000000000000E+000  0.000000000000000E+000  0.000000000000000E+000
  0.000000000000000E+000  0.000000000000000E+000  0.000000000000000E+000
  0.000000000000000E+000  0.000000000000000E+000  0.000000000000000E+000
  0.000000000000000E+000  0.000000000000000E+000  0.000000000000000E+000
  0.000000000000000E+000  0.000000000000000E+000  0.000000000000000E+000
  0.000000000000000E+000  0.000000000000000E+000  0.000000000000000E+000
  0.000000000000000E+000  0.000000000000000E+000  0.000000000000000E+000
  0.000000000000000E+000  0.000000000000000E+000  0.000000000000000E+000
  0.000000000000000E+000  0.000000000000000E+000  0.000000000000000E+000
  0.000000000000000E+000  0.000000000000000E+000  0.000000000000000E+000
  0.000000000000000E+000  0.000000000000000E+000  0.000000000000000E+000
  0.000000000000000E+000  0.000000000000000E+000  0.000000000000000E+000
  0.000000000000000E+000  0.000000000000000E+000  0.000000000000000E+000
  0.000000000000000E+000  0.000000000000000E+000  0.000000000000000E+000
  0.000000000000000E+000  0.000000000000000E+000  0.000000000000000E+000
  0.000000000000000E+000  0.000000000000000E+000  0.000000000000000E+000
  0.000000000000000E+000  0.000000000000000E+000  0.000000000000000E+000
  0.000000000000000E+000  0.000000000000000E+000  0.000000000000000E+000
  0.000000000000000E+000  0.000000000000000E+000  0.000000000000000E+000
  0.000000000000000E+000  0.000000000000000E+000  0.000000000000000E+000
  0.000000000000000E+000  0.000000000000000E+000  0.000000000000000E+000
  0.000000000000000E+000  0.000000000000000E+000  0.000000000000000E+000
  0.000000000000000E+000  0.000000000000000E+000  0.000000000000000E+000
  0.000000000000000E+000  0.000000000000000E+000  0.000000000000000E+000
  0.000000000000000E+000  0.000000000000000E+000  0.000000000000000E+000
  0.000000000000000E+000  0.000000000000000E+000  0.000000000000000E+000
  0.000000000000000E+000  0.000000000000000E+000  0.000000000000000E+000
  0.000000000000000E+000  0.000000000000000E+000  0.000000000000000E+000
  0.000000000000000E+000  0.000000000000000E+000  0.000000000000000E+000
  0.000000000000000E+000  0.000000000000000E+000  0.000000000000000E+000
  0.000000000000000E+000  0.000000000000000E+000  0.000000000000000E+000
  0.000000000000000E+000  0.000000000000000E+000  0.000000000000000E+000
  0.000000000000000E+000  0.000000000000000E+000  0.000000000000000E+000
  0.000000000000000E+000  0.000000000000000E+000  0.000000000000000E+000
  0.000000000000000E+000  0.000000000000000E+000  0.000000000000000E+000
  0.000000000000000E+000  0.000000000000000E+000  0.000000000000000E+000
  0.000000000000000E+000  0.000000000000000E+000  0.000000000000000E+000
  0.000000000000000E+000  0.000000000000000E+000  0.000000000000000E+000
  0.000000000000000E+000  0.000000000000000E+000  0.000000000000000E+000
  0.000000000000000E+000  0.000000000000000E+000  0.000000000000000E+000
  0.000000000000000E+000  0.000000000000000E+000  0.000000000000000E+000
  0.000000000000000E+000  0.000000000000000E+000  0.000000000000000E+000
  0.000000000000000E+000  0.000000000000000E+000  0.000000000000000E+000
  0.000000000000000E+000  0.000000000000000E+000  0.000000000000000E+000
  0.000000000000000E+000  0.000000000000000E+000  0.000000000000000E+000
  0.000000000000000E+000  0.997891036384760      -1.482511921658147E-004
 -1.482511921651042E-004  4.230875647280475E-016  6.438101471090320E-005
 -1.482511921658147E-004  0.995716964110674      -2.031390940952964E-004
 -2.048533340788794E-005  4.766761394467935E-005 -1.482511921651042E-004
 -2.031390940952964E-004  0.995716964110670       2.048533341355175E-005
  4.766761394536106E-005  4.230875647280475E-016 -2.048533340788794E-005
  2.048533341355175E-005  0.997937522713379      -5.191594185767273E-015
  6.438101471090320E-005  4.766761394467935E-005  4.766761394536106E-005
 -5.191594185767273E-015  0.995986983433110       0.997891036719324     
 -1.482503993080035E-004 -1.482503993072931E-004  4.439042467852353E-016
  6.438097561772652E-005 -1.482503993080035E-004  0.995716964865582     
 -2.031401998944997E-004 -2.048413546517644E-005  4.766689232254685E-005
 -1.482503993072931E-004 -2.031401998944997E-004  0.995716964865578     
  2.048413547084024E-005  4.766689232322857E-005  4.439042467852353E-016
 -2.048413546517644E-005  2.048413547084024E-005  0.997937524146511     
 -5.191593339429376E-015  6.438097561772652E-005  4.766689232254685E-005
  4.766689232322857E-005 -5.191593339429376E-015  0.995986984954875     
  0.997881773986846       1.088356846020203E-004 -1.265276051819756E-004
  1.378495143991721E-006 -3.851994285569928E-005  1.088356846020203E-004
  0.995717389793787       1.929888927574581E-004  5.819048862691639E-006
  4.658941989196818E-005 -1.265276051819756E-004  1.929888927574581E-004
  0.995746345196228       1.571656321003452E-005 -2.213669531539277E-005
  1.378495143991721E-006  5.819048862691639E-006  1.571656321003452E-005
  0.997956233128657       8.474277529215863E-006 -3.851994285569928E-005
  4.658941989196818E-005 -2.213669531539277E-005  8.474277529215863E-006
  0.996021192942242       0.997881774889142       1.088361404249038E-004
 -1.265284403656712E-004  1.378580516443885E-006 -3.852020629488552E-005
  1.088361404249038E-004  0.995717392068894       1.929896000559940E-004
  5.819569399686601E-006  4.658929687825720E-005 -1.265284403656712E-004
  1.929896000559940E-004  0.995746346386812       1.571736857984983E-005
 -2.213615987349892E-005  1.378580516443885E-006  5.819569399686601E-006
  1.571736857984983E-005  0.997956234965653       8.474195168450434E-006
 -3.852020629488552E-005  4.658929687825720E-005 -2.213615987349892E-005
  8.474195168450434E-006  0.996021195856388       0.997881773986846     
 -1.265276051826850E-004  1.088356846027295E-004 -1.378495143124376E-006
 -3.851994285569952E-005 -1.265276051826850E-004  0.995746345196232     
  1.929888927574580E-004 -1.571656320436779E-005 -2.213669531607525E-005
  1.088356846027295E-004  1.929888927574580E-004  0.995717389793783     
 -5.819048857025537E-006  4.658941989265078E-005 -1.378495143124376E-006
 -1.571656320436779E-005 -5.819048857025537E-006  0.997956233128657     
 -8.474277539599725E-006 -3.851994285569952E-005 -2.213669531607525E-005
  4.658941989265078E-005 -8.474277539599725E-006  0.996021192942242     
  0.997881774889143      -1.265284403663805E-004  1.088361404256130E-004
 -1.378580515597356E-006 -3.852020629488576E-005 -1.265284403663805E-004
  0.995746346386816       1.929896000559939E-004 -1.571736857418310E-005
 -2.213615987418141E-005  1.088361404256130E-004  1.929896000559939E-004
  0.995717392068890      -5.819569394020501E-006  4.658929687893980E-005
 -1.378580515597356E-006 -1.571736857418310E-005 -5.819569394020501E-006
  0.997956234965653      -8.474195178834297E-006 -3.852020629488576E-005
 -2.213615987418141E-005  4.658929687893980E-005 -8.474195178834297E-006
  0.996021195856388       0.997947112209675      -3.294450374573962E-005
 -3.294450374502986E-005  4.232877613472017E-016 -3.639508216903372E-005
 -3.294450374573962E-005  0.995821420922798      -8.694529983923185E-005
 -5.005277745626386E-005  8.797212029763065E-005 -3.294450374502986E-005
 -8.694529983923185E-005  0.995821420922794       5.005277746192860E-005
  8.797212029831213E-005  4.232877613472017E-016 -5.005277745626386E-005
  5.005277746192860E-005  0.997920116706959      -5.191307299600372E-015
 -3.639508216903372E-005  8.797212029763065E-005  8.797212029831213E-005
 -5.191307299600372E-015  0.995965936575790       0.997947108340807     
 -3.294406856586775E-005 -3.294406856515800E-005  4.302266550129990E-016
 -3.639491692458618E-005 -3.294406856586775E-005  0.995821413700156     
 -8.694460564560146E-005 -5.005168049150379E-005  8.797244827676290E-005
 -3.294406856515800E-005 -8.694460564560146E-005  0.995821413700152     
  5.005168049716853E-005  8.797244827744436E-005  4.302266550129990E-016
 -5.005168049150379E-005  5.005168049716853E-005  0.997920112743361     
 -5.191306875056726E-015 -3.639491692458618E-005  8.797244827676290E-005
  8.797244827744436E-005 -5.191306875056726E-015  0.995965929930711     
  0.000000000000000E+000  0.000000000000000E+000  0.000000000000000E+000
  0.000000000000000E+000  0.000000000000000E+000  0.000000000000000E+000
  0.000000000000000E+000  0.000000000000000E+000  0.000000000000000E+000
  0.000000000000000E+000  0.000000000000000E+000  0.000000000000000E+000
  0.000000000000000E+000  0.000000000000000E+000  0.000000000000000E+000
  0.000000000000000E+000  0.000000000000000E+000  0.000000000000000E+000
  0.000000000000000E+000  0.000000000000000E+000  0.000000000000000E+000
  0.000000000000000E+000  0.000000000000000E+000  0.000000000000000E+000
  0.000000000000000E+000  0.000000000000000E+000  0.000000000000000E+000
  0.000000000000000E+000  0.000000000000000E+000  0.000000000000000E+000
  0.000000000000000E+000  0.000000000000000E+000  0.000000000000000E+000
  0.000000000000000E+000  0.000000000000000E+000  0.000000000000000E+000
  0.000000000000000E+000  0.000000000000000E+000  0.000000000000000E+000
  0.000000000000000E+000  0.000000000000000E+000  0.000000000000000E+000
  0.000000000000000E+000  0.000000000000000E+000  0.000000000000000E+000
  0.000000000000000E+000  0.000000000000000E+000  0.000000000000000E+000
  0.000000000000000E+000  0.000000000000000E+000  0.000000000000000E+000
  0.000000000000000E+000  0.000000000000000E+000  0.000000000000000E+000
  0.000000000000000E+000  0.000000000000000E+000  0.000000000000000E+000
  0.000000000000000E+000  0.000000000000000E+000  0.000000000000000E+000
  0.000000000000000E+000  0.000000000000000E+000  0.000000000000000E+000
  0.000000000000000E+000  0.000000000000000E+000  0.000000000000000E+000
  0.000000000000000E+000  0.000000000000000E+000  0.000000000000000E+000
  0.000000000000000E+000  0.000000000000000E+000  0.000000000000000E+000
  0.000000000000000E+000  0.000000000000000E+000  0.000000000000000E+000
  0.000000000000000E+000  0.000000000000000E+000  0.000000000000000E+000
  0.000000000000000E+000  0.000000000000000E+000  0.000000000000000E+000
  0.000000000000000E+000  0.000000000000000E+000  0.000000000000000E+000
  0.000000000000000E+000  0.000000000000000E+000  0.000000000000000E+000
  0.000000000000000E+000  0.000000000000000E+000  0.000000000000000E+000
  0.000000000000000E+000  0.000000000000000E+000  0.000000000000000E+000
  0.000000000000000E+000  0.000000000000000E+000  0.000000000000000E+000
  0.000000000000000E+000  0.000000000000000E+000  0.000000000000000E+000
  0.000000000000000E+000  0.000000000000000E+000  0.000000000000000E+000
  0.000000000000000E+000  0.000000000000000E+000  0.000000000000000E+000
  0.000000000000000E+000  0.000000000000000E+000  0.000000000000000E+000
  0.000000000000000E+000  0.000000000000000E+000  0.000000000000000E+000
  0.000000000000000E+000  0.000000000000000E+000  0.000000000000000E+000
  0.000000000000000E+000  0.000000000000000E+000  0.000000000000000E+000
  0.000000000000000E+000  0.000000000000000E+000  0.000000000000000E+000
  0.000000000000000E+000  0.000000000000000E+000  0.000000000000000E+000
  0.000000000000000E+000  0.000000000000000E+000  0.000000000000000E+000
  0.000000000000000E+000  0.000000000000000E+000  0.000000000000000E+000
  0.000000000000000E+000  0.000000000000000E+000  0.000000000000000E+000
  0.000000000000000E+000  0.000000000000000E+000  0.000000000000000E+000
  0.000000000000000E+000  0.000000000000000E+000  0.000000000000000E+000
  0.000000000000000E+000  0.000000000000000E+000  0.000000000000000E+000
  0.000000000000000E+000  0.000000000000000E+000  0.000000000000000E+000
  0.000000000000000E+000  0.000000000000000E+000  0.000000000000000E+000
  0.000000000000000E+000  0.000000000000000E+000  0.000000000000000E+000
  0.000000000000000E+000  0.000000000000000E+000  0.000000000000000E+000
  0.000000000000000E+000  0.000000000000000E+000  0.000000000000000E+000
  0.000000000000000E+000  0.000000000000000E+000  0.000000000000000E+000
  0.000000000000000E+000  0.000000000000000E+000  0.000000000000000E+000
  0.000000000000000E+000  0.000000000000000E+000  0.000000000000000E+000
  0.000000000000000E+000  0.000000000000000E+000  0.000000000000000E+000
  0.000000000000000E+000  0.000000000000000E+000  0.000000000000000E+000
  0.000000000000000E+000  0.000000000000000E+000  0.000000000000000E+000
  0.000000000000000E+000  0.000000000000000E+000  0.000000000000000E+000
  0.000000000000000E+000  0.000000000000000E+000  0.000000000000000E+000
  0.000000000000000E+000  0.000000000000000E+000  0.000000000000000E+000
  0.000000000000000E+000  0.000000000000000E+000  0.000000000000000E+000
  0.000000000000000E+000  0.000000000000000E+000  0.000000000000000E+000
  0.000000000000000E+000  0.000000000000000E+000  0.000000000000000E+000
  0.000000000000000E+000  0.000000000000000E+000  0.000000000000000E+000
  0.000000000000000E+000  0.000000000000000E+000  0.000000000000000E+000
  0.000000000000000E+000  0.000000000000000E+000  0.997925901131226     
  3.219050735144607E-005  5.638477693991420E-005 -2.012917075653459E-005
 -9.186641521860091E-005  3.219050735144607E-005  0.995986983433113     
 -4.766761394447708E-005  5.575559426276123E-005  4.766761394467981E-005
  5.638477693991420E-005 -4.766761394447708E-005  0.995716964110670     
  1.386319652622140E-004  2.031390940961803E-004 -2.012917075653459E-005
  5.575559426276123E-005  1.386319652622140E-004  0.997902657966913     
 -1.181466318538527E-004 -9.186641521860091E-005  4.766761394467981E-005
  2.031390940961803E-004 -1.181466318538527E-004  0.995716964110670     
  0.997925902289716       3.219048780485773E-005  5.638541795982906E-005
 -2.012964645097676E-005 -9.186498134087489E-005  3.219048780485773E-005
  0.995986984954879      -4.766689232234458E-005  5.575556040707709E-005
  4.766689232254732E-005  5.638541795982906E-005 -4.766689232234458E-005
  0.995716964865578       1.386306796558522E-004  2.031401998953835E-004
 -2.012964645097676E-005  5.575556040707709E-005  1.386306796558522E-004
  0.997902658576119      -1.181465441902024E-004 -9.186498134087489E-005
  4.766689232254732E-005  2.031401998953835E-004 -1.181465441902024E-004
  0.995716964865578       0.997938812155019      -1.192103180833899E-005
  4.965285958940593E-005 -3.155250660492880E-005  5.945728644249557E-005
 -1.192103180833899E-005  0.996021192942246       2.213669531627764E-005
 -3.759638783086529E-005  4.658941989196863E-005  4.965285958940593E-005
  2.213669531627764E-005  0.995746345196228       1.174344019717450E-004
 -1.929888927565734E-004 -3.155250660492880E-005 -3.759638783086529E-005
  1.174344019717450E-004  0.997899194960484       9.134494327140148E-005
  5.945728644249557E-005  4.658941989196863E-005 -1.929888927565734E-004
  9.134494327140148E-005  0.995717389793783       0.997938813832275     
 -1.192123485444725E-005  4.965257971053421E-005 -3.155286865547806E-005
  5.945796515219856E-005 -1.192123485444725E-005  0.996021195856392     
  2.213615987438379E-005 -3.759657479551022E-005  4.658929687825766E-005
  4.965257971053421E-005  2.213615987438379E-005  0.995746346386812     
  1.174355279469498E-004 -1.929896000551094E-004 -3.155286865547806E-005
 -3.759657479551022E-005  1.174355279469498E-004  0.997899196022521     
  9.134507775710073E-005  5.945796515219856E-005  4.658929687825766E-005
 -1.929896000551094E-004  9.134507775710073E-005  0.995717392068890     
  0.997926865582639      -1.819754108852233E-005 -2.687472494099253E-005
  1.168939556930871E-005 -5.981922867943200E-005 -1.819754108852233E-005
  0.995965936575794      -8.797212029742795E-005 -3.151906572950628E-005
  8.797212029763084E-005 -2.687472494099253E-005 -8.797212029742795E-005
  0.995821420922794       5.355716588836103E-005  8.694529984011605E-005
  1.168939556930871E-005 -3.151906572950628E-005  5.355716588836103E-005
  0.997940363333994      -3.504388431623235E-006 -5.981922867943200E-005
  8.797212029763084E-005  8.694529984011605E-005 -3.504388431623235E-006
  0.995821420922794       0.997926861642724      -1.819745846629856E-005
 -2.687399253157919E-005  1.168943658864247E-005 -5.981806109014679E-005
 -1.819745846629856E-005  0.995965929930715      -8.797244827656019E-005
 -3.151892262361687E-005  8.797244827676309E-005 -2.687399253157919E-005
 -8.797244827656019E-005  0.995821413700152       5.355624052915676E-005
  8.694460564648565E-005  1.168943658864247E-005 -3.151892262361687E-005
  5.355624052915676E-005  0.997940359441443      -3.504560037179025E-006
 -5.981806109014679E-005  8.797244827676309E-005  8.694460564648565E-005
 -3.504560037179025E-006  0.995821413700152       0.997936424531393     
 -2.659891105537275E-005 -4.937839816682606E-005 -3.293100174849019E-005
 -7.687474558597707E-005 -2.659891105537275E-005  0.996021192942246     
 -4.658941989176601E-005 -2.912211029645750E-005 -2.213669531607490E-005
 -4.937839816682606E-005 -4.658941989176601E-005  0.995717389793783     
 -9.716399213361808E-005 -1.929888927565730E-004 -3.293100174849019E-005
 -2.912211029645750E-005 -9.716399213361808E-005  0.997901582584111     
 -1.017178387669016E-004 -7.687474558597707E-005 -2.213669531607490E-005
 -1.929888927565730E-004 -1.017178387669016E-004  0.995746345196228     
  0.997936426060779      -2.659897144845074E-005 -4.937817528000657E-005
 -3.293144917149856E-005 -7.687586064854439E-005 -2.659897144845074E-005
  0.996021195856392      -4.658929687805503E-005 -2.912237962186785E-005
 -2.213615987418106E-005 -4.937817528000657E-005 -4.658929687805503E-005
  0.995717392068890      -9.716464715631230E-005 -1.929896000551090E-004
 -3.293144917149856E-005 -2.912237962186785E-005 -9.716464715631230E-005
  0.997901583794017      -1.017181593722911E-004 -7.687586064854439E-005
 -2.213615987418106E-005 -1.929896000551090E-004 -1.017181593722911E-004
  0.995746346386812       0.000000000000000E+000  0.000000000000000E+000
  0.000000000000000E+000  0.000000000000000E+000  0.000000000000000E+000
  0.000000000000000E+000  0.000000000000000E+000  0.000000000000000E+000
  0.000000000000000E+000  0.000000000000000E+000  0.000000000000000E+000
  0.000000000000000E+000  0.000000000000000E+000  0.000000000000000E+000
  0.000000000000000E+000  0.000000000000000E+000  0.000000000000000E+000
  0.000000000000000E+000  0.000000000000000E+000  0.000000000000000E+000
  0.000000000000000E+000  0.000000000000000E+000  0.000000000000000E+000
  0.000000000000000E+000  0.000000000000000E+000  0.000000000000000E+000
  0.000000000000000E+000  0.000000000000000E+000  0.000000000000000E+000
  0.000000000000000E+000  0.000000000000000E+000  0.000000000000000E+000
  0.000000000000000E+000  0.000000000000000E+000  0.000000000000000E+000
  0.000000000000000E+000  0.000000000000000E+000  0.000000000000000E+000
  0.000000000000000E+000  0.000000000000000E+000  0.000000000000000E+000
  0.000000000000000E+000  0.000000000000000E+000  0.000000000000000E+000
  0.000000000000000E+000  0.000000000000000E+000  0.000000000000000E+000
  0.000000000000000E+000  0.000000000000000E+000  0.000000000000000E+000
  0.000000000000000E+000  0.000000000000000E+000  0.000000000000000E+000
  0.000000000000000E+000  0.000000000000000E+000  0.000000000000000E+000
  0.000000000000000E+000  0.000000000000000E+000  0.000000000000000E+000
  0.000000000000000E+000  0.000000000000000E+000  0.000000000000000E+000
  0.000000000000000E+000  0.000000000000000E+000  0.000000000000000E+000
  0.000000000000000E+000  0.000000000000000E+000  0.000000000000000E+000
  0.000000000000000E+000  0.000000000000000E+000  0.000000000000000E+000
  0.000000000000000E+000  0.000000000000000E+000  0.000000000000000E+000
  0.000000000000000E+000  0.000000000000000E+000  0.000000000000000E+000
  0.000000000000000E+000  0.000000000000000E+000  0.000000000000000E+000
  0.000000000000000E+000  0.000000000000000E+000  0.000000000000000E+000
  0.000000000000000E+000  0.000000000000000E+000  0.000000000000000E+000
  0.000000000000000E+000  0.000000000000000E+000  0.000000000000000E+000
  0.000000000000000E+000  0.000000000000000E+000  0.000000000000000E+000
  0.000000000000000E+000  0.000000000000000E+000  0.000000000000000E+000
  0.000000000000000E+000  0.000000000000000E+000  0.000000000000000E+000
  0.000000000000000E+000  0.000000000000000E+000  0.000000000000000E+000
  0.000000000000000E+000  0.000000000000000E+000  0.000000000000000E+000
  0.000000000000000E+000  0.000000000000000E+000  0.000000000000000E+000
  0.000000000000000E+000  0.000000000000000E+000  0.000000000000000E+000
  0.000000000000000E+000  0.000000000000000E+000  0.000000000000000E+000
  0.000000000000000E+000  0.000000000000000E+000  0.000000000000000E+000
  0.000000000000000E+000  0.000000000000000E+000  0.000000000000000E+000
  0.000000000000000E+000  0.000000000000000E+000  0.000000000000000E+000
  0.000000000000000E+000  0.000000000000000E+000  0.000000000000000E+000
  0.000000000000000E+000  0.000000000000000E+000  0.000000000000000E+000
  0.000000000000000E+000  0.000000000000000E+000  0.000000000000000E+000
  0.000000000000000E+000  0.000000000000000E+000  0.000000000000000E+000
  0.000000000000000E+000  0.000000000000000E+000  0.000000000000000E+000
  0.000000000000000E+000  0.000000000000000E+000  0.000000000000000E+000
  0.000000000000000E+000  0.000000000000000E+000  0.000000000000000E+000
  0.000000000000000E+000  0.000000000000000E+000  0.000000000000000E+000
  0.000000000000000E+000  0.000000000000000E+000  0.000000000000000E+000
  0.000000000000000E+000  0.000000000000000E+000  0.000000000000000E+000
  0.000000000000000E+000  0.000000000000000E+000  0.000000000000000E+000
  0.000000000000000E+000  0.000000000000000E+000  0.000000000000000E+000
  0.000000000000000E+000  0.000000000000000E+000  0.000000000000000E+000
  0.000000000000000E+000  0.000000000000000E+000  0.000000000000000E+000
  0.000000000000000E+000  0.000000000000000E+000  0.000000000000000E+000
  0.000000000000000E+000  0.000000000000000E+000  0.000000000000000E+000
  0.000000000000000E+000  0.000000000000000E+000  0.000000000000000E+000
  0.000000000000000E+000  0.000000000000000E+000  0.000000000000000E+000
  0.000000000000000E+000  0.000000000000000E+000  0.000000000000000E+000
  0.000000000000000E+000  0.000000000000000E+000  0.000000000000000E+000
  0.000000000000000E+000  0.000000000000000E+000  0.000000000000000E+000
  0.000000000000000E+000  0.000000000000000E+000  0.000000000000000E+000
  0.000000000000000E+000  0.000000000000000E+000  0.000000000000000E+000
  0.000000000000000E+000  0.000000000000000E+000  0.000000000000000E+000
  0.000000000000000E+000  0.000000000000000E+000  0.000000000000000E+000
  0.000000000000000E+000  0.000000000000000E+000  0.000000000000000E+000
  0.997915595325508       8.902797167935897E-006 -5.646519200329264E-005
 -4.529826213302242E-006 -2.270955902971944E-005  8.902797167935897E-006
  0.995947372174688       5.892198425310584E-005 -3.136277238003461E-005
  8.986797833543273E-005 -5.646519200329264E-005  5.892198425310584E-005
  0.995946535682113       9.780058140709306E-005 -5.892198425222113E-005
 -4.529826213302242E-006 -3.136277238003461E-005  9.780058140709306E-005
  0.997920825918274       2.339143470131703E-005 -2.270955902971944E-005
  8.986797833543273E-005 -5.892198425222113E-005  2.339143470131703E-005
  0.995947372174684       0.997915592636340       8.902836951969021E-006
 -5.646429245658362E-005 -4.530249464479404E-006 -2.270986318806936E-005
  8.902836951969021E-006  0.995947369333268       5.892237472351063E-005
 -3.136314656116726E-005  8.986677168973387E-005 -5.646429245658362E-005
  5.892237472351063E-005  0.995946531549342       9.779902334648921E-005
 -5.892237472262592E-005 -4.530249464479404E-006 -3.136314656116726E-005
  9.779902334648921E-005  0.997920823717834       2.339165624586670E-005
 -2.270986318806936E-005  8.986677168973387E-005 -5.892237472262592E-005
  2.339165624586670E-005  0.995947369333263       0.997900316142696     
  4.216330826444557E-006 -6.515825087110682E-005  1.587957142178821E-005
  4.478063738944387E-005  4.216330826444557E-006  0.995953655295198     
 -4.401482892504682E-005  4.927392636430312E-005  1.043351222965629E-004
 -6.515825087110682E-005 -4.401482892504682E-005  0.995918503022736     
  1.128574010393346E-004  4.401482892593110E-005  1.587957142178821E-005
  4.927392636430312E-005  1.128574010393346E-004  0.997881979993024     
 -2.098551357656385E-005  4.478063738944387E-005  1.043351222965629E-004
  4.401482892593110E-005 -2.098551357656385E-005  0.995953655295194     
  0.997900315209278       4.215636153664550E-006 -6.515895821233809E-005
  1.587936860719670E-005  4.477953567771986E-005  4.215636153664550E-006
  0.995953654251280      -4.401548922302234E-005  4.927305528669880E-005
  1.043342474556507E-004 -6.515895821233809E-005 -4.401548922302234E-005
  0.995918501143483       1.128586261902855E-004  4.401548922390662E-005
  1.587936860719670E-005  4.927305528669880E-005  1.128586261902855E-004
  0.997881979293797      -2.098567964203649E-005  4.477953567771986E-005
  1.043342474556507E-004  4.401548922390662E-005 -2.098567964203649E-005
  0.995953654251276       0.997880485433277       6.781553148998513E-005
  6.445299498628581E-005  4.888291718406493E-005  1.362924658804543E-004
  6.781553148998513E-005  0.995929091561655       9.354996558911349E-005
  7.287490627481749E-005  5.488435061143708E-005  6.445299498628581E-005
  9.354996558911349E-005  0.995931528749835       2.923199287324085E-005
 -4.684836293758128E-005  4.888291718406493E-005  7.287490627481749E-005
  2.923199287324085E-005  0.997926999097289       3.360031633711076E-005
  1.362924658804543E-004  5.488435061143708E-005 -4.684836293758128E-005
  3.360031633711076E-005  0.995975186678462       0.997880482619072     
  6.781506050687613E-005  6.445351902907964E-005  4.888314971700228E-005
  1.362920332322723E-004  6.781506050687613E-005  0.995929087635692     
  9.355065695747671E-005  7.287452793050924E-005  5.488556636390167E-005
  6.445351902907964E-005  9.355065695747671E-005  0.995931524469467     
  2.923115792022041E-005 -4.684759878407556E-005  4.888314971700228E-005
  7.287452793050924E-005  2.923115792022041E-005  0.997926996127670     
  3.360060467467093E-005  1.362920332322723E-004  5.488556636390167E-005
 -4.684759878407556E-005  3.360060467467093E-005  0.995975182135759     
  0.997957704529380       9.724496046384868E-005 -5.754214592612346E-005
  4.300451262588582E-006  9.701928587792604E-005  9.724496046384868E-005
  0.995975186678466       4.684836293846601E-005  1.012325796274453E-004
  5.488435061143711E-005 -5.754214592612346E-005  4.684836293846601E-005
  0.995931528749835      -4.120193457236482E-005 -9.354996558822860E-005
  4.300451262588582E-006  1.012325796274453E-004 -4.120193457236482E-005
  0.997849780001187       2.229251990318918E-005  9.701928587792604E-005
  5.488435061143711E-005 -9.354996558822860E-005  2.229251990318918E-005
  0.995929091561651       0.997957701799994       9.724499384740962E-005
 -5.754168485699371E-005  4.300634825094056E-006  9.701872273058923E-005
  9.724499384740962E-005  0.995975182135763       4.684759878496028E-005
  1.012320607743486E-004  5.488556636390169E-005 -5.754168485699371E-005
  4.684759878496028E-005  0.995931524469467      -4.120280588324716E-005
 -9.355065695659184E-005  4.300634825094056E-006  1.012320607743486E-004
 -4.120280588324716E-005  0.997849776946748       2.229230119200616E-005
  9.701872273058923E-005  5.488556636390169E-005 -9.355065695659184E-005
  2.229230119200616E-005  0.995929087635688       0.000000000000000E+000
  0.000000000000000E+000  0.000000000000000E+000  0.000000000000000E+000
  0.000000000000000E+000  0.000000000000000E+000  0.000000000000000E+000
  0.000000000000000E+000  0.000000000000000E+000  0.000000000000000E+000
  0.000000000000000E+000  0.000000000000000E+000  0.000000000000000E+000
  0.000000000000000E+000  0.000000000000000E+000  0.000000000000000E+000
  0.000000000000000E+000  0.000000000000000E+000  0.000000000000000E+000
  0.000000000000000E+000  0.000000000000000E+000  0.000000000000000E+000
  0.000000000000000E+000  0.000000000000000E+000  0.000000000000000E+000
  0.000000000000000E+000  0.000000000000000E+000  0.000000000000000E+000
  0.000000000000000E+000  0.000000000000000E+000  0.000000000000000E+000
  0.000000000000000E+000  0.000000000000000E+000  0.000000000000000E+000
  0.000000000000000E+000  0.000000000000000E+000  0.000000000000000E+000
  0.000000000000000E+000  0.000000000000000E+000  0.000000000000000E+000
  0.000000000000000E+000  0.000000000000000E+000  0.000000000000000E+000
  0.000000000000000E+000  0.000000000000000E+000  0.000000000000000E+000
  0.000000000000000E+000  0.000000000000000E+000  0.000000000000000E+000
  0.000000000000000E+000  0.000000000000000E+000  0.000000000000000E+000
  0.000000000000000E+000  0.000000000000000E+000  0.000000000000000E+000
  0.000000000000000E+000  0.000000000000000E+000  0.000000000000000E+000
  0.000000000000000E+000  0.000000000000000E+000  0.000000000000000E+000
  0.000000000000000E+000  0.000000000000000E+000  0.000000000000000E+000
  0.000000000000000E+000  0.000000000000000E+000  0.000000000000000E+000
  0.000000000000000E+000  0.000000000000000E+000  0.000000000000000E+000
  0.000000000000000E+000  0.000000000000000E+000  0.000000000000000E+000
  0.000000000000000E+000  0.000000000000000E+000  0.000000000000000E+000
  0.000000000000000E+000  0.000000000000000E+000  0.000000000000000E+000
  0.000000000000000E+000  0.000000000000000E+000  0.000000000000000E+000
  0.000000000000000E+000  0.000000000000000E+000  0.000000000000000E+000
  0.000000000000000E+000  0.000000000000000E+000  0.000000000000000E+000
  0.000000000000000E+000  0.000000000000000E+000  0.000000000000000E+000
  0.000000000000000E+000  0.000000000000000E+000  0.000000000000000E+000
  0.000000000000000E+000  0.000000000000000E+000  0.000000000000000E+000
  0.000000000000000E+000  0.000000000000000E+000  0.000000000000000E+000
  0.000000000000000E+000  0.000000000000000E+000  0.000000000000000E+000
  0.000000000000000E+000  0.000000000000000E+000  0.000000000000000E+000
  0.000000000000000E+000  0.000000000000000E+000  0.000000000000000E+000
  0.000000000000000E+000  0.000000000000000E+000  0.000000000000000E+000
  0.000000000000000E+000  0.000000000000000E+000  0.000000000000000E+000
  0.000000000000000E+000  0.000000000000000E+000  0.000000000000000E+000
  0.000000000000000E+000  0.000000000000000E+000  0.000000000000000E+000
  0.000000000000000E+000  0.000000000000000E+000  0.000000000000000E+000
  0.000000000000000E+000  0.000000000000000E+000  0.000000000000000E+000
  0.000000000000000E+000  0.000000000000000E+000  0.000000000000000E+000
  0.000000000000000E+000  0.000000000000000E+000  0.000000000000000E+000
  0.000000000000000E+000  0.000000000000000E+000  0.000000000000000E+000
  0.000000000000000E+000  0.000000000000000E+000  0.000000000000000E+000
  0.000000000000000E+000  0.000000000000000E+000  0.000000000000000E+000
  0.000000000000000E+000  0.000000000000000E+000  0.000000000000000E+000
  0.000000000000000E+000  0.000000000000000E+000  0.000000000000000E+000
  0.000000000000000E+000  0.000000000000000E+000  0.000000000000000E+000
  0.000000000000000E+000  0.000000000000000E+000  0.000000000000000E+000
  0.000000000000000E+000  0.000000000000000E+000  0.000000000000000E+000
  0.000000000000000E+000  0.000000000000000E+000  0.000000000000000E+000
  0.000000000000000E+000  0.000000000000000E+000  0.000000000000000E+000
  0.000000000000000E+000  0.000000000000000E+000  0.000000000000000E+000
  0.000000000000000E+000  0.000000000000000E+000  0.000000000000000E+000
  0.000000000000000E+000  0.000000000000000E+000  0.000000000000000E+000
  0.000000000000000E+000  0.000000000000000E+000  0.000000000000000E+000
  0.000000000000000E+000  0.000000000000000E+000  0.000000000000000E+000
  0.000000000000000E+000  0.000000000000000E+000  0.000000000000000E+000
  0.000000000000000E+000  0.000000000000000E+000  0.000000000000000E+000
  0.000000000000000E+000  0.000000000000000E+000  0.000000000000000E+000
  0.000000000000000E+000  0.000000000000000E+000  0.000000000000000E+000
  0.000000000000000E+000  0.000000000000000E+000  0.000000000000000E+000
  0.000000000000000E+000  0.000000000000000E+000  0.000000000000000E+000
  0.000000000000000E+000  0.000000000000000E+000  0.000000000000000E+000
  0.000000000000000E+000  0.997925901131226       5.638477693920496E-005
  3.219050735215549E-005  2.012917075740907E-005 -9.186641521860098E-005
  5.638477693920496E-005  0.995716964110674      -4.766761394447621E-005
 -1.386319652565511E-004  2.031390940954994E-004  3.219050735215549E-005
 -4.766761394447621E-005  0.995986983433110      -5.575559425709436E-005
  4.766761394536078E-005  2.012917075740907E-005 -1.386319652565511E-004
 -5.575559425709436E-005  0.997902657966913       1.181466318434724E-004
 -9.186641521860098E-005  2.031390940954994E-004  4.766761394536078E-005
  1.181466318434724E-004  0.995716964110670       0.997925902289716     
  5.638541795911980E-005  3.219048780556713E-005  2.012964645185818E-005
 -9.186498134087495E-005  5.638541795911980E-005  0.995716964865582     
 -4.766689232234372E-005 -1.386306796501893E-004  2.031401998947027E-004
  3.219048780556713E-005 -4.766689232234372E-005  0.995986984954875     
 -5.575556040141022E-005  4.766689232322828E-005  2.012964645185818E-005
 -1.386306796501893E-004 -5.575556040141022E-005  0.997902658576119     
  1.181465441798221E-004 -9.186498134087495E-005  2.031401998947027E-004
  4.766689232322828E-005  1.181465441798221E-004  0.995716964865578     
  0.997926865582639      -2.687472494170222E-005 -1.819754108781249E-005
 -1.168939556846216E-005 -5.981922867943198E-005 -2.687472494170222E-005
  0.995821420922798      -8.797212029742761E-005 -5.355716588269635E-005
  8.694529983943482E-005 -1.819754108781249E-005 -8.797212029742761E-005
  0.995965936575790       3.151906573517193E-005  8.797212029831192E-005
 -1.168939556846216E-005 -5.355716588269635E-005  3.151906573517193E-005
  0.997940363333994       3.504388421241654E-006 -5.981922867943198E-005
  8.694529983943482E-005  8.797212029831192E-005  3.504388421241654E-006
  0.995821420922794       0.997926861642724      -2.687399253228886E-005
 -1.819745846558872E-005 -1.168943658779592E-005 -5.981806109014676E-005
 -2.687399253228886E-005  0.995821413700156      -8.797244827655987E-005
 -5.355624052349206E-005  8.694460564580442E-005 -1.819745846558872E-005
 -8.797244827655987E-005  0.995965929930711       3.151892262928253E-005
  8.797244827744417E-005 -1.168943658779592E-005 -5.355624052349206E-005
  3.151892262928253E-005  0.997940359441444       3.504560026797443E-006
 -5.981806109014676E-005  8.694460564580442E-005  8.797244827744417E-005
  3.504560026797443E-006  0.995821413700152       0.997938812155019     
  4.965285958869632E-005 -1.192103180762914E-005  3.155250660579632E-005
  5.945728644249576E-005  4.965285958869632E-005  0.995746345196232     
  2.213669531627770E-005 -1.174344019660779E-004 -1.929888927572551E-004
 -1.192103180762914E-005  2.213669531627770E-005  0.996021192942242     
  3.759638783653211E-005  4.658941989265012E-005  3.155250660579632E-005
 -1.174344019660779E-004  3.759638783653211E-005  0.997899194960484     
 -9.134494328178405E-005  5.945728644249576E-005 -1.929888927572551E-004
  4.658941989265012E-005 -9.134494328178405E-005  0.995717389793783     
  0.997938813832275       4.965257970982461E-005 -1.192123485373740E-005
  3.155286865635252E-005  5.945796515219875E-005  4.965257970982461E-005
  0.995746346386816       2.213615987438386E-005 -1.174355279412827E-004
 -1.929896000557910E-004 -1.192123485373740E-005  2.213615987438386E-005
  0.996021195856388       3.759657480117704E-005  4.658929687893916E-005
  3.155286865635252E-005 -1.174355279412827E-004  3.759657480117704E-005
  0.997899196022521      -9.134507776748328E-005  5.945796515219875E-005
 -1.929896000557910E-004  4.658929687893916E-005 -9.134507776748328E-005
  0.995717392068890       0.997936424531393      -4.937839816753547E-005
 -2.659891105466287E-005  3.293100174934351E-005 -7.687474558597696E-005
 -4.937839816753547E-005  0.995717389793787      -4.658941989176573E-005
  9.716399213928466E-005 -1.929888927572555E-004 -2.659891105466287E-005
 -4.658941989176573E-005  0.996021192942242       2.912211030212445E-005
 -2.213669531539324E-005  3.293100174934351E-005  9.716399213928466E-005
  2.912211030212445E-005  0.997901582584111       1.017178387565187E-004
 -7.687474558597696E-005 -1.929888927572555E-004 -2.213669531539324E-005
  1.017178387565187E-004  0.995746345196228       0.997936426060779     
 -4.937817528071595E-005 -2.659897144774085E-005  3.293144917235881E-005
 -7.687586064854425E-005 -4.937817528071595E-005  0.995717392068894     
 -4.658929687805476E-005  9.716464716197887E-005 -1.929896000557914E-004
 -2.659897144774085E-005 -4.658929687805476E-005  0.996021195856388     
  2.912237962753480E-005 -2.213615987349940E-005  3.293144917235881E-005
  9.716464716197887E-005  2.912237962753480E-005  0.997901583794017     
  1.017181593619082E-004 -7.687586064854425E-005 -1.929896000557914E-004
 -2.213615987349940E-005  1.017181593619082E-004  0.995746346386812     
  0.000000000000000E+000  0.000000000000000E+000  0.000000000000000E+000
  0.000000000000000E+000  0.000000000000000E+000  0.000000000000000E+000
  0.000000000000000E+000  0.000000000000000E+000  0.000000000000000E+000
  0.000000000000000E+000  0.000000000000000E+000  0.000000000000000E+000
  0.000000000000000E+000  0.000000000000000E+000  0.000000000000000E+000
  0.000000000000000E+000  0.000000000000000E+000  0.000000000000000E+000
  0.000000000000000E+000  0.000000000000000E+000  0.000000000000000E+000
  0.000000000000000E+000  0.000000000000000E+000  0.000000000000000E+000
  0.000000000000000E+000  0.000000000000000E+000  0.000000000000000E+000
  0.000000000000000E+000  0.000000000000000E+000  0.000000000000000E+000
  0.000000000000000E+000  0.000000000000000E+000  0.000000000000000E+000
  0.000000000000000E+000  0.000000000000000E+000  0.000000000000000E+000
  0.000000000000000E+000  0.000000000000000E+000  0.000000000000000E+000
  0.000000000000000E+000  0.000000000000000E+000  0.000000000000000E+000
  0.000000000000000E+000  0.000000000000000E+000  0.000000000000000E+000
  0.000000000000000E+000  0.000000000000000E+000  0.000000000000000E+000
  0.000000000000000E+000  0.000000000000000E+000  0.000000000000000E+000
  0.000000000000000E+000  0.000000000000000E+000  0.000000000000000E+000
  0.000000000000000E+000  0.000000000000000E+000  0.000000000000000E+000
  0.000000000000000E+000  0.000000000000000E+000  0.000000000000000E+000
  0.000000000000000E+000  0.000000000000000E+000  0.000000000000000E+000
  0.000000000000000E+000  0.000000000000000E+000  0.000000000000000E+000
  0.000000000000000E+000  0.000000000000000E+000  0.000000000000000E+000
  0.000000000000000E+000  0.000000000000000E+000  0.000000000000000E+000
  0.000000000000000E+000  0.000000000000000E+000  0.000000000000000E+000
  0.000000000000000E+000  0.000000000000000E+000  0.000000000000000E+000
  0.000000000000000E+000  0.000000000000000E+000  0.000000000000000E+000
  0.000000000000000E+000  0.000000000000000E+000  0.000000000000000E+000
  0.000000000000000E+000  0.000000000000000E+000  0.000000000000000E+000
  0.000000000000000E+000  0.000000000000000E+000  0.000000000000000E+000
  0.000000000000000E+000  0.000000000000000E+000  0.000000000000000E+000
  0.000000000000000E+000  0.000000000000000E+000  0.000000000000000E+000
  0.000000000000000E+000  0.000000000000000E+000  0.000000000000000E+000
  0.000000000000000E+000  0.000000000000000E+000  0.000000000000000E+000
  0.000000000000000E+000  0.000000000000000E+000  0.000000000000000E+000
  0.000000000000000E+000  0.000000000000000E+000  0.000000000000000E+000
  0.000000000000000E+000  0.000000000000000E+000  0.000000000000000E+000
  0.000000000000000E+000  0.000000000000000E+000  0.000000000000000E+000
  0.000000000000000E+000  0.000000000000000E+000  0.000000000000000E+000
  0.000000000000000E+000  0.000000000000000E+000  0.000000000000000E+000
  0.000000000000000E+000  0.000000000000000E+000  0.000000000000000E+000
  0.000000000000000E+000  0.000000000000000E+000  0.000000000000000E+000
  0.000000000000000E+000  0.000000000000000E+000  0.000000000000000E+000
  0.000000000000000E+000  0.000000000000000E+000  0.000000000000000E+000
  0.000000000000000E+000  0.000000000000000E+000  0.000000000000000E+000
  0.000000000000000E+000  0.000000000000000E+000  0.000000000000000E+000
  0.000000000000000E+000  0.000000000000000E+000  0.000000000000000E+000
  0.000000000000000E+000  0.000000000000000E+000  0.000000000000000E+000
  0.000000000000000E+000  0.000000000000000E+000  0.000000000000000E+000
  0.000000000000000E+000  0.000000000000000E+000  0.000000000000000E+000
  0.000000000000000E+000  0.000000000000000E+000  0.000000000000000E+000
  0.000000000000000E+000  0.000000000000000E+000  0.000000000000000E+000
  0.000000000000000E+000  0.000000000000000E+000  0.000000000000000E+000
  0.000000000000000E+000  0.000000000000000E+000  0.000000000000000E+000
  0.000000000000000E+000  0.000000000000000E+000  0.000000000000000E+000
  0.000000000000000E+000  0.000000000000000E+000  0.000000000000000E+000
  0.000000000000000E+000  0.000000000000000E+000  0.000000000000000E+000
  0.000000000000000E+000  0.000000000000000E+000  0.000000000000000E+000
  0.000000000000000E+000  0.000000000000000E+000  0.000000000000000E+000
  0.000000000000000E+000  0.000000000000000E+000  0.000000000000000E+000
  0.000000000000000E+000  0.000000000000000E+000  0.000000000000000E+000
  0.000000000000000E+000  0.000000000000000E+000  0.000000000000000E+000
  0.000000000000000E+000  0.000000000000000E+000  0.000000000000000E+000
  0.000000000000000E+000  0.000000000000000E+000  0.000000000000000E+000
  0.000000000000000E+000  0.000000000000000E+000  0.000000000000000E+000
  0.000000000000000E+000  0.000000000000000E+000  0.000000000000000E+000
  0.000000000000000E+000  0.000000000000000E+000  0.997915595325508     
 -5.646519200400245E-005  8.902797168645646E-006  4.529826214197402E-006
 -2.270955902971940E-005 -5.646519200400245E-005  0.995946535682117     
  5.892198425310554E-005 -9.780058140142572E-005 -5.892198425290274E-005
  8.902797168645646E-006  5.892198425310554E-005  0.995947372174684     
  3.136277238570099E-005  8.986797833611453E-005  4.529826214197402E-006
 -9.780058140142572E-005  3.136277238570099E-005  0.997920825918273     
 -2.339143471170034E-005 -2.270955902971940E-005 -5.892198425290274E-005
  8.986797833611453E-005 -2.339143471170034E-005  0.995947372174684     
  0.997915592636340      -5.646429245729342E-005  8.902836952678770E-006
  4.530249465339869E-006 -2.270986318806932E-005 -5.646429245729342E-005
  0.995946531549346       5.892237472351033E-005 -9.779902334082190E-005
 -5.892237472330753E-005  8.902836952678770E-006  5.892237472351033E-005
  0.995947369333264       3.136314656683364E-005  8.986677169041567E-005
  4.530249465339869E-006 -9.779902334082190E-005  3.136314656683364E-005
  0.997920823717834      -2.339165625625002E-005 -2.270986318806932E-005
 -5.892237472330753E-005  8.986677169041567E-005 -2.339165625625002E-005
  0.995947369333264       0.997880485433277       6.445299498557611E-005
  6.781553149069470E-005 -4.888291718316968E-005  1.362924658804546E-004
  6.445299498557611E-005  0.995931528749838       9.354996558911323E-005
 -2.923199286757352E-005 -4.684836293826324E-005  6.781553149069470E-005
  9.354996558911323E-005  0.995929091561651      -7.287490626915070E-005
  5.488435061211929E-005 -4.888291718316968E-005 -2.923199286757352E-005
 -7.287490626915070E-005  0.997926999097290      -3.360031634749419E-005
  1.362924658804546E-004 -4.684836293826324E-005  5.488435061211929E-005
 -3.360031634749419E-005  0.995975186678462       0.997880482619071     
  6.445351902836994E-005  6.781506050758570E-005 -4.888314971612785E-005
  1.362920332322725E-004  6.445351902836994E-005  0.995931524469471     
  9.355065695747648E-005 -2.923115791455310E-005 -4.684759878475752E-005
  6.781506050758570E-005  9.355065695747648E-005  0.995929087635689     
 -7.287452792484244E-005  5.488556636458388E-005 -4.888314971612785E-005
 -2.923115791455310E-005 -7.287452792484244E-005  0.997926996127670     
 -3.360060468505436E-005  1.362920332322725E-004 -4.684759878475752E-005
  5.488556636458388E-005 -3.360060468505436E-005  0.995975182135759     
  0.997900316142696      -6.515825087181689E-005  4.216330827154525E-006
 -1.587957142090701E-005  4.478063738944391E-005 -6.515825087181689E-005
  0.995918503022740      -4.401482892504684E-005 -1.128574010336691E-004
  4.401482892524984E-005  4.216330827154525E-006 -4.401482892504684E-005
  0.995953655295194      -4.927392635863710E-005  1.043351222972445E-004
 -1.587957142090701E-005 -1.128574010336691E-004 -4.927392635863710E-005
  0.997881979993025       2.098551356618134E-005  4.478063738944391E-005
  4.401482892524984E-005  1.043351222972445E-004  2.098551356618134E-005
  0.995953655295194       0.997900315209279      -6.515895821304816E-005
  4.215636154374519E-006 -1.587936860633631E-005  4.477953567771990E-005
 -6.515895821304816E-005  0.995918501143487      -4.401548922302237E-005
 -1.128586261846199E-004  4.401548922322537E-005  4.215636154374519E-006
 -4.401548922302237E-005  0.995953654251276      -4.927305528103279E-005
  1.043342474563322E-004 -1.587936860633631E-005 -1.128586261846199E-004
 -4.927305528103279E-005  0.997881979293797       2.098567963165398E-005
  4.477953567771990E-005  4.401548922322537E-005  1.043342474563322E-004
  2.098567963165398E-005  0.995953654251276       0.997957704529380     
 -5.754214592683317E-005  9.724496046455841E-005 -4.300451261721286E-006
  9.701928587792600E-005 -5.754214592683317E-005  0.995931528749838     
  4.684836293846585E-005  4.120193457803233E-005 -9.354996558891066E-005
  9.724496046455841E-005  4.684836293846585E-005  0.995975186678462     
 -1.012325796217785E-004  5.488435061211929E-005 -4.300451261721286E-006
  4.120193457803233E-005 -1.012325796217785E-004  0.997849780001187     
 -2.229251991357217E-005  9.701928587792600E-005 -9.354996558891066E-005
  5.488435061211929E-005 -2.229251991357217E-005  0.995929091561651     
  0.997957701799993      -5.754168485770344E-005  9.724499384811937E-005
 -4.300634824226759E-006  9.701872273058917E-005 -5.754168485770344E-005
  0.995931524469471       4.684759878496013E-005  4.120280588891468E-005
 -9.355065695727390E-005  9.724499384811937E-005  4.684759878496013E-005
  0.995975182135759      -1.012320607686819E-004  5.488556636458388E-005
 -4.300634824226759E-006  4.120280588891468E-005 -1.012320607686819E-004
  0.997849776946748      -2.229230120238915E-005  9.701872273058917E-005
 -9.355065695727390E-005  5.488556636458388E-005 -2.229230120238915E-005
  0.995929087635688       0.000000000000000E+000  0.000000000000000E+000
  0.000000000000000E+000  0.000000000000000E+000  0.000000000000000E+000
  0.000000000000000E+000  0.000000000000000E+000  0.000000000000000E+000
  0.000000000000000E+000  0.000000000000000E+000  0.000000000000000E+000
  0.000000000000000E+000  0.000000000000000E+000  0.000000000000000E+000
  0.000000000000000E+000  0.000000000000000E+000  0.000000000000000E+000
  0.000000000000000E+000  0.000000000000000E+000  0.000000000000000E+000
  0.000000000000000E+000  0.000000000000000E+000  0.000000000000000E+000
  0.000000000000000E+000  0.000000000000000E+000  0.000000000000000E+000
  0.000000000000000E+000  0.000000000000000E+000  0.000000000000000E+000
  0.000000000000000E+000  0.000000000000000E+000  0.000000000000000E+000
  0.000000000000000E+000  0.000000000000000E+000  0.000000000000000E+000
  0.000000000000000E+000  0.000000000000000E+000  0.000000000000000E+000
  0.000000000000000E+000  0.000000000000000E+000  0.000000000000000E+000
  0.000000000000000E+000  0.000000000000000E+000  0.000000000000000E+000
  0.000000000000000E+000  0.000000000000000E+000  0.000000000000000E+000
  0.000000000000000E+000  0.000000000000000E+000  0.000000000000000E+000
  0.000000000000000E+000  0.000000000000000E+000  0.000000000000000E+000
  0.000000000000000E+000  0.000000000000000E+000  0.000000000000000E+000
  0.000000000000000E+000  0.000000000000000E+000  0.000000000000000E+000
  0.000000000000000E+000  0.000000000000000E+000  0.000000000000000E+000
  0.000000000000000E+000  0.000000000000000E+000  0.000000000000000E+000
  0.000000000000000E+000  0.000000000000000E+000  0.000000000000000E+000
  0.000000000000000E+000  0.000000000000000E+000  0.000000000000000E+000
  0.000000000000000E+000  0.000000000000000E+000  0.000000000000000E+000
  0.000000000000000E+000  0.000000000000000E+000  0.000000000000000E+000
  0.000000000000000E+000  0.000000000000000E+000  0.000000000000000E+000
  0.000000000000000E+000  0.000000000000000E+000  0.000000000000000E+000
  0.000000000000000E+000  0.000000000000000E+000  0.000000000000000E+000
  0.000000000000000E+000  0.000000000000000E+000  0.000000000000000E+000
  0.000000000000000E+000  0.000000000000000E+000  0.000000000000000E+000
  0.000000000000000E+000  0.000000000000000E+000  0.000000000000000E+000
  0.000000000000000E+000  0.000000000000000E+000  0.000000000000000E+000
  0.000000000000000E+000  0.000000000000000E+000  0.000000000000000E+000
  0.000000000000000E+000  0.000000000000000E+000  0.000000000000000E+000
  0.000000000000000E+000  0.000000000000000E+000  0.000000000000000E+000
  0.000000000000000E+000  0.000000000000000E+000  0.000000000000000E+000
  0.000000000000000E+000  0.000000000000000E+000  0.000000000000000E+000
  0.000000000000000E+000  0.000000000000000E+000  0.000000000000000E+000
  0.000000000000000E+000  0.000000000000000E+000  0.000000000000000E+000
  0.000000000000000E+000  0.000000000000000E+000  0.000000000000000E+000
  0.000000000000000E+000  0.000000000000000E+000  0.000000000000000E+000
  0.000000000000000E+000  0.000000000000000E+000  0.000000000000000E+000
  0.000000000000000E+000  0.000000000000000E+000  0.000000000000000E+000
  0.000000000000000E+000  0.000000000000000E+000  0.000000000000000E+000
  0.000000000000000E+000  0.000000000000000E+000  0.000000000000000E+000
  0.000000000000000E+000  0.000000000000000E+000  0.000000000000000E+000
  0.000000000000000E+000  0.000000000000000E+000  0.000000000000000E+000
  0.000000000000000E+000  0.000000000000000E+000  0.000000000000000E+000
  0.000000000000000E+000  0.000000000000000E+000  0.000000000000000E+000
  0.000000000000000E+000  0.000000000000000E+000  0.000000000000000E+000
  0.000000000000000E+000  0.000000000000000E+000  0.000000000000000E+000
  0.000000000000000E+000  0.000000000000000E+000  0.000000000000000E+000
  0.000000000000000E+000  0.000000000000000E+000  0.000000000000000E+000
  0.000000000000000E+000  0.000000000000000E+000  0.000000000000000E+000
  0.000000000000000E+000  0.000000000000000E+000  0.000000000000000E+000
  0.000000000000000E+000  0.000000000000000E+000  0.000000000000000E+000
  0.000000000000000E+000  0.000000000000000E+000  0.000000000000000E+000
  0.000000000000000E+000  0.000000000000000E+000  0.000000000000000E+000
  0.000000000000000E+000  0.000000000000000E+000  0.000000000000000E+000
  0.000000000000000E+000  0.000000000000000E+000  0.000000000000000E+000
  0.000000000000000E+000  0.000000000000000E+000  0.000000000000000E+000
  0.000000000000000E+000  0.000000000000000E+000  0.000000000000000E+000
  0.000000000000000E+000  0.000000000000000E+000  0.000000000000000E+000
  0.000000000000000E+000  0.000000000000000E+000  0.000000000000000E+000
  0.000000000000000E+000  0.000000000000000E+000  0.000000000000000E+000
  0.000000000000000E+000  0.000000000000000E+000  0.000000000000000E+000
  0.997923441214660      -3.161235620566699E-005 -3.161235620495727E-005
  4.301803019530271E-016 -1.129303839999921E-004 -3.161235620566699E-005
  0.995947372174688      -8.986797833523005E-005 -7.971337673525808E-006
 -5.892198425290293E-005 -3.161235620495727E-005 -8.986797833523005E-005
  0.995947372174685       7.971337679192427E-006 -5.892198425222093E-005
  4.301803019530271E-016 -7.971337673525808E-006  7.971337679192427E-006
  0.997912980029122      -5.191983341983285E-015 -1.129303839999921E-004
 -5.892198425290293E-005 -5.892198425222093E-005 -5.191983341983285E-015
  0.995946535682113       0.997923439258584      -3.161270014805004E-005
 -3.161270014734031E-005  4.232414077139087E-016 -1.129285849065740E-004
 -3.161270014805004E-005  0.995947369333268      -8.986677168953120E-005
 -7.971490310108776E-006 -5.892237472330772E-005 -3.161270014734031E-005
 -8.986677168953120E-005  0.995947369333264       7.971490315775400E-006
 -5.892237472262572E-005  4.232414077139087E-016 -7.971490310108776E-006
  7.971490315775400E-006  0.997912977095590      -5.191983341811774E-015
 -1.129285849065740E-004 -5.892237472330772E-005 -5.892237472262572E-005
 -5.191983341811774E-015  0.995946531549342       0.997873036833196     
  3.904750540859406E-005  2.920375438063883E-005 -4.458246592103232E-005
  6.910849066755616E-006  3.904750540859406E-005  0.995975186678466     
 -5.488435061123466E-005  1.348328959697478E-004 -4.684836293826344E-005
  2.920375438063883E-005 -5.488435061123466E-005  0.995929091561651     
 -9.516742617753123E-005 -9.354996558822847E-005 -4.458246592103232E-005
  1.348328959697478E-004 -9.516742617753123E-005  0.997934447697371     
  7.043392744041386E-005  6.910849066755616E-006 -4.684836293826344E-005
 -9.354996558822847E-005  7.043392744041386E-005  0.995931528749834     
  0.997873033701050       3.904703937685106E-005  2.920366221641100E-005
 -4.458251489145726E-005  6.911834178679193E-006  3.904703937685106E-005
  0.995975182135763      -5.488556636369926E-005  1.348326654542113E-004
 -4.684759878475773E-005  2.920366221641100E-005 -5.488556636369926E-005
  0.995929087635689      -9.516682912203995E-005 -9.355065695659173E-005
 -4.458251489145726E-005  1.348326654542113E-004 -9.516682912203995E-005
  0.997934445045691       7.043396379827577E-005  6.911834178679193E-006
 -4.684759878475773E-005 -9.355065695659173E-005  7.043396379827577E-005
  0.995931524469467       0.997873036833196       2.920375437992924E-005
  3.904750540930368E-005  4.458246592191346E-005  6.910849066755453E-006
  2.920375437992924E-005  0.995929091561655      -5.488435061123465E-005
  9.516742618319826E-005 -9.354996558891078E-005  3.904750540930368E-005
 -5.488435061123465E-005  0.995975186678462      -1.348328959640810E-004
 -4.684836293758109E-005  4.458246592191346E-005  9.516742618319826E-005
 -1.348328959640810E-004  0.997934447697371      -7.043392745079757E-005
  6.910849066755453E-006 -9.354996558891078E-005 -4.684836293758109E-005
 -7.043392745079757E-005  0.995931528749834       0.997873033701050     
  2.920366221570141E-005  3.904703937756067E-005  4.458251489233840E-005
  6.911834178679030E-006  2.920366221570141E-005  0.995929087635692     
 -5.488556636369924E-005  9.516682912770699E-005 -9.355065695727402E-005
  3.904703937756067E-005 -5.488556636369924E-005  0.995975182135759     
 -1.348326654485445E-004 -4.684759878407536E-005  4.458251489233840E-005
  9.516682912770699E-005 -1.348326654485445E-004  0.997934445045691     
 -7.043396380865948E-005  6.911834178679030E-006 -9.355065695727402E-005
 -4.684759878407536E-005 -7.043396380865948E-005  0.995931524469467     
  0.997872811918192       4.056430655498855E-005  4.056430655569795E-005
  4.579949095489305E-016 -1.303165017356223E-004  4.056430655498855E-005
  0.995953655295198      -1.043351222963601E-004  2.828841279293035E-005
  4.401482892524969E-005  4.056430655569795E-005 -1.043351222963601E-004
  0.995953655295194      -2.828841278726457E-005  4.401482892593131E-005
  4.579949095489305E-016  2.828841279293035E-005 -2.828841278726457E-005
  0.997909484217528      -5.191240274485124E-015 -1.303165017356223E-004
  4.401482892524969E-005  4.401482892593131E-005 -5.191240274485124E-015
  0.995918503022736       0.997872811336059       4.056389951604455E-005
  4.056389951675395E-005  4.302393343968448E-016 -1.303179164180849E-004
  4.056389951604455E-005  0.995953654251280      -1.043342474554479E-004
  2.828737564985338E-005  4.401548922322523E-005  4.056389951675395E-005
 -1.043342474554479E-004  0.995953654251276      -2.828737564418761E-005
  4.401548922390684E-005  4.302393343968448E-016  2.828737564985338E-005
 -2.828737564418761E-005  0.997909483167016      -5.191241967873987E-015
 -1.303179164180849E-004  4.401548922322523E-005  4.401548922390684E-005
 -5.191241967873987E-015  0.995918501143483       0.000000000000000E+000
  0.000000000000000E+000  0.000000000000000E+000  0.000000000000000E+000
  0.000000000000000E+000  0.000000000000000E+000  0.000000000000000E+000
  0.000000000000000E+000  0.000000000000000E+000  0.000000000000000E+000
  0.000000000000000E+000  0.000000000000000E+000  0.000000000000000E+000
  0.000000000000000E+000  0.000000000000000E+000  0.000000000000000E+000
  0.000000000000000E+000  0.000000000000000E+000  0.000000000000000E+000
  0.000000000000000E+000  0.000000000000000E+000  0.000000000000000E+000
  0.000000000000000E+000  0.000000000000000E+000  0.000000000000000E+000
  0.000000000000000E+000  0.000000000000000E+000  0.000000000000000E+000
  0.000000000000000E+000  0.000000000000000E+000  0.000000000000000E+000
  0.000000000000000E+000  0.000000000000000E+000  0.000000000000000E+000
  0.000000000000000E+000  0.000000000000000E+000  0.000000000000000E+000
  0.000000000000000E+000  0.000000000000000E+000  0.000000000000000E+000
  0.000000000000000E+000  0.000000000000000E+000  0.000000000000000E+000
  0.000000000000000E+000  0.000000000000000E+000  0.000000000000000E+000
  0.000000000000000E+000  0.000000000000000E+000  0.000000000000000E+000
  0.000000000000000E+000  0.000000000000000E+000  0.000000000000000E+000
  0.000000000000000E+000  0.000000000000000E+000  0.000000000000000E+000
  0.000000000000000E+000  0.000000000000000E+000  0.000000000000000E+000
  0.000000000000000E+000  0.000000000000000E+000  0.000000000000000E+000
  0.000000000000000E+000  0.000000000000000E+000  0.000000000000000E+000
  0.000000000000000E+000  0.000000000000000E+000  0.000000000000000E+000
  0.000000000000000E+000  0.000000000000000E+000  0.000000000000000E+000
  0.000000000000000E+000  0.000000000000000E+000  0.000000000000000E+000
  0.000000000000000E+000  0.000000000000000E+000  0.000000000000000E+000
  0.000000000000000E+000  0.000000000000000E+000  0.000000000000000E+000
  0.000000000000000E+000  0.000000000000000E+000  0.000000000000000E+000
  0.000000000000000E+000  0.000000000000000E+000  0.000000000000000E+000
  0.000000000000000E+000  0.000000000000000E+000  0.000000000000000E+000
  0.000000000000000E+000  0.000000000000000E+000  0.000000000000000E+000
  0.000000000000000E+000  0.000000000000000E+000  0.000000000000000E+000
  0.000000000000000E+000  0.000000000000000E+000  0.000000000000000E+000
  0.000000000000000E+000  0.000000000000000E+000  0.000000000000000E+000
  0.000000000000000E+000  0.000000000000000E+000  0.000000000000000E+000
  0.000000000000000E+000  0.000000000000000E+000  0.000000000000000E+000
  0.000000000000000E+000  0.000000000000000E+000  0.000000000000000E+000
  0.000000000000000E+000  0.000000000000000E+000  0.000000000000000E+000
  0.000000000000000E+000  0.000000000000000E+000  0.000000000000000E+000
  0.000000000000000E+000  0.000000000000000E+000  0.000000000000000E+000
  0.000000000000000E+000  0.000000000000000E+000  0.000000000000000E+000
  0.000000000000000E+000  0.000000000000000E+000  0.000000000000000E+000
  0.000000000000000E+000  0.000000000000000E+000  0.000000000000000E+000
  0.000000000000000E+000  0.000000000000000E+000  0.000000000000000E+000
  0.000000000000000E+000  0.000000000000000E+000  0.000000000000000E+000
  0.000000000000000E+000  0.000000000000000E+000  0.000000000000000E+000
  0.000000000000000E+000  0.000000000000000E+000  0.000000000000000E+000
  0.000000000000000E+000  0.000000000000000E+000  0.000000000000000E+000
  0.000000000000000E+000  0.000000000000000E+000  0.000000000000000E+000
  0.000000000000000E+000  0.000000000000000E+000  0.000000000000000E+000
  0.000000000000000E+000  0.000000000000000E+000  0.000000000000000E+000
  0.000000000000000E+000  0.000000000000000E+000  0.000000000000000E+000
  0.000000000000000E+000  0.000000000000000E+000  0.000000000000000E+000
  0.000000000000000E+000  0.000000000000000E+000  0.000000000000000E+000
  0.000000000000000E+000  0.000000000000000E+000  0.000000000000000E+000
  0.000000000000000E+000  0.000000000000000E+000  0.000000000000000E+000
  0.000000000000000E+000  0.000000000000000E+000  0.000000000000000E+000
  0.000000000000000E+000  0.000000000000000E+000  0.000000000000000E+000
  0.000000000000000E+000  0.000000000000000E+000  0.000000000000000E+000
  0.000000000000000E+000  0.000000000000000E+000  0.000000000000000E+000
  0.000000000000000E+000  0.000000000000000E+000  0.000000000000000E+000
  0.000000000000000E+000  0.000000000000000E+000  0.000000000000000E+000
  0.000000000000000E+000  0.000000000000000E+000  0.000000000000000E+000
  0.000000000000000E+000  0.000000000000000E+000  0.000000000000000E+000
  0.000000000000000E+000  0.000000000000000E+000  0.000000000000000E+000
  0.000000000000000E+000  0.000000000000000E+000  0.000000000000000E+000
  0.000000000000000E+000  0.000000000000000E+000  0.000000000000000E+000
  0.000000000000000E+000  0.994096777436491       5.020715667672007E-005
  5.020715667742107E-005  4.162032109585401E-016  1.004143133613331E-004
  5.020715667672007E-005  0.984413827642941      -2.139817248235886E-003
  8.696134627616079E-005  2.139817248236091E-003  5.020715667742107E-005
 -2.139817248235886E-003  0.984413827642937      -8.696134627058795E-005
  2.139817248236754E-003  4.162032109585401E-016  8.696134627616079E-005
 -8.696134627058795E-005  0.994096777436489      -5.130154722052595E-015
  1.004143133613331E-004  2.139817248236091E-003  2.139817248236754E-003
 -5.130154722052595E-015  0.984413827642937       0.994096769171011     
  5.020637186788325E-005  5.020637186858427E-005  4.092643206192951E-016
  1.004127437436595E-004  5.020637186788325E-005  0.984413817100928     
 -2.139783770252332E-003  8.695998694738121E-005  2.139783770252536E-003
  5.020637186858427E-005 -2.139783770252332E-003  0.984413817100924     
 -8.695998694180835E-005  2.139783770253199E-003  4.092643206192951E-016
  8.695998694738121E-005 -8.695998694180835E-005  0.994096769171009     
 -5.130151373583409E-015  1.004127437436595E-004  2.139783770252536E-003
  2.139783770253199E-003 -5.130151373583409E-015  0.984413817100924     
  0.998483687274317       2.011998832196476E-005 -3.484560638010599E-005
  5.215664073827198E-007 -2.547366426093411E-005  2.011998832196476E-005
  0.996318695020990      -2.261067995957689E-004 -4.103073451098534E-005
 -2.392628751845308E-004 -3.484560638010599E-005 -2.261067995957689E-004
  0.996634620415126       6.035436066914737E-005  2.261067995966529E-004
  5.215664073827198E-007 -4.103073451098534E-005  6.035436066914737E-005
  0.998483085021304       3.793978826528676E-005 -2.547366426093411E-005
 -2.392628751845308E-004  2.261067995966529E-004  3.793978826528676E-005
  0.996318695020986       0.998483685950590       2.011988531650143E-005
 -3.484532656387649E-005  5.216379349721268E-007 -2.547355487413230E-005
  2.011988531650143E-005  0.996318692955441      -2.261092593943191E-004
 -4.103054873175442E-005 -2.392626507216618E-004 -3.484532656387649E-005
 -2.261092593943191E-004  0.996634616843575       6.035387601322109E-005
  2.261092593952031E-004  5.216379349721268E-007 -4.103054873175442E-005
  6.035387601322109E-005  0.998483083614985       3.793960617032333E-005
 -2.547355487413230E-005 -2.392626507216618E-004  2.261092593952031E-004
  3.793960617032333E-005  0.996318692955437       0.998483687274317     
 -3.484560638081654E-005  2.011998832267494E-005 -5.215664065083571E-007
 -2.547366426093469E-005 -3.484560638081654E-005  0.996634620415130     
 -2.261067995957685E-004 -6.035436066347977E-005  2.261067995959717E-004
  2.011998832267494E-005 -2.261067995957685E-004  0.996318695020987     
  4.103073451665467E-005 -2.392628751838490E-004 -5.215664065083571E-007
 -6.035436066347977E-005  4.103073451665467E-005  0.998483085021304     
 -3.793978827567468E-005 -2.547366426093469E-005  2.261067995959717E-004
 -2.392628751838490E-004 -3.793978827567468E-005  0.996318695020986     
  0.998483685950591      -3.484532656458703E-005  2.011988531721162E-005
 -5.216379341185808E-007 -2.547355487413289E-005 -3.484532656458703E-005
  0.996634616843579      -2.261092593943187E-004 -6.035387600755349E-005
  2.261092593945219E-004  2.011988531721162E-005 -2.261092593943187E-004
  0.996318692955437       4.103054873742374E-005 -2.392626507209800E-004
 -5.216379341185808E-007 -6.035387600755349E-005  4.103054873742374E-005
  0.998483083614985      -3.793960618071125E-005 -2.547355487413289E-005
  2.261092593945219E-004 -2.392626507209800E-004 -3.793960618071125E-005
  0.996318692955437       0.998482783894800      -4.559365259091420E-005
 -4.559365259020449E-005  4.509830977607156E-016 -6.969121275361847E-005
 -4.559365259091420E-005  0.996318695020990       2.392628751847340E-004
 -3.090946240505045E-006  2.261067995959713E-004 -4.559365259020449E-005
  2.392628751847340E-004  0.996318695020987       3.090946246173478E-006
  2.261067995966535E-004  4.509830977607156E-016 -3.090946240505045E-006
  3.090946246173478E-006  0.998483988400821      -5.193793040269068E-015
 -6.969121275361847E-005  2.261067995959713E-004  2.261067995966535E-004
 -5.193793040269068E-015  0.996634620415126       0.998482782447185     
 -4.559344019864907E-005 -4.559344019793936E-005  4.371053103512963E-016
 -6.969065312115944E-005 -4.559344019864907E-005  0.996318692955441     
  2.392626507218650E-004 -3.090942556237554E-006  2.261092593945215E-004
 -4.559344019793936E-005  2.392626507218650E-004  0.996318692955437     
  3.090942561905986E-006  2.261092593952038E-004  4.371053103512963E-016
 -3.090942556237554E-006  3.090942561905986E-006  0.998483987118390     
 -5.193793460924263E-015 -6.969065312115944E-005  2.261092593945215E-004
  2.261092593952038E-004 -5.193793460924263E-015  0.996634616843575     
  0.000000000000000E+000  0.000000000000000E+000  0.000000000000000E+000
  0.000000000000000E+000  0.000000000000000E+000  0.000000000000000E+000
  0.000000000000000E+000  0.000000000000000E+000  0.000000000000000E+000
  0.000000000000000E+000  0.000000000000000E+000  0.000000000000000E+000
  0.000000000000000E+000  0.000000000000000E+000  0.000000000000000E+000
  0.000000000000000E+000  0.000000000000000E+000  0.000000000000000E+000
  0.000000000000000E+000  0.000000000000000E+000  0.000000000000000E+000
  0.000000000000000E+000  0.000000000000000E+000  0.000000000000000E+000
  0.000000000000000E+000  0.000000000000000E+000  0.000000000000000E+000
  0.000000000000000E+000  0.000000000000000E+000  0.000000000000000E+000
  0.000000000000000E+000  0.000000000000000E+000  0.000000000000000E+000
  0.000000000000000E+000  0.000000000000000E+000  0.000000000000000E+000
  0.000000000000000E+000  0.000000000000000E+000  0.000000000000000E+000
  0.000000000000000E+000  0.000000000000000E+000  0.000000000000000E+000
  0.000000000000000E+000  0.000000000000000E+000  0.000000000000000E+000
  0.000000000000000E+000  0.000000000000000E+000  0.000000000000000E+000
  0.000000000000000E+000  0.000000000000000E+000  0.000000000000000E+000
  0.000000000000000E+000  0.000000000000000E+000  0.000000000000000E+000
  0.000000000000000E+000  0.000000000000000E+000  0.000000000000000E+000
  0.000000000000000E+000  0.000000000000000E+000  0.000000000000000E+000
  0.000000000000000E+000  0.000000000000000E+000  0.000000000000000E+000
  0.000000000000000E+000  0.000000000000000E+000  0.000000000000000E+000
  0.000000000000000E+000  0.000000000000000E+000  0.000000000000000E+000
  0.000000000000000E+000  0.000000000000000E+000  0.000000000000000E+000
  0.000000000000000E+000  0.000000000000000E+000  0.000000000000000E+000
  0.000000000000000E+000  0.000000000000000E+000  0.000000000000000E+000
  0.000000000000000E+000  0.000000000000000E+000  0.000000000000000E+000
  0.000000000000000E+000  0.000000000000000E+000  0.000000000000000E+000
  0.000000000000000E+000  0.000000000000000E+000  0.000000000000000E+000
  0.000000000000000E+000  0.000000000000000E+000  0.000000000000000E+000
  0.000000000000000E+000  0.000000000000000E+000  0.000000000000000E+000
  0.000000000000000E+000  0.000000000000000E+000  0.000000000000000E+000
  0.000000000000000E+000  0.000000000000000E+000  0.000000000000000E+000
  0.000000000000000E+000  0.000000000000000E+000  0.000000000000000E+000
  0.000000000000000E+000  0.000000000000000E+000  0.000000000000000E+000
  0.000000000000000E+000  0.000000000000000E+000  0.000000000000000E+000
  0.000000000000000E+000  0.000000000000000E+000  0.000000000000000E+000
  0.000000000000000E+000  0.000000000000000E+000  0.000000000000000E+000
  0.000000000000000E+000  0.000000000000000E+000  0.000000000000000E+000
  0.000000000000000E+000  0.000000000000000E+000  0.000000000000000E+000
  0.000000000000000E+000  0.000000000000000E+000  0.000000000000000E+000
  0.000000000000000E+000  0.000000000000000E+000  0.000000000000000E+000
  0.000000000000000E+000  0.000000000000000E+000  0.000000000000000E+000
  0.000000000000000E+000  0.000000000000000E+000  0.000000000000000E+000
  0.000000000000000E+000  0.000000000000000E+000  0.000000000000000E+000
  0.000000000000000E+000  0.000000000000000E+000  0.000000000000000E+000
  0.000000000000000E+000  0.000000000000000E+000  0.000000000000000E+000
  0.000000000000000E+000  0.000000000000000E+000  0.000000000000000E+000
  0.000000000000000E+000  0.000000000000000E+000  0.000000000000000E+000
  0.000000000000000E+000  0.000000000000000E+000  0.000000000000000E+000
