  0.997938569360757       4.269934246660849E-007  4.269934253758271E-007
  4.440894583097888E-016  8.539868573441779E-007  4.269934246660849E-007
  0.995965227321238       2.032772369720714E-006  7.395743146572201E-007
 -2.032772369517994E-006  4.269934253758271E-007  2.032772369720714E-006
  0.995965227321234      -7.395743089904146E-007 -2.032772368836099E-006
  4.440894583097888E-016  7.395743146572201E-007 -7.395743089904146E-007
  0.997938569360755      -5.191758793232500E-015  8.539868573441779E-007
 -2.032772369517994E-006 -2.032772368836099E-006 -5.191758793232500E-015
  0.995965227321234       0.997938567058262       4.280687858226254E-007
  4.280687865323675E-007  4.163338824492221E-016  8.561375796572588E-007
  4.280687858226254E-007  0.995965223301723       2.035307443621878E-006
  7.414368948168342E-007 -2.035307443419158E-006  4.280687865323675E-007
  2.035307443621878E-006  0.995965223301718      -7.414368891500287E-007
 -2.035307442737262E-006  4.163338824492221E-016  7.414368948168342E-007
 -7.414368891500287E-007  0.997938567058260      -5.191758802052302E-015
  8.561375796572588E-007 -2.035307443419158E-006 -2.035307442737262E-006
 -5.191758802052302E-015  0.995965223301718       0.997940125147862     
 -1.139194475297815E-005  4.034863682163451E-006  2.484683517836588E-006
 -1.390966405780157E-005 -1.139194475297815E-005  0.995959448373041     
 -1.727073467953170E-005 -9.484354207106438E-006 -2.491825690880820E-006
  4.034863682163451E-006 -1.727073467953170E-005  0.995973038873424     
 -6.988588900863150E-006  1.727073468041626E-005  2.484683517836588E-006
 -9.484354207106438E-006 -6.988588900863150E-006  0.997937256082465     
 -5.123536451907603E-006 -1.390966405780157E-005 -2.491825690880820E-006
  1.727073468041626E-005 -5.123536451907603E-006  0.995959448373037     
  0.997940126396835      -1.139167296892076E-005  4.037235607167396E-006
  2.485080010328205E-006 -1.391034984346751E-005 -1.139167296892076E-005
  0.995959451412352      -1.726968686072969E-005 -9.485302998782807E-006
 -2.492667924023456E-006  4.037235607167396E-006 -1.726968686072969E-005
  0.995973042968916      -6.992697195481726E-006  1.726968686161425E-005
  2.485080010328205E-006 -9.485302998782807E-006 -6.992697195481726E-006
  0.997937256873608      -5.122826684171375E-006 -1.391034984346751E-005
 -2.492667924023456E-006  1.726968686161425E-005 -5.122826684171375E-006
  0.995959451412348       0.997940125147862       4.034863681453701E-006
 -1.139194475226840E-005 -2.484683516990049E-006 -1.390966405780156E-005
  4.034863681453701E-006  0.995973038873428      -1.727073467953169E-005
  6.988588906529763E-006  1.727073467973444E-005 -1.139194475226840E-005
 -1.727073467953169E-005  0.995959448373037       9.484354212773085E-006
 -2.491825690199014E-006 -2.484683516990049E-006  6.988588906529763E-006
  9.484354212773085E-006  0.997937256082465       5.123536441524232E-006
 -1.390966405780156E-005  1.727073467973444E-005 -2.491825690199014E-006
  5.123536441524232E-006  0.995959448373037       0.997940126396835     
  4.037235606457645E-006 -1.139167296821101E-005 -2.485080009426155E-006
 -1.391034984346750E-005  4.037235606457645E-006  0.995973042968920     
 -1.726968686072968E-005  6.992697201148338E-006  1.726968686093243E-005
 -1.139167296821101E-005 -1.726968686072968E-005  0.995959451412348     
  9.485303004449456E-006 -2.492667923341650E-006 -2.485080009426155E-006
  6.992697201148338E-006  9.485303004449456E-006  0.997937256873608     
  5.122826673788005E-006 -1.391034984346750E-005  1.726968686093243E-005
 -2.492667923341650E-006  5.122826673788005E-006  0.995959451412348     
  0.997935821549769      -2.517719312835291E-006 -2.517719312125511E-006
  4.024634186755027E-016  8.069727370919213E-006 -2.517719312835291E-006
  0.995959448373041       2.491825691083595E-006 -1.460789065382236E-005
  1.727073467973445E-005 -2.517719312125511E-006  2.491825691083595E-006
  0.995959448373037       1.460789065948899E-005  1.727073468041624E-005
  4.024634186755027E-016 -1.460789065382236E-005  1.460789065948899E-005
  0.997941559680557      -5.191704208496428E-015  8.069727370919213E-006
  1.727073467973445E-005  1.727073468041624E-005 -5.191704208496428E-015
  0.995973038873424       0.997935822111997      -2.518676882558621E-006
 -2.518676881848841E-006  4.371578874105880E-016  8.074471220927100E-006
 -2.518676882558621E-006  0.995959451412352       2.492667924226231E-006
 -1.460812967776251E-005  1.726968686093243E-005 -2.518676881848841E-006
  2.492667924226231E-006  0.995959451412348       1.460812968342913E-005
  1.726968686161423E-005  4.371578874105880E-016 -1.460812967776251E-005
  1.460812968342913E-005  0.997941561158446      -5.191704050803987E-015
  8.074471220927100E-006  1.726968686093243E-005  1.726968686161423E-005
 -5.191704050803987E-015  0.995973042968916       0.000000000000000E+000
  0.000000000000000E+000  0.000000000000000E+000  0.000000000000000E+000
  0.000000000000000E+000  0.000000000000000E+000  0.000000000000000E+000
  0.000000000000000E+000  0.000000000000000E+000  0.000000000000000E+000
  0.000000000000000E+000  0.000000000000000E+000  0.000000000000000E+000
  0.000000000000000E+000  0.000000000000000E+000  0.000000000000000E+000
  0.000000000000000E+000  0.000000000000000E+000  0.000000000000000E+000
  0.000000000000000E+000  0.000000000000000E+000  0.000000000000000E+000
  0.000000000000000E+000  0.000000000000000E+000  0.000000000000000E+000
  0.000000000000000E+000  0.000000000000000E+000  0.000000000000000E+000
  0.000000000000000E+000  0.000000000000000E+000  0.000000000000000E+000
  0.000000000000000E+000  0.000000000000000E+000  0.000000000000000E+000
  0.000000000000000E+000  0.000000000000000E+000  0.000000000000000E+000
  0.000000000000000E+000  0.000000000000000E+000  0.000000000000000E+000
  0.000000000000000E+000  0.000000000000000E+000  0.000000000000000E+000
  0.000000000000000E+000  0.000000000000000E+000  0.000000000000000E+000
  0.000000000000000E+000  0.000000000000000E+000  0.000000000000000E+000
  0.000000000000000E+000  0.000000000000000E+000  0.000000000000000E+000
  0.000000000000000E+000  0.000000000000000E+000  0.000000000000000E+000
  0.000000000000000E+000  0.000000000000000E+000  0.000000000000000E+000
  0.000000000000000E+000  0.000000000000000E+000  0.000000000000000E+000
  0.000000000000000E+000  0.000000000000000E+000  0.000000000000000E+000
  0.000000000000000E+000  0.000000000000000E+000  0.000000000000000E+000
  0.000000000000000E+000  0.000000000000000E+000  0.000000000000000E+000
  0.000000000000000E+000  0.000000000000000E+000  0.000000000000000E+000
  0.000000000000000E+000  0.000000000000000E+000  0.000000000000000E+000
  0.000000000000000E+000  0.000000000000000E+000  0.000000000000000E+000
  0.000000000000000E+000  0.000000000000000E+000  0.000000000000000E+000
  0.000000000000000E+000  0.000000000000000E+000  0.000000000000000E+000
  0.000000000000000E+000  0.000000000000000E+000  0.000000000000000E+000
  0.000000000000000E+000  0.000000000000000E+000  0.000000000000000E+000
  0.000000000000000E+000  0.000000000000000E+000  0.000000000000000E+000
  0.000000000000000E+000  0.000000000000000E+000  0.000000000000000E+000
  0.000000000000000E+000  0.000000000000000E+000  0.000000000000000E+000
  0.000000000000000E+000  0.000000000000000E+000  0.000000000000000E+000
  0.000000000000000E+000  0.000000000000000E+000  0.000000000000000E+000
  0.000000000000000E+000  0.000000000000000E+000  0.000000000000000E+000
  0.000000000000000E+000  0.000000000000000E+000  0.000000000000000E+000
  0.000000000000000E+000  0.000000000000000E+000  0.000000000000000E+000
  0.000000000000000E+000  0.000000000000000E+000  0.000000000000000E+000
  0.000000000000000E+000  0.000000000000000E+000  0.000000000000000E+000
  0.000000000000000E+000  0.000000000000000E+000  0.000000000000000E+000
  0.000000000000000E+000  0.000000000000000E+000  0.000000000000000E+000
  0.000000000000000E+000  0.000000000000000E+000  0.000000000000000E+000
  0.000000000000000E+000  0.000000000000000E+000  0.000000000000000E+000
  0.000000000000000E+000  0.000000000000000E+000  0.000000000000000E+000
  0.000000000000000E+000  0.000000000000000E+000  0.000000000000000E+000
  0.000000000000000E+000  0.000000000000000E+000  0.000000000000000E+000
  0.000000000000000E+000  0.000000000000000E+000  0.000000000000000E+000
  0.000000000000000E+000  0.000000000000000E+000  0.000000000000000E+000
  0.000000000000000E+000  0.000000000000000E+000  0.000000000000000E+000
  0.000000000000000E+000  0.000000000000000E+000  0.000000000000000E+000
  0.000000000000000E+000  0.000000000000000E+000  0.000000000000000E+000
  0.000000000000000E+000  0.000000000000000E+000  0.000000000000000E+000
  0.000000000000000E+000  0.000000000000000E+000  0.000000000000000E+000
  0.000000000000000E+000  0.000000000000000E+000  0.000000000000000E+000
  0.000000000000000E+000  0.000000000000000E+000  0.000000000000000E+000
  0.000000000000000E+000  0.000000000000000E+000  0.000000000000000E+000
  0.000000000000000E+000  0.000000000000000E+000  0.000000000000000E+000
  0.000000000000000E+000  0.000000000000000E+000  0.000000000000000E+000
  0.000000000000000E+000  0.000000000000000E+000  0.000000000000000E+000
  0.000000000000000E+000  0.000000000000000E+000  0.000000000000000E+000
  0.000000000000000E+000  0.000000000000000E+000  0.000000000000000E+000
  0.000000000000000E+000  0.000000000000000E+000  0.000000000000000E+000
  0.000000000000000E+000  0.000000000000000E+000  0.000000000000000E+000
  0.000000000000000E+000  0.000000000000000E+000  0.000000000000000E+000
  0.000000000000000E+000  0.000000000000000E+000  0.000000000000000E+000
  0.000000000000000E+000  0.997934462838904      -1.394427195559576E-005
 -1.394427195488596E-005  4.440823760730306E-016 -8.456990777763199E-006
 -1.394427195559576E-005  0.995943260221379      -3.005363969421079E-005
  9.378718929018131E-007 -4.462238128841949E-006 -1.394427195488596E-005
 -3.005363969421079E-005  0.995943260221375      -9.378718872352484E-007
 -4.462238128160116E-006  4.440823760730306E-016  9.378718929018131E-007
 -9.378718872352484E-007  0.997912297435488      -5.191621072639432E-015
 -8.456990777763199E-006 -4.462238128841949E-006 -4.462238128160116E-006
 -5.191621072639432E-015  0.995933717287176       0.997934464023202     
 -1.394337956525189E-005 -1.394337956454210E-005  4.579601646566140E-016
 -8.457567761751995E-006 -1.394337956525189E-005  0.995943260566962     
 -3.005464383042748E-005  9.380458617359822E-007 -4.463267593460968E-006
 -1.394337956454210E-005 -3.005464383042748E-005  0.995943260566958     
 -9.380458560694174E-007 -4.463267592779136E-006  4.579601646566140E-016
  9.380458617359822E-007 -9.380458560694174E-007  0.997912299090783     
 -5.191621127254082E-015 -8.457567761751995E-006 -4.463267593460968E-006
 -4.463267592779136E-006 -5.191621127254082E-015  0.995933719409023     
  0.997928046915181       4.709148215000264E-006 -2.097637371211944E-005
  3.049796746111556E-006  2.316804705630189E-005  4.709148215000264E-006
  0.995929829094505       4.751598299157474E-005 -9.547361381359413E-006
 -3.715308308069910E-006 -2.097637371211944E-005  4.751598299157474E-005
  0.995939855126463       8.056201669085557E-006  1.751489011317042E-005
  3.049796746111556E-006 -9.547361381359413E-006  8.056201669085557E-006
  0.997932468082611       5.717618135132286E-006  2.316804705630189E-005
 -3.715308308069910E-006  1.751489011317042E-005  5.717618135132286E-006
  0.995965588464658       0.997928048330355       4.709805088232100E-006
 -2.097709338117030E-005  3.049370026347865E-006  2.316838727674777E-005
  4.709805088232100E-006  0.995929831127455       4.751667563216499E-005
 -9.546624298469757E-006 -3.715365871892024E-006 -2.097709338117030E-005
  4.751667563216499E-005  0.995939857518354       8.056930555997332E-006
  1.751557156930755E-005  3.049370026347865E-006 -9.546624298469757E-006
  8.056930555997332E-006  0.997932469837374       5.717423772609861E-006
  2.316838727674777E-005 -3.715365871892024E-006  1.751557156930755E-005
  5.717423772609861E-006  0.995965591517627       0.997928046915181     
 -2.097637371282922E-005  4.709148215710030E-006 -3.049796745244203E-006
  2.316804705630184E-005 -2.097637371282922E-005  0.995939855126467     
  4.751598299157478E-005 -8.056201663418764E-006  1.751489011248849E-005
  4.709148215710030E-006  4.751598299157478E-005  0.995929829094502     
  9.547361387026284E-006 -3.715308307387970E-006 -3.049796745244203E-006
 -8.056201663418764E-006  9.547361387026284E-006  0.997932468082611     
 -5.717618145515725E-006  2.316804705630184E-005  1.751489011248849E-005
 -3.715308307387970E-006 -5.717618145515725E-006  0.995965588464658     
  0.997928048330355      -2.097709338188007E-005  4.709805088941867E-006
 -3.049370025480512E-006  2.316838727674771E-005 -2.097709338188007E-005
  0.995939857518358       4.751667563216503E-005 -8.056930550330543E-006
  1.751557156862562E-005  4.709805088941867E-006  4.751667563216503E-005
  0.995929831127451       9.546624304136629E-006 -3.715365871210083E-006
 -3.049370025480512E-006 -8.056930550330543E-006  9.546624304136629E-006
  0.997932469837375      -5.717423782993298E-006  2.316838727674771E-005
  1.751557156862562E-005 -3.715365871210083E-006 -5.717423782993298E-006
  0.995965591517627       0.997965162585403      -6.995106621679052E-005
 -6.995106621608064E-005  4.232143083088018E-016 -8.142371223231055E-005
 -6.995106621679052E-005  0.995966550970327      -7.313598192100523E-006
 -4.696164972011563E-005  1.084510194663042E-004 -6.995106621608064E-005
 -7.313598192100523E-006  0.995966550970323       4.696164972578157E-005
  1.084510194669856E-004  4.232143083088018E-016 -4.696164972011563E-005
  4.696164972578157E-005  0.997908302510640      -5.191058407659901E-015
 -8.142371223231055E-005  1.084510194663042E-004  1.084510194669856E-004
 -5.191058407659901E-015  0.995935834507962       0.997965159420661     
 -6.995100755752344E-005 -6.995100755681355E-005  4.370920956953943E-016
 -8.142361930089326E-005 -6.995100755752344E-005  0.995966546518209     
 -7.312111859751550E-006 -4.696110168663422E-005  1.084519258682731E-004
 -6.995100755681355E-005 -7.312111859751550E-006  0.995966546518205     
  4.696110169230016E-005  1.084519258689544E-004  4.370920956953943E-016
 -4.696110168663422E-005  4.696110169230016E-005  0.997908299981051     
 -5.191057982574459E-015 -8.142361930089326E-005  1.084519258682731E-004
  1.084519258689544E-004 -5.191057982574459E-015  0.995935829246599     
  0.000000000000000E+000  0.000000000000000E+000  0.000000000000000E+000
  0.000000000000000E+000  0.000000000000000E+000  0.000000000000000E+000
  0.000000000000000E+000  0.000000000000000E+000  0.000000000000000E+000
  0.000000000000000E+000  0.000000000000000E+000  0.000000000000000E+000
  0.000000000000000E+000  0.000000000000000E+000  0.000000000000000E+000
  0.000000000000000E+000  0.000000000000000E+000  0.000000000000000E+000
  0.000000000000000E+000  0.000000000000000E+000  0.000000000000000E+000
  0.000000000000000E+000  0.000000000000000E+000  0.000000000000000E+000
  0.000000000000000E+000  0.000000000000000E+000  0.000000000000000E+000
  0.000000000000000E+000  0.000000000000000E+000  0.000000000000000E+000
  0.000000000000000E+000  0.000000000000000E+000  0.000000000000000E+000
  0.000000000000000E+000  0.000000000000000E+000  0.000000000000000E+000
  0.000000000000000E+000  0.000000000000000E+000  0.000000000000000E+000
  0.000000000000000E+000  0.000000000000000E+000  0.000000000000000E+000
  0.000000000000000E+000  0.000000000000000E+000  0.000000000000000E+000
  0.000000000000000E+000  0.000000000000000E+000  0.000000000000000E+000
  0.000000000000000E+000  0.000000000000000E+000  0.000000000000000E+000
  0.000000000000000E+000  0.000000000000000E+000  0.000000000000000E+000
  0.000000000000000E+000  0.000000000000000E+000  0.000000000000000E+000
  0.000000000000000E+000  0.000000000000000E+000  0.000000000000000E+000
  0.000000000000000E+000  0.000000000000000E+000  0.000000000000000E+000
  0.000000000000000E+000  0.000000000000000E+000  0.000000000000000E+000
  0.000000000000000E+000  0.000000000000000E+000  0.000000000000000E+000
  0.000000000000000E+000  0.000000000000000E+000  0.000000000000000E+000
  0.000000000000000E+000  0.000000000000000E+000  0.000000000000000E+000
  0.000000000000000E+000  0.000000000000000E+000  0.000000000000000E+000
  0.000000000000000E+000  0.000000000000000E+000  0.000000000000000E+000
  0.000000000000000E+000  0.000000000000000E+000  0.000000000000000E+000
  0.000000000000000E+000  0.000000000000000E+000  0.000000000000000E+000
  0.000000000000000E+000  0.000000000000000E+000  0.000000000000000E+000
  0.000000000000000E+000  0.000000000000000E+000  0.000000000000000E+000
  0.000000000000000E+000  0.000000000000000E+000  0.000000000000000E+000
  0.000000000000000E+000  0.000000000000000E+000  0.000000000000000E+000
  0.000000000000000E+000  0.000000000000000E+000  0.000000000000000E+000
  0.000000000000000E+000  0.000000000000000E+000  0.000000000000000E+000
  0.000000000000000E+000  0.000000000000000E+000  0.000000000000000E+000
  0.000000000000000E+000  0.000000000000000E+000  0.000000000000000E+000
  0.000000000000000E+000  0.000000000000000E+000  0.000000000000000E+000
  0.000000000000000E+000  0.000000000000000E+000  0.000000000000000E+000
  0.000000000000000E+000  0.000000000000000E+000  0.000000000000000E+000
  0.000000000000000E+000  0.000000000000000E+000  0.000000000000000E+000
  0.000000000000000E+000  0.000000000000000E+000  0.000000000000000E+000
  0.000000000000000E+000  0.000000000000000E+000  0.000000000000000E+000
  0.000000000000000E+000  0.000000000000000E+000  0.000000000000000E+000
  0.000000000000000E+000  0.000000000000000E+000  0.000000000000000E+000
  0.000000000000000E+000  0.000000000000000E+000  0.000000000000000E+000
  0.000000000000000E+000  0.000000000000000E+000  0.000000000000000E+000
  0.000000000000000E+000  0.000000000000000E+000  0.000000000000000E+000
  0.000000000000000E+000  0.000000000000000E+000  0.000000000000000E+000
  0.000000000000000E+000  0.000000000000000E+000  0.000000000000000E+000
  0.000000000000000E+000  0.000000000000000E+000  0.000000000000000E+000
  0.000000000000000E+000  0.000000000000000E+000  0.000000000000000E+000
  0.000000000000000E+000  0.000000000000000E+000  0.000000000000000E+000
  0.000000000000000E+000  0.000000000000000E+000  0.000000000000000E+000
  0.000000000000000E+000  0.000000000000000E+000  0.000000000000000E+000
  0.000000000000000E+000  0.000000000000000E+000  0.000000000000000E+000
  0.000000000000000E+000  0.000000000000000E+000  0.000000000000000E+000
  0.000000000000000E+000  0.000000000000000E+000  0.000000000000000E+000
  0.000000000000000E+000  0.000000000000000E+000  0.000000000000000E+000
  0.000000000000000E+000  0.000000000000000E+000  0.000000000000000E+000
  0.000000000000000E+000  0.000000000000000E+000  0.000000000000000E+000
  0.000000000000000E+000  0.000000000000000E+000  0.000000000000000E+000
  0.000000000000000E+000  0.000000000000000E+000  0.000000000000000E+000
  0.000000000000000E+000  0.000000000000000E+000  0.000000000000000E+000
  0.000000000000000E+000  0.000000000000000E+000  0.000000000000000E+000
  0.000000000000000E+000  0.000000000000000E+000  0.000000000000000E+000
  0.000000000000000E+000  0.000000000000000E+000  0.997917838786344     
 -4.228495392887485E-006  7.784356855775755E-006  9.597901221403141E-006
 -6.159915092518073E-006 -4.228495392887485E-006  0.995933717287180     
  4.462238129044684E-006 -7.323968851414562E-006 -4.462238128841954E-006
  7.784356855775755E-006  4.462238129044684E-006  0.995943260221375     
  1.160715780572166E-005  3.005363969509527E-005  9.597901221403141E-006
 -7.323968851414562E-006  1.160715780572166E-005  0.997928921488049     
 -1.254502969814856E-005 -6.159915092518073E-006 -4.462238128841954E-006
  3.005363969509527E-005 -1.254502969814856E-005  0.995943260221375     
  0.997917840323890      -4.228783884881883E-006  7.784061322033680E-006
  9.597697273634746E-006 -6.159318235916285E-006 -4.228783884881883E-006
  0.995933719409028       4.463267593663705E-006 -7.324468534206435E-006
 -4.463267593460973E-006  7.784061322033680E-006  4.463267593663705E-006
  0.995943260566958       1.160629798859670E-005  3.005464383131197E-005
  9.597697273634746E-006 -7.324468534206435E-006  1.160629798859670E-005
  0.997928922790096      -1.254434384985777E-005 -6.159318235916285E-006
 -4.463267593460973E-006  3.005464383131197E-005 -1.254434384985777E-005
  0.995943260566958       0.997934003992213       1.653562608280438E-005
  3.511311551112764E-006 -3.895232822750890E-007 -5.913683387336047E-006
  1.653562608280438E-005  0.995965588464662      -1.751489011228580E-005
  1.720530823836784E-005 -3.715308308069924E-006  3.511311551112764E-006
 -1.751489011228580E-005  0.995939855126463       2.219417334764350E-005
 -4.751598299069015E-005 -3.895232822750890E-007  1.720530823836784E-005
  2.219417334764350E-005  0.997926511005578       8.851922674183260E-006
 -5.913683387336047E-006 -3.715308308069924E-006 -4.751598299069015E-005
  8.851922674183260E-006  0.995929829094501       0.997934005292529     
  1.653562787014535E-005  3.511040151056108E-006 -3.898836885007858E-007
 -5.912716618212994E-006  1.653562787014535E-005  0.995965591517631     
 -1.751557156842293E-005  1.720570005917807E-005 -3.715365871892036E-006
  3.511040151056108E-006 -1.751557156842293E-005  0.995939857518354     
  2.219516104277975E-005 -4.751667563128038E-005 -3.898836885007858E-007
  1.720570005917807E-005  2.219516104277975E-005  0.997926512875201     
  8.852123001644268E-006 -5.912716618212994E-006 -3.715365871892036E-006
 -4.751667563128038E-005  8.852123001644268E-006  0.995929831127451     
  0.997922517529332      -4.071185612016050E-005 -5.694448559621269E-006
  2.462113460229704E-005 -7.564551476911034E-005 -4.071185612016050E-005
  0.995935834507966      -1.084510194661011E-004 -7.051500326191575E-005
  1.084510194663042E-004 -5.694448559621269E-006 -1.084510194661011E-004
  0.995966550970323       8.406022522695309E-005  7.313598192984888E-006
  2.462113460229704E-005 -7.051500326191575E-005  8.406022522695309E-005
  0.997950947566711      -3.709857550636303E-005 -7.564551476911034E-005
  1.084510194663042E-004  7.313598192984888E-006 -3.709857550636303E-005
  0.995966550970323       0.997922514840955      -4.071180965445187E-005
 -5.694003278337781E-006  2.462085957304767E-005 -7.564501082855978E-005
 -4.071180965445187E-005  0.995935829246603      -1.084519258680700E-004
 -7.051492278094758E-005  1.084519258682730E-004 -5.694003278337781E-006
 -1.084519258680700E-004  0.995966546518205       8.405990040979694E-005
  7.312111860635916E-006  2.462085957304767E-005 -7.051492278094758E-005
  8.405990040979694E-005  0.997950944560757      -3.709879872268828E-005
 -7.564501082855978E-005  1.084519258682730E-004  7.312111860635916E-006
 -3.709879872268828E-005  0.995966546518205       0.997928721589297     
  6.632420965485670E-006 -1.062283160963869E-005 -3.439320027935633E-006
 -1.746506215441416E-005  6.632420965485670E-006  0.995965588464662     
  3.715308308272629E-006  2.292292637869184E-005  1.751489011248847E-005
 -1.062283160963869E-005  3.715308308272629E-006  0.995929829094502     
  6.954387076513085E-007 -4.751598299069009E-005 -3.439320027935633E-006
  2.292292637869184E-005  6.954387076513085E-007  0.997931793408495     
 -1.413797168374958E-005 -1.746506215441416E-005  1.751489011248847E-005
 -4.751598299069009E-005 -1.413797168374958E-005  0.995939855126463     
  0.997928723628713       6.632759398590571E-006 -1.062252171374748E-005
 -3.439253714411517E-006 -1.746605322352167E-005  6.632759398590571E-006
  0.995965591517631       3.715365872094742E-006  2.292312383697964E-005
  1.751557156862559E-005 -1.062252171374748E-005  3.715365872094742E-006
  0.995929831127451       6.945012973006457E-007 -4.751667563128033E-005
 -3.439253714411517E-006  2.292312383697964E-005  6.945012973006457E-007
  0.997931794539016      -1.413823049197405E-005 -1.746605322352167E-005
  1.751557156862559E-005 -4.751667563128033E-005 -1.413823049197405E-005
  0.995939857518354       0.000000000000000E+000  0.000000000000000E+000
  0.000000000000000E+000  0.000000000000000E+000  0.000000000000000E+000
  0.000000000000000E+000  0.000000000000000E+000  0.000000000000000E+000
  0.000000000000000E+000  0.000000000000000E+000  0.000000000000000E+000
  0.000000000000000E+000  0.000000000000000E+000  0.000000000000000E+000
  0.000000000000000E+000  0.000000000000000E+000  0.000000000000000E+000
  0.000000000000000E+000  0.000000000000000E+000  0.000000000000000E+000
  0.000000000000000E+000  0.000000000000000E+000  0.000000000000000E+000
  0.000000000000000E+000  0.000000000000000E+000  0.000000000000000E+000
  0.000000000000000E+000  0.000000000000000E+000  0.000000000000000E+000
  0.000000000000000E+000  0.000000000000000E+000  0.000000000000000E+000
  0.000000000000000E+000  0.000000000000000E+000  0.000000000000000E+000
  0.000000000000000E+000  0.000000000000000E+000  0.000000000000000E+000
  0.000000000000000E+000  0.000000000000000E+000  0.000000000000000E+000
  0.000000000000000E+000  0.000000000000000E+000  0.000000000000000E+000
  0.000000000000000E+000  0.000000000000000E+000  0.000000000000000E+000
  0.000000000000000E+000  0.000000000000000E+000  0.000000000000000E+000
  0.000000000000000E+000  0.000000000000000E+000  0.000000000000000E+000
  0.000000000000000E+000  0.000000000000000E+000  0.000000000000000E+000
  0.000000000000000E+000  0.000000000000000E+000  0.000000000000000E+000
  0.000000000000000E+000  0.000000000000000E+000  0.000000000000000E+000
  0.000000000000000E+000  0.000000000000000E+000  0.000000000000000E+000
  0.000000000000000E+000  0.000000000000000E+000  0.000000000000000E+000
  0.000000000000000E+000  0.000000000000000E+000  0.000000000000000E+000
  0.000000000000000E+000  0.000000000000000E+000  0.000000000000000E+000
  0.000000000000000E+000  0.000000000000000E+000  0.000000000000000E+000
  0.000000000000000E+000  0.000000000000000E+000  0.000000000000000E+000
  0.000000000000000E+000  0.000000000000000E+000  0.000000000000000E+000
  0.000000000000000E+000  0.000000000000000E+000  0.000000000000000E+000
  0.000000000000000E+000  0.000000000000000E+000  0.000000000000000E+000
  0.000000000000000E+000  0.000000000000000E+000  0.000000000000000E+000
  0.000000000000000E+000  0.000000000000000E+000  0.000000000000000E+000
  0.000000000000000E+000  0.000000000000000E+000  0.000000000000000E+000
  0.000000000000000E+000  0.000000000000000E+000  0.000000000000000E+000
  0.000000000000000E+000  0.000000000000000E+000  0.000000000000000E+000
  0.000000000000000E+000  0.000000000000000E+000  0.000000000000000E+000
  0.000000000000000E+000  0.000000000000000E+000  0.000000000000000E+000
  0.000000000000000E+000  0.000000000000000E+000  0.000000000000000E+000
  0.000000000000000E+000  0.000000000000000E+000  0.000000000000000E+000
  0.000000000000000E+000  0.000000000000000E+000  0.000000000000000E+000
  0.000000000000000E+000  0.000000000000000E+000  0.000000000000000E+000
  0.000000000000000E+000  0.000000000000000E+000  0.000000000000000E+000
  0.000000000000000E+000  0.000000000000000E+000  0.000000000000000E+000
  0.000000000000000E+000  0.000000000000000E+000  0.000000000000000E+000
  0.000000000000000E+000  0.000000000000000E+000  0.000000000000000E+000
  0.000000000000000E+000  0.000000000000000E+000  0.000000000000000E+000
  0.000000000000000E+000  0.000000000000000E+000  0.000000000000000E+000
  0.000000000000000E+000  0.000000000000000E+000  0.000000000000000E+000
  0.000000000000000E+000  0.000000000000000E+000  0.000000000000000E+000
  0.000000000000000E+000  0.000000000000000E+000  0.000000000000000E+000
  0.000000000000000E+000  0.000000000000000E+000  0.000000000000000E+000
  0.000000000000000E+000  0.000000000000000E+000  0.000000000000000E+000
  0.000000000000000E+000  0.000000000000000E+000  0.000000000000000E+000
  0.000000000000000E+000  0.000000000000000E+000  0.000000000000000E+000
  0.000000000000000E+000  0.000000000000000E+000  0.000000000000000E+000
  0.000000000000000E+000  0.000000000000000E+000  0.000000000000000E+000
  0.000000000000000E+000  0.000000000000000E+000  0.000000000000000E+000
  0.000000000000000E+000  0.000000000000000E+000  0.000000000000000E+000
  0.000000000000000E+000  0.000000000000000E+000  0.000000000000000E+000
  0.000000000000000E+000  0.000000000000000E+000  0.000000000000000E+000
  0.000000000000000E+000  0.000000000000000E+000  0.000000000000000E+000
  0.000000000000000E+000  0.000000000000000E+000  0.000000000000000E+000
  0.000000000000000E+000  0.000000000000000E+000  0.000000000000000E+000
  0.000000000000000E+000  0.000000000000000E+000  0.000000000000000E+000
  0.000000000000000E+000  0.000000000000000E+000  0.000000000000000E+000
  0.000000000000000E+000  0.000000000000000E+000  0.000000000000000E+000
  0.000000000000000E+000  0.000000000000000E+000  0.000000000000000E+000
  0.997948234715560      -8.563012736063625E-006  4.781368194204835E-006
 -2.214069436620032E-005 -7.222281766335967E-006 -8.563012736063625E-006
  0.995962460393253      -1.378502743045662E-005 -3.395714936288033E-006
 -1.657751999028494E-005  4.781368194204835E-006 -1.378502743045662E-005
  0.996008317172302      -8.281572643798270E-006  1.378502743134120E-005
 -2.214069436620032E-005 -3.395714936288033E-006 -8.281572643798270E-006
  0.997973800587263      -5.717929095089709E-006 -7.222281766335967E-006
 -1.657751999028494E-005  1.378502743134120E-005 -5.717929095089709E-006
  0.995962460393248       0.997948231997122      -8.563415820221709E-006
  4.782994253555776E-006 -2.214078816303173E-005 -7.222195417684880E-006
 -8.563415820221709E-006  0.995962457613582      -1.378470972678418E-005
 -3.395382508706959E-006 -1.657877945234176E-005  4.782994253555776E-006
 -1.378470972678418E-005  0.996008314462595      -8.284389061210224E-006
  1.378470972766877E-005 -2.214078816303173E-005 -3.395382508706959E-006
 -8.284389061210224E-006  0.997973797977133      -5.718444390001012E-006
 -7.222195417684880E-006 -1.657877945234176E-005  1.378470972766877E-005
 -5.718444390001012E-006  0.995962457613578       0.997932604737301     
  2.145688793424907E-005  1.151377092522354E-005 -5.059004109506085E-006
  1.952299857398502E-005  2.145688793424907E-005  0.995963527485700     
  3.091106085195494E-005  1.015507693873373E-005 -1.862704847137610E-005
  1.151377092522354E-005  3.091106085195494E-005  0.995994988971390     
 -1.994243623093814E-005 -3.091106085107019E-005 -5.059004109506085E-006
  1.015507693873373E-005 -1.994243623093814E-005  0.997938446372068     
  1.350467156697572E-005  1.952299857398502E-005 -1.862704847137610E-005
 -3.091106085107019E-005  1.350467156697572E-005  0.995963527485696     
  0.997932603786382       2.145575101977989E-005  1.151267346458749E-005
 -5.059464502493707E-006  1.952156724713798E-005  2.145575101977989E-005
  0.995963527089428       3.090981864981338E-005  1.015408058272767E-005
 -1.862725728311849E-005  1.151267346458749E-005  3.090981864981338E-005
  0.995994988843395      -1.994053537335719E-005 -3.090981864892863E-005
 -5.059464502493707E-006  1.015408058272767E-005 -1.994053537335719E-005
  0.997938445952765       1.350418514816651E-005  1.952156724713798E-005
 -1.862725728311849E-005 -3.090981864892863E-005  1.350418514816651E-005
  0.995963527089424       0.997921501055265       4.017742404906480E-005
  1.629423512010854E-007  2.911863208167330E-005  9.600640179169169E-005
  4.017742404906480E-005  0.995937329405788       1.307352986364100E-004
  7.743902619796650E-005  1.298933026796557E-004  1.629423512010854E-007
  1.307352986364100E-004  0.996002041209083       1.094035843528932E-004
  2.764544385262598E-005  2.911863208167330E-005  7.743902619796650E-005
  1.094035843528932E-004  0.997958799394251       5.812776881166347E-005
  9.600640179169169E-005  1.298933026796557E-004  2.764544385262598E-005
  5.812776881166347E-005  0.995983952333767       0.997921499010926     
  4.017712653598098E-005  1.628325148556383E-007  2.911897506780585E-005
  9.600631643869730E-005  4.017712653598098E-005  0.995937326805659     
  1.307358761753624E-004  7.743820381260560E-005  1.298948261850711E-004
  1.628325148556383E-007  1.307358761753624E-004  0.996002037431763     
  1.094039143293804E-004  2.764681422482317E-005  2.911897506780585E-005
  7.743820381260560E-005  1.094039143293804E-004  0.997958797382799     
  5.812872225436288E-005  9.600631643869730E-005  1.298948261850711E-004
  2.764681422482317E-005  5.812872225436288E-005  0.995983949993063     
  0.997974692284612       9.834332535254554E-005 -9.482775449178808E-005
 -1.591338500396475E-006  8.715287595683161E-005  9.834332535254554E-005
  0.995983952333770      -2.764544385174136E-005  5.408009847081246E-005
  1.298933026796557E-004 -9.482775449178808E-005 -2.764544385174136E-005
  0.996002041209083       5.456067996008331E-005 -1.307352986355252E-004
 -1.591338500396475E-006  5.408009847081246E-005  5.456067996008331E-005
  0.997905608164904      -3.924843214746076E-006  8.715287595683161E-005
  1.298933026796557E-004 -1.307352986355252E-004 -3.924843214746076E-006
  0.995937329405784       0.997974690561973       9.834410838164707E-005
 -9.482798534163591E-005 -1.591181247921544E-006  8.715201499367544E-005
  9.834410838164707E-005  0.995983949993067      -2.764681422393855E-005
  5.407954783160134E-005  1.298948261850712E-004 -9.482798534163591E-005
 -2.764681422393855E-005  0.996002037431763       5.456094006939230E-005
 -1.307358761744777E-004 -1.591181247921544E-006  5.407954783160134E-005
  5.456094006939230E-005  0.997905605831752      -3.924689675954177E-006
  8.715201499367544E-005  1.298948261850712E-004 -1.307358761744777E-004
 -3.924689675954177E-006  0.995937326805654       0.000000000000000E+000
  0.000000000000000E+000  0.000000000000000E+000  0.000000000000000E+000
  0.000000000000000E+000  0.000000000000000E+000  0.000000000000000E+000
  0.000000000000000E+000  0.000000000000000E+000  0.000000000000000E+000
  0.000000000000000E+000  0.000000000000000E+000  0.000000000000000E+000
  0.000000000000000E+000  0.000000000000000E+000  0.000000000000000E+000
  0.000000000000000E+000  0.000000000000000E+000  0.000000000000000E+000
  0.000000000000000E+000  0.000000000000000E+000  0.000000000000000E+000
  0.000000000000000E+000  0.000000000000000E+000  0.000000000000000E+000
  0.000000000000000E+000  0.000000000000000E+000  0.000000000000000E+000
  0.000000000000000E+000  0.000000000000000E+000  0.000000000000000E+000
  0.000000000000000E+000  0.000000000000000E+000  0.000000000000000E+000
  0.000000000000000E+000  0.000000000000000E+000  0.000000000000000E+000
  0.000000000000000E+000  0.000000000000000E+000  0.000000000000000E+000
  0.000000000000000E+000  0.000000000000000E+000  0.000000000000000E+000
  0.000000000000000E+000  0.000000000000000E+000  0.000000000000000E+000
  0.000000000000000E+000  0.000000000000000E+000  0.000000000000000E+000
  0.000000000000000E+000  0.000000000000000E+000  0.000000000000000E+000
  0.000000000000000E+000  0.000000000000000E+000  0.000000000000000E+000
  0.000000000000000E+000  0.000000000000000E+000  0.000000000000000E+000
  0.000000000000000E+000  0.000000000000000E+000  0.000000000000000E+000
  0.000000000000000E+000  0.000000000000000E+000  0.000000000000000E+000
  0.000000000000000E+000  0.000000000000000E+000  0.000000000000000E+000
  0.000000000000000E+000  0.000000000000000E+000  0.000000000000000E+000
  0.000000000000000E+000  0.000000000000000E+000  0.000000000000000E+000
  0.000000000000000E+000  0.000000000000000E+000  0.000000000000000E+000
  0.000000000000000E+000  0.000000000000000E+000  0.000000000000000E+000
  0.000000000000000E+000  0.000000000000000E+000  0.000000000000000E+000
  0.000000000000000E+000  0.000000000000000E+000  0.000000000000000E+000
  0.000000000000000E+000  0.000000000000000E+000  0.000000000000000E+000
  0.000000000000000E+000  0.000000000000000E+000  0.000000000000000E+000
  0.000000000000000E+000  0.000000000000000E+000  0.000000000000000E+000
  0.000000000000000E+000  0.000000000000000E+000  0.000000000000000E+000
  0.000000000000000E+000  0.000000000000000E+000  0.000000000000000E+000
  0.000000000000000E+000  0.000000000000000E+000  0.000000000000000E+000
  0.000000000000000E+000  0.000000000000000E+000  0.000000000000000E+000
  0.000000000000000E+000  0.000000000000000E+000  0.000000000000000E+000
  0.000000000000000E+000  0.000000000000000E+000  0.000000000000000E+000
  0.000000000000000E+000  0.000000000000000E+000  0.000000000000000E+000
  0.000000000000000E+000  0.000000000000000E+000  0.000000000000000E+000
  0.000000000000000E+000  0.000000000000000E+000  0.000000000000000E+000
  0.000000000000000E+000  0.000000000000000E+000  0.000000000000000E+000
  0.000000000000000E+000  0.000000000000000E+000  0.000000000000000E+000
  0.000000000000000E+000  0.000000000000000E+000  0.000000000000000E+000
  0.000000000000000E+000  0.000000000000000E+000  0.000000000000000E+000
  0.000000000000000E+000  0.000000000000000E+000  0.000000000000000E+000
  0.000000000000000E+000  0.000000000000000E+000  0.000000000000000E+000
  0.000000000000000E+000  0.000000000000000E+000  0.000000000000000E+000
  0.000000000000000E+000  0.000000000000000E+000  0.000000000000000E+000
  0.000000000000000E+000  0.000000000000000E+000  0.000000000000000E+000
  0.000000000000000E+000  0.000000000000000E+000  0.000000000000000E+000
  0.000000000000000E+000  0.000000000000000E+000  0.000000000000000E+000
  0.000000000000000E+000  0.000000000000000E+000  0.000000000000000E+000
  0.000000000000000E+000  0.000000000000000E+000  0.000000000000000E+000
  0.000000000000000E+000  0.000000000000000E+000  0.000000000000000E+000
  0.000000000000000E+000  0.000000000000000E+000  0.000000000000000E+000
  0.000000000000000E+000  0.000000000000000E+000  0.000000000000000E+000
  0.000000000000000E+000  0.000000000000000E+000  0.000000000000000E+000
  0.000000000000000E+000  0.000000000000000E+000  0.000000000000000E+000
  0.000000000000000E+000  0.000000000000000E+000  0.000000000000000E+000
  0.000000000000000E+000  0.000000000000000E+000  0.000000000000000E+000
  0.000000000000000E+000  0.000000000000000E+000  0.000000000000000E+000
  0.000000000000000E+000  0.000000000000000E+000  0.000000000000000E+000
  0.000000000000000E+000  0.000000000000000E+000  0.000000000000000E+000
  0.000000000000000E+000  0.000000000000000E+000  0.000000000000000E+000
  0.000000000000000E+000  0.000000000000000E+000  0.000000000000000E+000
  0.000000000000000E+000  0.000000000000000E+000  0.000000000000000E+000
  0.000000000000000E+000  0.997917838786344       7.784356855066007E-006
 -4.228495392177794E-006 -9.597901220514948E-006 -6.159915092518032E-006
  7.784356855066007E-006  0.995943260221379       4.462238129044718E-006
 -1.160715780005527E-005  3.005363969441351E-005 -4.228495392177794E-006
  4.462238129044718E-006  0.995933717287176       7.323968857081255E-006
 -4.462238128160122E-006 -9.597901220514948E-006 -1.160715780005527E-005
  7.323968857081255E-006  0.997928921488049       1.254502968776541E-005
 -6.159915092518032E-006  3.005363969441351E-005 -4.462238128160122E-006
  1.254502968776541E-005  0.995943260221375       0.997917840323890     
  7.784061321323933E-006 -4.228783884172190E-006 -9.597697272725735E-006
 -6.159318235916245E-006  7.784061321323933E-006  0.995943260566962     
  4.463267593663738E-006 -1.160629798293030E-005  3.005464383063021E-005
 -4.228783884172190E-006  4.463267593663738E-006  0.995933719409024     
  7.324468539873129E-006 -4.463267592779142E-006 -9.597697272725735E-006
 -1.160629798293030E-005  7.324468539873129E-006  0.997928922790096     
  1.254434383947462E-005 -6.159318235916245E-006  3.005464383063021E-005
 -4.463267592779142E-006  1.254434383947462E-005  0.995943260566958     
  0.997922517529332      -5.694448560331170E-006 -4.071185611945071E-005
 -2.462113460139492E-005 -7.564551476911008E-005 -5.694448560331170E-006
  0.995966550970327      -1.084510194661014E-004 -8.406022522128711E-005
  7.313598192303632E-006 -4.071185611945071E-005 -1.084510194661014E-004
  0.995935834507963       7.051500326758103E-005  1.084510194669855E-004
 -2.462113460139492E-005 -8.406022522128711E-005  7.051500326758103E-005
  0.997950947566711       3.709857549597993E-005 -7.564551476911008E-005
  7.313598192303632E-006  1.084510194669855E-004  3.709857549597993E-005
  0.995966550970323       0.997922514840955      -5.694003279047680E-006
 -4.071180965374207E-005 -2.462085957214554E-005 -7.564501082855951E-005
 -5.694003279047680E-006  0.995966546518209      -1.084519258680703E-004
 -8.405990040413095E-005  7.312111859954658E-006 -4.071180965374207E-005
 -1.084519258680703E-004  0.995935829246599       7.051492278661287E-005
  1.084519258689544E-004 -2.462085957214554E-005 -8.405990040413095E-005
  7.051492278661287E-005  0.997950944560757       3.709879871230518E-005
 -7.564501082855951E-005  7.312111859954658E-006  1.084519258689544E-004
  3.709879871230518E-005  0.995966546518205       0.997934003992213     
  3.511311550403061E-006  1.653562608351408E-005  3.895232831563519E-007
 -5.913683387336014E-006  3.511311550403061E-006  0.995939855126467     
 -1.751489011228585E-005 -2.219417334197664E-005 -4.751598299137199E-005
  1.653562608351408E-005 -1.751489011228585E-005  0.995965588464658     
 -1.720530823270108E-005 -3.715308307387979E-006  3.895232831563519E-007
 -2.219417334197664E-005 -1.720530823270108E-005  0.997926511005579     
 -8.851922684566732E-006 -5.913683387336014E-006 -4.751598299137199E-005
 -3.715308307387979E-006 -8.851922684566732E-006  0.995929829094501     
  0.997934005292529       3.511040150346405E-006  1.653562787085506E-005
  3.898836893751098E-007 -5.912716618212962E-006  3.511040150346405E-006
  0.995939857518358      -1.751557156842298E-005 -2.219516103711289E-005
 -4.751667563196223E-005  1.653562787085506E-005 -1.751557156842298E-005
  0.995965591517627      -1.720570005351130E-005 -3.715365871210092E-006
  3.898836893751098E-007 -2.219516103711289E-005 -1.720570005351130E-005
  0.997926512875201      -8.852123012027742E-006 -5.912716618212962E-006
 -4.751667563196223E-005 -3.715365871210092E-006 -8.852123012027742E-006
  0.995929831127451       0.997928721589297      -1.062283161034837E-005
  6.632420966195368E-006  3.439320028796040E-006 -1.746506215441410E-005
 -1.062283161034837E-005  0.995929829094505       3.715308308272569E-006
 -6.954387019844127E-007 -4.751598299137204E-005  6.632420966195368E-006
  3.715308308272569E-006  0.995965588464658      -2.292292637302511E-005
  1.751489011317043E-005  3.439320028796040E-006 -6.954387019844127E-007
 -2.292292637302511E-005  0.997931793408495       1.413797167336617E-005
 -1.746506215441410E-005 -4.751598299137204E-005  1.751489011317043E-005
  1.413797167336617E-005  0.995939855126463       0.997928723628713     
 -1.062252171445716E-005  6.632759399300268E-006  3.439253715292741E-006
 -1.746605322352161E-005 -1.062252171445716E-005  0.995929831127455     
  3.715365872094682E-006 -6.945012916337499E-007 -4.751667563196228E-005
  6.632759399300268E-006  3.715365872094682E-006  0.995965591517627     
 -2.292312383131290E-005  1.751557156930756E-005  3.439253715292741E-006
 -6.945012916337499E-007 -2.292312383131290E-005  0.997931794539016     
  1.413823048159064E-005 -1.746605322352161E-005 -4.751667563196228E-005
  1.751557156930756E-005  1.413823048159064E-005  0.995939857518354     
  0.000000000000000E+000  0.000000000000000E+000  0.000000000000000E+000
  0.000000000000000E+000  0.000000000000000E+000  0.000000000000000E+000
  0.000000000000000E+000  0.000000000000000E+000  0.000000000000000E+000
  0.000000000000000E+000  0.000000000000000E+000  0.000000000000000E+000
  0.000000000000000E+000  0.000000000000000E+000  0.000000000000000E+000
  0.000000000000000E+000  0.000000000000000E+000  0.000000000000000E+000
  0.000000000000000E+000  0.000000000000000E+000  0.000000000000000E+000
  0.000000000000000E+000  0.000000000000000E+000  0.000000000000000E+000
  0.000000000000000E+000  0.000000000000000E+000  0.000000000000000E+000
  0.000000000000000E+000  0.000000000000000E+000  0.000000000000000E+000
  0.000000000000000E+000  0.000000000000000E+000  0.000000000000000E+000
  0.000000000000000E+000  0.000000000000000E+000  0.000000000000000E+000
  0.000000000000000E+000  0.000000000000000E+000  0.000000000000000E+000
  0.000000000000000E+000  0.000000000000000E+000  0.000000000000000E+000
  0.000000000000000E+000  0.000000000000000E+000  0.000000000000000E+000
  0.000000000000000E+000  0.000000000000000E+000  0.000000000000000E+000
  0.000000000000000E+000  0.000000000000000E+000  0.000000000000000E+000
  0.000000000000000E+000  0.000000000000000E+000  0.000000000000000E+000
  0.000000000000000E+000  0.000000000000000E+000  0.000000000000000E+000
  0.000000000000000E+000  0.000000000000000E+000  0.000000000000000E+000
  0.000000000000000E+000  0.000000000000000E+000  0.000000000000000E+000
  0.000000000000000E+000  0.000000000000000E+000  0.000000000000000E+000
  0.000000000000000E+000  0.000000000000000E+000  0.000000000000000E+000
  0.000000000000000E+000  0.000000000000000E+000  0.000000000000000E+000
  0.000000000000000E+000  0.000000000000000E+000  0.000000000000000E+000
  0.000000000000000E+000  0.000000000000000E+000  0.000000000000000E+000
  0.000000000000000E+000  0.000000000000000E+000  0.000000000000000E+000
  0.000000000000000E+000  0.000000000000000E+000  0.000000000000000E+000
  0.000000000000000E+000  0.000000000000000E+000  0.000000000000000E+000
  0.000000000000000E+000  0.000000000000000E+000  0.000000000000000E+000
  0.000000000000000E+000  0.000000000000000E+000  0.000000000000000E+000
  0.000000000000000E+000  0.000000000000000E+000  0.000000000000000E+000
  0.000000000000000E+000  0.000000000000000E+000  0.000000000000000E+000
  0.000000000000000E+000  0.000000000000000E+000  0.000000000000000E+000
  0.000000000000000E+000  0.000000000000000E+000  0.000000000000000E+000
  0.000000000000000E+000  0.000000000000000E+000  0.000000000000000E+000
  0.000000000000000E+000  0.000000000000000E+000  0.000000000000000E+000
  0.000000000000000E+000  0.000000000000000E+000  0.000000000000000E+000
  0.000000000000000E+000  0.000000000000000E+000  0.000000000000000E+000
  0.000000000000000E+000  0.000000000000000E+000  0.000000000000000E+000
  0.000000000000000E+000  0.000000000000000E+000  0.000000000000000E+000
  0.000000000000000E+000  0.000000000000000E+000  0.000000000000000E+000
  0.000000000000000E+000  0.000000000000000E+000  0.000000000000000E+000
  0.000000000000000E+000  0.000000000000000E+000  0.000000000000000E+000
  0.000000000000000E+000  0.000000000000000E+000  0.000000000000000E+000
  0.000000000000000E+000  0.000000000000000E+000  0.000000000000000E+000
  0.000000000000000E+000  0.000000000000000E+000  0.000000000000000E+000
  0.000000000000000E+000  0.000000000000000E+000  0.000000000000000E+000
  0.000000000000000E+000  0.000000000000000E+000  0.000000000000000E+000
  0.000000000000000E+000  0.000000000000000E+000  0.000000000000000E+000
  0.000000000000000E+000  0.000000000000000E+000  0.000000000000000E+000
  0.000000000000000E+000  0.000000000000000E+000  0.000000000000000E+000
  0.000000000000000E+000  0.000000000000000E+000  0.000000000000000E+000
  0.000000000000000E+000  0.000000000000000E+000  0.000000000000000E+000
  0.000000000000000E+000  0.000000000000000E+000  0.000000000000000E+000
  0.000000000000000E+000  0.000000000000000E+000  0.000000000000000E+000
  0.000000000000000E+000  0.000000000000000E+000  0.000000000000000E+000
  0.000000000000000E+000  0.000000000000000E+000  0.000000000000000E+000
  0.000000000000000E+000  0.000000000000000E+000  0.000000000000000E+000
  0.000000000000000E+000  0.000000000000000E+000  0.000000000000000E+000
  0.000000000000000E+000  0.000000000000000E+000  0.000000000000000E+000
  0.000000000000000E+000  0.000000000000000E+000  0.000000000000000E+000
  0.000000000000000E+000  0.000000000000000E+000  0.000000000000000E+000
  0.000000000000000E+000  0.000000000000000E+000  0.000000000000000E+000
  0.000000000000000E+000  0.000000000000000E+000  0.000000000000000E+000
  0.000000000000000E+000  0.000000000000000E+000  0.000000000000000E+000
  0.000000000000000E+000  0.000000000000000E+000  0.997948234715560     
  4.781368193495046E-006 -8.563012735353868E-006  2.214069436710930E-005
 -7.222281766336037E-006  4.781368193495046E-006  0.996008317172305     
 -1.378502743045665E-005  8.281572649465123E-006  1.378502743065938E-005
 -8.563012735353868E-006 -1.378502743045665E-005  0.995962460393249     
  3.395714941954829E-006 -1.657751998960309E-005  2.214069436710930E-005
  8.281572649465123E-006  3.395714941954829E-006  0.997973800587263     
  5.717929084706126E-006 -7.222281766336037E-006  1.378502743065938E-005
 -1.657751998960309E-005  5.717929084706126E-006  0.995962460393248     
  0.997948231997123       4.782994252845987E-006 -8.563415819511955E-006
  2.214078816391296E-005 -7.222195417684951E-006  4.782994252845987E-006
  0.996008314462599      -1.378470972678422E-005  8.284389066877078E-006
  1.378470972698695E-005 -8.563415819511955E-006 -1.378470972678422E-005
  0.995962457613578       3.395382514373755E-006 -1.657877945165991E-005
  2.214078816391296E-005  8.284389066877078E-006  3.395382514373755E-006
  0.997973797977133       5.718444379617427E-006 -7.222195417684951E-006
  1.378470972698695E-005 -1.657877945165991E-005  5.718444379617427E-006
  0.995962457613578       0.997921501055265       1.629423504912095E-007
  4.017742404977445E-005 -2.911863208079892E-005  9.600640179169174E-005
  1.629423504912095E-007  0.996002041209087       1.307352986364096E-004
 -1.094035843472259E-004  2.764544385194457E-005  4.017742404977445E-005
  1.307352986364096E-004  0.995937329405784      -7.743902619229993E-005
  1.298933026803377E-004 -2.911863208079892E-005 -1.094035843472259E-004
 -7.743902619229993E-005  0.997958799394251      -5.812776882204630E-005
  9.600640179169174E-005  2.764544385194457E-005  1.298933026803377E-004
 -5.812776882204630E-005  0.995983952333767       0.997921499010926     
  1.628325141457624E-007  4.017712653669063E-005 -2.911897506693841E-005
  9.600631643869736E-005  1.628325141457624E-007  0.996002037431767     
  1.307358761753621E-004 -1.094039143237131E-004  2.764681422414176E-005
  4.017712653669063E-005  1.307358761753621E-004  0.995937326805655     
 -7.743820380693902E-005  1.298948261857531E-004 -2.911897506693841E-005
 -1.094039143237131E-004 -7.743820380693902E-005  0.997958797382799     
 -5.812872226474570E-005  9.600631643869736E-005  2.764681422414176E-005
  1.298948261857531E-004 -5.812872226474570E-005  0.995983949993063     
  0.997932604737301       1.151377092451383E-005  2.145688793495875E-005
  5.059004110352648E-006  1.952299857398500E-005  1.151377092451383E-005
  0.995994988971394       3.091106085195485E-005  1.994243623660555E-005
 -3.091106085175222E-005  2.145688793495875E-005  3.091106085195485E-005
  0.995963527485696      -1.015507693306669E-005 -1.862704847069405E-005
  5.059004110352648E-006  1.994243623660555E-005 -1.015507693306669E-005
  0.997938446372068      -1.350467157735943E-005  1.952299857398500E-005
 -3.091106085175222E-005 -1.862704847069405E-005 -1.350467157735943E-005
  0.995963527485696       0.997932603786382       1.151267346387778E-005
  2.145575102048958E-005  5.059464503340270E-006  1.952156724713796E-005
  1.151267346387778E-005  0.995994988843399       3.090981864981329E-005
  1.994053537902460E-005 -3.090981864961066E-005  2.145575102048958E-005
  3.090981864981329E-005  0.995963527089424      -1.015408057706064E-005
 -1.862725728243644E-005  5.059464503340270E-006  1.994053537902460E-005
 -1.015408057706064E-005  0.997938445952766      -1.350418515855022E-005
  1.952156724713796E-005 -3.090981864961066E-005 -1.862725728243644E-005
 -1.350418515855022E-005  0.995963527089424       0.997974692284612     
 -9.482775449249815E-005  9.834332535325546E-005  1.591338501270782E-006
  8.715287595683163E-005 -9.482775449249815E-005  0.996002041209087     
 -2.764544385174189E-005 -5.456067995441567E-005 -1.307352986362068E-004
  9.834332535325546E-005 -2.764544385174189E-005  0.995983952333767     
 -5.408009846514653E-005  1.298933026803376E-004  1.591338501270782E-006
 -5.456067995441567E-005 -5.408009846514653E-005  0.997905608164904     
  3.924843204362879E-006  8.715287595683163E-005 -1.307352986362068E-004
  1.298933026803376E-004  3.924843204362879E-006  0.995937329405784     
  0.997974690561973      -9.482798534234600E-005  9.834410838235701E-005
  1.591181248809729E-006  8.715201499367546E-005 -9.482798534234600E-005
  0.996002037431767      -2.764681422393908E-005 -5.456094006372469E-005
 -1.307358761751592E-004  9.834410838235701E-005 -2.764681422393908E-005
  0.995983949993063      -5.407954782593539E-005  1.298948261857530E-004
  1.591181248809729E-006 -5.456094006372469E-005 -5.407954782593539E-005
  0.997905605831752       3.924689665570982E-006  8.715201499367546E-005
 -1.307358761751592E-004  1.298948261857530E-004  3.924689665570982E-006
  0.995937326805654       0.000000000000000E+000  0.000000000000000E+000
  0.000000000000000E+000  0.000000000000000E+000  0.000000000000000E+000
  0.000000000000000E+000  0.000000000000000E+000  0.000000000000000E+000
  0.000000000000000E+000  0.000000000000000E+000  0.000000000000000E+000
  0.000000000000000E+000  0.000000000000000E+000  0.000000000000000E+000
  0.000000000000000E+000  0.000000000000000E+000  0.000000000000000E+000
  0.000000000000000E+000  0.000000000000000E+000  0.000000000000000E+000
  0.000000000000000E+000  0.000000000000000E+000  0.000000000000000E+000
  0.000000000000000E+000  0.000000000000000E+000  0.000000000000000E+000
  0.000000000000000E+000  0.000000000000000E+000  0.000000000000000E+000
  0.000000000000000E+000  0.000000000000000E+000  0.000000000000000E+000
  0.000000000000000E+000  0.000000000000000E+000  0.000000000000000E+000
  0.000000000000000E+000  0.000000000000000E+000  0.000000000000000E+000
  0.000000000000000E+000  0.000000000000000E+000  0.000000000000000E+000
  0.000000000000000E+000  0.000000000000000E+000  0.000000000000000E+000
  0.000000000000000E+000  0.000000000000000E+000  0.000000000000000E+000
  0.000000000000000E+000  0.000000000000000E+000  0.000000000000000E+000
  0.000000000000000E+000  0.000000000000000E+000  0.000000000000000E+000
  0.000000000000000E+000  0.000000000000000E+000  0.000000000000000E+000
  0.000000000000000E+000  0.000000000000000E+000  0.000000000000000E+000
  0.000000000000000E+000  0.000000000000000E+000  0.000000000000000E+000
  0.000000000000000E+000  0.000000000000000E+000  0.000000000000000E+000
  0.000000000000000E+000  0.000000000000000E+000  0.000000000000000E+000
  0.000000000000000E+000  0.000000000000000E+000  0.000000000000000E+000
  0.000000000000000E+000  0.000000000000000E+000  0.000000000000000E+000
  0.000000000000000E+000  0.000000000000000E+000  0.000000000000000E+000
  0.000000000000000E+000  0.000000000000000E+000  0.000000000000000E+000
  0.000000000000000E+000  0.000000000000000E+000  0.000000000000000E+000
  0.000000000000000E+000  0.000000000000000E+000  0.000000000000000E+000
  0.000000000000000E+000  0.000000000000000E+000  0.000000000000000E+000
  0.000000000000000E+000  0.000000000000000E+000  0.000000000000000E+000
  0.000000000000000E+000  0.000000000000000E+000  0.000000000000000E+000
  0.000000000000000E+000  0.000000000000000E+000  0.000000000000000E+000
  0.000000000000000E+000  0.000000000000000E+000  0.000000000000000E+000
  0.000000000000000E+000  0.000000000000000E+000  0.000000000000000E+000
  0.000000000000000E+000  0.000000000000000E+000  0.000000000000000E+000
  0.000000000000000E+000  0.000000000000000E+000  0.000000000000000E+000
  0.000000000000000E+000  0.000000000000000E+000  0.000000000000000E+000
  0.000000000000000E+000  0.000000000000000E+000  0.000000000000000E+000
  0.000000000000000E+000  0.000000000000000E+000  0.000000000000000E+000
  0.000000000000000E+000  0.000000000000000E+000  0.000000000000000E+000
  0.000000000000000E+000  0.000000000000000E+000  0.000000000000000E+000
  0.000000000000000E+000  0.000000000000000E+000  0.000000000000000E+000
  0.000000000000000E+000  0.000000000000000E+000  0.000000000000000E+000
  0.000000000000000E+000  0.000000000000000E+000  0.000000000000000E+000
  0.000000000000000E+000  0.000000000000000E+000  0.000000000000000E+000
  0.000000000000000E+000  0.000000000000000E+000  0.000000000000000E+000
  0.000000000000000E+000  0.000000000000000E+000  0.000000000000000E+000
  0.000000000000000E+000  0.000000000000000E+000  0.000000000000000E+000
  0.000000000000000E+000  0.000000000000000E+000  0.000000000000000E+000
  0.000000000000000E+000  0.000000000000000E+000  0.000000000000000E+000
  0.000000000000000E+000  0.000000000000000E+000  0.000000000000000E+000
  0.000000000000000E+000  0.000000000000000E+000  0.000000000000000E+000
  0.000000000000000E+000  0.000000000000000E+000  0.000000000000000E+000
  0.000000000000000E+000  0.000000000000000E+000  0.000000000000000E+000
  0.000000000000000E+000  0.000000000000000E+000  0.000000000000000E+000
  0.000000000000000E+000  0.000000000000000E+000  0.000000000000000E+000
  0.000000000000000E+000  0.000000000000000E+000  0.000000000000000E+000
  0.000000000000000E+000  0.000000000000000E+000  0.000000000000000E+000
  0.000000000000000E+000  0.000000000000000E+000  0.000000000000000E+000
  0.000000000000000E+000  0.000000000000000E+000  0.000000000000000E+000
  0.000000000000000E+000  0.000000000000000E+000  0.000000000000000E+000
  0.000000000000000E+000  0.000000000000000E+000  0.000000000000000E+000
  0.000000000000000E+000  0.000000000000000E+000  0.000000000000000E+000
  0.000000000000000E+000  0.000000000000000E+000  0.000000000000000E+000
  0.000000000000000E+000  0.000000000000000E+000  0.000000000000000E+000
  0.000000000000000E+000  0.000000000000000E+000  0.000000000000000E+000
  0.997986583523118       1.340730961715624E-006  1.340730962425354E-006
  4.579769248481003E-016  9.562736395002232E-006  1.340730961715624E-006
  0.995962460393253       1.657751999048770E-005 -9.113644026185987E-006
  1.378502743065934E-005  1.340730962425354E-006  1.657751999048770E-005
  0.995962460393249       9.113644031852731E-006  1.378502743134126E-005
  4.579769248481003E-016 -9.113644026185987E-006  9.113644031852731E-006
  0.997935451779705      -5.191845455493187E-015  9.562736395002232E-006
  1.378502743065934E-005  1.378502743134126E-005 -5.191845455493187E-015
  0.996008317172302       0.997986580967142       1.341220394524794E-006
  1.341220395234525E-006  4.579769255412632E-016  9.565988513704112E-006
  1.341220394524794E-006  0.995962457613582       1.657877945254452E-005
 -9.113826893516213E-006  1.378470972698691E-005  1.341220395234525E-006
  1.657877945254452E-005  0.995962457613578       9.113826899182958E-006
  1.378470972766883E-005  4.579769255412632E-016 -9.113826893516213E-006
  9.113826899182958E-006  0.997935449007114      -5.191845349992015E-015
  9.565988513704112E-006  1.378470972698691E-005  1.378470972766883E-005
 -5.191845349992015E-015  0.996008314462595       0.997924257334400     
 -2.336923568864781E-006  4.697545190046482E-005 -3.070997058163975E-005
 -9.466481213399379E-005 -2.336923568864781E-006  0.995983952333770     
 -1.298933026794531E-004  1.122078672876674E-004  2.764544385194413E-005
  4.697545190046482E-005 -1.298933026794531E-004  0.995937329405784     
 -7.351418298274524E-005 -1.307352986355248E-004 -3.070997058163975E-005
  1.122078672876674E-004 -7.351418298274524E-005  0.997956043115116     
  5.484290438761792E-005 -9.466481213399379E-005  2.764544385194413E-005
 -1.307352986355248E-004  5.484290438761792E-005  0.996002041209083     
  0.997924255017692      -2.337791950960710E-006  4.697488845039249E-005
 -3.071015631529043E-005 -9.466515282018708E-005 -2.337791950960710E-006
  0.995983949993067      -1.298948261848685E-004  1.122082700911556E-004
  2.764681422414131E-005  4.697488845039249E-005 -1.298948261848685E-004
  0.995937326805655      -7.351351413617623E-005 -1.307358761744772E-004
 -3.071015631529043E-005  1.122082700911556E-004 -7.351351413617623E-005
  0.997956041376033       5.484297425479610E-005 -9.466515282018708E-005
  2.764681422414131E-005 -1.307358761744772E-004  5.484297425479610E-005
  0.996002037431763       0.997924257334400       4.697545189975530E-005
 -2.336923568155256E-006  3.070997058252090E-005 -9.466481213399368E-005
  4.697545189975530E-005  0.995937329405788      -1.298933026794533E-004
  7.351418298841217E-005 -1.307352986362071E-004 -2.336923568155256E-006
 -1.298933026794533E-004  0.995983952333767      -1.122078672820015E-004
  2.764544385262642E-005  3.070997058252090E-005  7.351418298841217E-005
 -1.122078672820015E-004  0.997956043115115      -5.484290439800207E-005
 -9.466481213399368E-005 -1.307352986362071E-004  2.764544385262642E-005
 -5.484290439800207E-005  0.996002041209083       0.997924255017692     
  4.697488844968297E-005 -2.337791950251183E-006  3.071015631618546E-005
 -9.466515282018697E-005  4.697488844968297E-005  0.995937326805659     
 -1.298948261848688E-004  7.351351414184315E-005 -1.307358761751595E-004
 -2.337791950251183E-006 -1.298948261848688E-004  0.995983949993063     
 -1.122082700854897E-004  2.764681422482360E-005  3.071015631618546E-005
  7.351351414184315E-005 -1.122082700854897E-004  0.997956041376033     
 -5.484297426518025E-005 -9.466515282018697E-005 -1.307358761751595E-004
  2.764681422482360E-005 -5.484297426518025E-005  0.996002037431763     
  0.997941367189455      -1.933889368276312E-006 -1.933889367566548E-006
  4.440681991541882E-016  2.302754185704018E-005 -1.933889368276312E-006
  0.995963527485700       1.862704847157875E-005  2.365974851090135E-005
 -3.091106085175228E-005 -1.933889367566548E-006  1.862704847157875E-005
  0.995963527485696      -2.365974850523424E-005 -3.091106085107013E-005
  4.440681991541882E-016  2.365974851090135E-005 -2.365974850523424E-005
  0.997929683919914      -5.191990507710441E-015  2.302754185704018E-005
 -3.091106085175228E-005 -3.091106085107013E-005 -5.191990507710441E-015
  0.995994988971390       0.997941367035960      -1.934183780654181E-006
 -1.934183779944417E-006  4.440681998782533E-016  2.302534693576808E-005
 -1.934183780654181E-006  0.995963527089428       1.862725728332114E-005
  2.365826573608609E-005 -3.090981864961071E-005 -1.934183779944417E-006
  1.862725728332114E-005  0.995963527089424      -2.365826573041897E-005
 -3.090981864892857E-005  4.440681998782533E-016  2.365826573608609E-005
 -2.365826573041897E-005  0.997929682703188      -5.191990400685712E-015
  2.302534693576808E-005 -3.090981864961071E-005 -3.090981864892857E-005
 -5.191990400685712E-015  0.995994988843395       0.000000000000000E+000
  0.000000000000000E+000  0.000000000000000E+000  0.000000000000000E+000
  0.000000000000000E+000  0.000000000000000E+000  0.000000000000000E+000
  0.000000000000000E+000  0.000000000000000E+000  0.000000000000000E+000
  0.000000000000000E+000  0.000000000000000E+000  0.000000000000000E+000
  0.000000000000000E+000  0.000000000000000E+000  0.000000000000000E+000
  0.000000000000000E+000  0.000000000000000E+000  0.000000000000000E+000
  0.000000000000000E+000  0.000000000000000E+000  0.000000000000000E+000
  0.000000000000000E+000  0.000000000000000E+000  0.000000000000000E+000
  0.000000000000000E+000  0.000000000000000E+000  0.000000000000000E+000
  0.000000000000000E+000  0.000000000000000E+000  0.000000000000000E+000
  0.000000000000000E+000  0.000000000000000E+000  0.000000000000000E+000
  0.000000000000000E+000  0.000000000000000E+000  0.000000000000000E+000
  0.000000000000000E+000  0.000000000000000E+000  0.000000000000000E+000
  0.000000000000000E+000  0.000000000000000E+000  0.000000000000000E+000
  0.000000000000000E+000  0.000000000000000E+000  0.000000000000000E+000
  0.000000000000000E+000  0.000000000000000E+000  0.000000000000000E+000
  0.000000000000000E+000  0.000000000000000E+000  0.000000000000000E+000
  0.000000000000000E+000  0.000000000000000E+000  0.000000000000000E+000
  0.000000000000000E+000  0.000000000000000E+000  0.000000000000000E+000
  0.000000000000000E+000  0.000000000000000E+000  0.000000000000000E+000
  0.000000000000000E+000  0.000000000000000E+000  0.000000000000000E+000
  0.000000000000000E+000  0.000000000000000E+000  0.000000000000000E+000
  0.000000000000000E+000  0.000000000000000E+000  0.000000000000000E+000
  0.000000000000000E+000  0.000000000000000E+000  0.000000000000000E+000
  0.000000000000000E+000  0.000000000000000E+000  0.000000000000000E+000
  0.000000000000000E+000  0.000000000000000E+000  0.000000000000000E+000
  0.000000000000000E+000  0.000000000000000E+000  0.000000000000000E+000
  0.000000000000000E+000  0.000000000000000E+000  0.000000000000000E+000
  0.000000000000000E+000  0.000000000000000E+000  0.000000000000000E+000
  0.000000000000000E+000  0.000000000000000E+000  0.000000000000000E+000
  0.000000000000000E+000  0.000000000000000E+000  0.000000000000000E+000
  0.000000000000000E+000  0.000000000000000E+000  0.000000000000000E+000
  0.000000000000000E+000  0.000000000000000E+000  0.000000000000000E+000
  0.000000000000000E+000  0.000000000000000E+000  0.000000000000000E+000
  0.000000000000000E+000  0.000000000000000E+000  0.000000000000000E+000
  0.000000000000000E+000  0.000000000000000E+000  0.000000000000000E+000
  0.000000000000000E+000  0.000000000000000E+000  0.000000000000000E+000
  0.000000000000000E+000  0.000000000000000E+000  0.000000000000000E+000
  0.000000000000000E+000  0.000000000000000E+000  0.000000000000000E+000
  0.000000000000000E+000  0.000000000000000E+000  0.000000000000000E+000
  0.000000000000000E+000  0.000000000000000E+000  0.000000000000000E+000
  0.000000000000000E+000  0.000000000000000E+000  0.000000000000000E+000
  0.000000000000000E+000  0.000000000000000E+000  0.000000000000000E+000
  0.000000000000000E+000  0.000000000000000E+000  0.000000000000000E+000
  0.000000000000000E+000  0.000000000000000E+000  0.000000000000000E+000
  0.000000000000000E+000  0.000000000000000E+000  0.000000000000000E+000
  0.000000000000000E+000  0.000000000000000E+000  0.000000000000000E+000
  0.000000000000000E+000  0.000000000000000E+000  0.000000000000000E+000
  0.000000000000000E+000  0.000000000000000E+000  0.000000000000000E+000
  0.000000000000000E+000  0.000000000000000E+000  0.000000000000000E+000
  0.000000000000000E+000  0.000000000000000E+000  0.000000000000000E+000
  0.000000000000000E+000  0.000000000000000E+000  0.000000000000000E+000
  0.000000000000000E+000  0.000000000000000E+000  0.000000000000000E+000
  0.000000000000000E+000  0.000000000000000E+000  0.000000000000000E+000
  0.000000000000000E+000  0.000000000000000E+000  0.000000000000000E+000
  0.000000000000000E+000  0.000000000000000E+000  0.000000000000000E+000
  0.000000000000000E+000  0.000000000000000E+000  0.000000000000000E+000
  0.000000000000000E+000  0.000000000000000E+000  0.000000000000000E+000
  0.000000000000000E+000  0.000000000000000E+000  0.000000000000000E+000
  0.000000000000000E+000  0.000000000000000E+000  0.000000000000000E+000
  0.000000000000000E+000  0.000000000000000E+000  0.000000000000000E+000
  0.000000000000000E+000  0.000000000000000E+000  0.000000000000000E+000
  0.000000000000000E+000  0.000000000000000E+000  0.000000000000000E+000
  0.000000000000000E+000  0.000000000000000E+000  0.000000000000000E+000
  0.000000000000000E+000  0.000000000000000E+000  0.000000000000000E+000
  0.000000000000000E+000  0.000000000000000E+000  0.000000000000000E+000
  0.000000000000000E+000  0.991737304997123      -2.233166274591359E-004
 -2.233166274584370E-004  4.510627517969947E-016 -4.466332549103123E-004
 -2.233166274591359E-004  0.985514201658418       2.357336600093641E-003
 -3.867957449255752E-004 -2.357336600093445E-003 -2.233166274584370E-004
  2.357336600093641E-003  0.985514201658414       3.867957449312144E-004
 -2.357336600092759E-003  4.510627517969947E-016 -3.867957449255752E-004
  3.867957449312144E-004  0.991737304997121      -5.156816858630187E-015
 -4.466332549103123E-004 -2.357336600093445E-003 -2.357336600092759E-003
 -5.156816858630187E-015  0.985514201658413       0.991737295696693     
 -2.233123802269476E-004 -2.233123802262487E-004  4.441238623702437E-016
 -4.466247604459358E-004 -2.233123802269476E-004  0.985514151990799     
  2.357360032209435E-003 -3.867883885036337E-004 -2.357360032209239E-003
 -2.233123802262487E-004  2.357360032209435E-003  0.985514151990795     
  3.867883885092727E-004 -2.357360032208552E-003  4.441238623702437E-016
 -3.867883885036337E-004  3.867883885092727E-004  0.991737295696691     
 -5.156820273517822E-015 -4.466247604459358E-004 -2.357360032209239E-003
 -2.357360032208552E-003 -5.156820273517822E-015  0.985514151990795     
  0.998226673847030       8.911872998890652E-005 -1.249403866901736E-004
 -9.616375685098134E-006  2.059907967607073E-004  8.911872998890652E-005
  0.996589038180405      -5.183778962278655E-004  1.864049611712133E-004
 -5.976952885395571E-004 -1.249403866901736E-004 -5.183778962278655E-004
  0.996639458769711       2.164030976629413E-004  5.183778962287479E-004
 -9.616375685098134E-006  1.864049611712133E-004  2.164030976629413E-004
  0.998237777881209      -1.602339646308035E-005  2.059907967607073E-004
 -5.976952885395571E-004  5.183778962287479E-004 -1.602339646308035E-005
  0.996589038180401       0.998226673733578       8.911885057704076E-005
 -1.249403831575797E-004 -9.616032271342368E-006  2.059910828439739E-004
  8.911885057704076E-005  0.996589037488815      -5.183802540160075E-004
  1.864052218901235E-004 -5.976941086760547E-004 -1.249403831575797E-004
 -5.183802540160075E-004  0.996639455459616       2.164030915443091E-004
  5.183802540168898E-004 -9.616032271342368E-006  1.864052218901235E-004
  2.164030915443091E-004  0.998237777371217      -1.602342239014781E-005
  2.059910828439739E-004 -5.976941086760547E-004  5.183802540168898E-004
 -1.602342239014781E-005  0.996589037488811       0.998226673847030     
 -1.249403866908852E-004  8.911872998961770E-005  9.616375685944658E-006
  2.059907967607058E-004 -1.249403866908852E-004  0.996639458769715     
 -5.183778962278631E-004 -2.164030976572783E-004  5.183778962280671E-004
  8.911872998961770E-005 -5.183778962278631E-004  0.996589038180402     
 -1.864049611655405E-004 -5.976952885388752E-004  9.616375685944658E-006
 -2.164030976572783E-004 -1.864049611655405E-004  0.998237777881209     
  1.602339645269077E-005  2.059907967607058E-004  5.183778962280671E-004
 -5.976952885388752E-004  1.602339645269077E-005  0.996589038180401     
  0.998226673733578      -1.249403831582913E-004  8.911885057775195E-005
  9.616032272223587E-006  2.059910828439724E-004 -1.249403831582913E-004
  0.996639455459620      -5.183802540160050E-004 -2.164030915386462E-004
  5.183802540162090E-004  8.911885057775195E-005 -5.183802540160050E-004
  0.996589037488811      -1.864052218844507E-004 -5.976941086753727E-004
  9.616032272223587E-006 -2.164030915386462E-004 -1.864052218844507E-004
  0.998237777371217       1.602342237975824E-005  2.059910828439724E-004
  5.183802540162090E-004 -5.976941086753727E-004  1.602342237975824E-005
  0.996589037488811       0.998243329898302       1.168720667637832E-004
  1.168720667644918E-004  4.163452535249401E-016 -2.498807733737587E-004
  1.168720667637832E-004  0.996589038180405       5.976952885397606E-004
  1.703815647133260E-004  5.183778962280669E-004  1.168720667644918E-004
  5.976952885397606E-004  0.996589038180402      -1.703815647076563E-004
  5.183778962287485E-004  4.163452535249401E-016  1.703815647133260E-004
 -1.703815647076563E-004  0.998221121829937      -5.191574571604390E-015
 -2.498807733737587E-004  5.183778962280669E-004  5.183778962287485E-004
 -5.191574571604390E-015  0.996639458769711       0.998243329190040     
  1.168722322589156E-004  1.168722322596241E-004  4.579786171399683E-016
 -2.498807663085709E-004  1.168722322589156E-004  0.996589037488815     
  5.976941086762582E-004  1.703817995051688E-004  5.183802540162088E-004
  1.168722322596241E-004  5.976941086762582E-004  0.996589037488812     
 -1.703817994994991E-004  5.183802540168905E-004  4.579786171399683E-016
  1.703817995051688E-004 -1.703817994994991E-004  0.998221121914755     
 -5.191577956962175E-015 -2.498807663085709E-004  5.183802540162088E-004
  5.183802540168905E-004 -5.191577956962175E-015  0.996639455459616     
  0.000000000000000E+000  0.000000000000000E+000  0.000000000000000E+000
  0.000000000000000E+000  0.000000000000000E+000  0.000000000000000E+000
  0.000000000000000E+000  0.000000000000000E+000  0.000000000000000E+000
  0.000000000000000E+000  0.000000000000000E+000  0.000000000000000E+000
  0.000000000000000E+000  0.000000000000000E+000  0.000000000000000E+000
  0.000000000000000E+000  0.000000000000000E+000  0.000000000000000E+000
  0.000000000000000E+000  0.000000000000000E+000  0.000000000000000E+000
  0.000000000000000E+000  0.000000000000000E+000  0.000000000000000E+000
  0.000000000000000E+000  0.000000000000000E+000  0.000000000000000E+000
  0.000000000000000E+000  0.000000000000000E+000  0.000000000000000E+000
  0.000000000000000E+000  0.000000000000000E+000  0.000000000000000E+000
  0.000000000000000E+000  0.000000000000000E+000  0.000000000000000E+000
  0.000000000000000E+000  0.000000000000000E+000  0.000000000000000E+000
  0.000000000000000E+000  0.000000000000000E+000  0.000000000000000E+000
  0.000000000000000E+000  0.000000000000000E+000  0.000000000000000E+000
  0.000000000000000E+000  0.000000000000000E+000  0.000000000000000E+000
  0.000000000000000E+000  0.000000000000000E+000  0.000000000000000E+000
  0.000000000000000E+000  0.000000000000000E+000  0.000000000000000E+000
  0.000000000000000E+000  0.000000000000000E+000  0.000000000000000E+000
  0.000000000000000E+000  0.000000000000000E+000  0.000000000000000E+000
  0.000000000000000E+000  0.000000000000000E+000  0.000000000000000E+000
  0.000000000000000E+000  0.000000000000000E+000  0.000000000000000E+000
  0.000000000000000E+000  0.000000000000000E+000  0.000000000000000E+000
  0.000000000000000E+000  0.000000000000000E+000  0.000000000000000E+000
  0.000000000000000E+000  0.000000000000000E+000  0.000000000000000E+000
  0.000000000000000E+000  0.000000000000000E+000  0.000000000000000E+000
  0.000000000000000E+000  0.000000000000000E+000  0.000000000000000E+000
  0.000000000000000E+000  0.000000000000000E+000  0.000000000000000E+000
  0.000000000000000E+000  0.000000000000000E+000  0.000000000000000E+000
  0.000000000000000E+000  0.000000000000000E+000  0.000000000000000E+000
  0.000000000000000E+000  0.000000000000000E+000  0.000000000000000E+000
  0.000000000000000E+000  0.000000000000000E+000  0.000000000000000E+000
  0.000000000000000E+000  0.000000000000000E+000  0.000000000000000E+000
  0.000000000000000E+000  0.000000000000000E+000  0.000000000000000E+000
  0.000000000000000E+000  0.000000000000000E+000  0.000000000000000E+000
  0.000000000000000E+000  0.000000000000000E+000  0.000000000000000E+000
  0.000000000000000E+000  0.000000000000000E+000  0.000000000000000E+000
  0.000000000000000E+000  0.000000000000000E+000  0.000000000000000E+000
  0.000000000000000E+000  0.000000000000000E+000  0.000000000000000E+000
  0.000000000000000E+000  0.000000000000000E+000  0.000000000000000E+000
  0.000000000000000E+000  0.000000000000000E+000  0.000000000000000E+000
  0.000000000000000E+000  0.000000000000000E+000  0.000000000000000E+000
  0.000000000000000E+000  0.000000000000000E+000  0.000000000000000E+000
  0.000000000000000E+000  0.000000000000000E+000  0.000000000000000E+000
  0.000000000000000E+000  0.000000000000000E+000  0.000000000000000E+000
  0.000000000000000E+000  0.000000000000000E+000  0.000000000000000E+000
  0.000000000000000E+000  0.000000000000000E+000  0.000000000000000E+000
  0.000000000000000E+000  0.000000000000000E+000  0.000000000000000E+000
  0.000000000000000E+000  0.000000000000000E+000  0.000000000000000E+000
  0.000000000000000E+000  0.000000000000000E+000  0.000000000000000E+000
