0.000000000000	 0.058291022692
0.126966000000	 0.058255451685
0.253932000000	 0.058148703954
0.380898000000	 0.057970779500
0.507864000000	 0.057721678322
0.634830000000	 0.057401400421
0.761796000000	 0.057009945797
0.888762000000	 0.056547314449
1.015728000000	 0.056013506378
1.142694000000	 0.055408521584
1.269660000000	 0.054732360066
1.396626000000	 0.053985021825
1.523592000000	 0.053166506861
1.650558000000	 0.052276815173
1.777524000000	 0.051315946762
1.904490000000	 0.050283901628
2.031456000000	 0.049180679770
2.158422000000	 0.048006281189
2.285388000000	 0.046760705884
2.412354000000	 0.045443953856
2.539320000000	 0.044056025105
2.666286000000	 0.042596919630
2.793252000000	 0.041066637432
2.920218000000	 0.039465178511
3.047184000000	 0.037792542866
3.174150000000	 0.036048730498
3.301116000000	 0.034233741407
3.428082000000	 0.032347575592
3.555048000000	 0.030390233054
3.682014000000	 0.028361713793
3.808980000000	 0.026262017808
3.935946000000	 0.024091145100
4.062912000000	 0.021849095668
4.189878000000	 0.019535869513
4.316844000000	 0.017151466635
4.443810000000	 0.014695887033
4.570776000000	 0.012169130708
4.697742000000	 0.009571197660
4.824708000000	 0.006902087888
4.951674000000	 0.004161801393
5.078640000000	 0.001350338175
5.205606000000	-0.001532301767
5.332572000000	-0.004486118432
5.459538000000	-0.007511111820
5.586504000000	-0.010607281932
5.713470000000	-0.013774628767
5.840436000000	-0.017013152324
5.967402000000	-0.020322852602
6.094368000000	-0.023703729597
6.221334000000	-0.027155783293
6.348300000000	-0.030679013651
6.475266000000	-0.034273420566
6.602232000000	-0.037939003759
6.729198000000	-0.041675762530
6.856164000000	-0.045483695165
6.983130000000	-0.049362797620
7.110096000000	-0.053313060645
7.237062000000	-0.057334463800
7.364028000000	-0.061426963394
7.490994000000	-0.065590469127
7.617960000000	-0.069824800578
7.744926000000	-0.074129609296
7.871892000000	-0.078504244908
7.998858000000	-0.082947534526
8.125824000000	-0.087457434931
8.252790000000	-0.092030508876
8.379756000000	-0.096661174292
8.506722000000	-0.101340683560
8.633688000000	-0.106055815132
8.760654000000	-0.110787306482
8.887620000000	-0.115508126490
9.014586000000	-0.120181771541
9.141552000000	-0.124760858796
9.268518000000	-0.129186360144
9.395484000000	-0.133387843949
9.522450000000	-0.137285043793
9.649416000000	-0.140790939448
9.776382000000	-0.143816320692
9.903348000000	-0.146275538794
10.030314000000	-0.148092885091
10.157280000000	-0.149208834196
10.284246000000	-0.149585308948
10.411212000000	-0.149209200107
10.538178000000	-0.148093604238
10.665144000000	-0.146276587013
10.792110000000	-0.143817664532
10.919076000000	-0.140792539041
11.046042000000	-0.137286856003
11.173008000000	-0.133389825380
11.299974000000	-0.129188469695
11.426940000000	-0.124763059535
11.553906000000	-0.120184031833
11.680872000000	-0.115510420416
11.807838000000	-0.110789613682
11.934804000000	-0.106058120245
12.061770000000	-0.101342975441
12.188736000000	-0.096663445157
12.315702000000	-0.092032753485
12.442668000000	-0.087459649885
12.569634000000	-0.082949717697
12.696600000000	-0.078506395011
12.823566000000	-0.074131725581
12.950532000000	-0.069826882622
13.077498000000	-0.065592516701
13.204464000000	-0.061428976377
13.331430000000	-0.057336442131
13.458396000000	-0.053315004293
13.585362000000	-0.049364706571
13.712328000000	-0.045485569413
13.839294000000	-0.041677602072
13.966260000000	-0.037940808594
14.093226000000	-0.034275190692
14.220192000000	-0.030680749069
14.347158000000	-0.027157484003
14.474124000000	-0.023705395598
14.601090000000	-0.020324483895
14.728056000000	-0.017014748909
14.855022000000	-0.013776190643
14.981988000000	-0.010608809100
15.108954000000	-0.007512604280
15.235920000000	-0.004487576183
15.362886000000	-0.001533724809
15.489852000000	 0.001348949841
15.616818000000	 0.004160447767
15.743784000000	 0.006900768971
15.870750000000	 0.009569913451
15.997716000000	 0.012167881207
16.124682000000	 0.014694672241
16.251648000000	 0.017150286551
16.378614000000	 0.019534724137
16.505580000000	 0.021847985000
16.632546000000	 0.024090069140
16.759512000000	 0.026260976557
16.886478000000	 0.028360707250
17.013444000000	 0.030389261220
17.140410000000	 0.032346638466
17.267376000000	 0.034232838989
17.394342000000	 0.036047862789
17.521308000000	 0.037791709866
17.648274000000	 0.039464380219
17.775240000000	 0.041065873848
17.902206000000	 0.042596190755
18.029172000000	 0.044055330938
18.156138000000	 0.045443294397
18.283104000000	 0.046760081133
18.410070000000	 0.048005691146
18.537036000000	 0.049180124436
18.664002000000	 0.050283381002
18.790968000000	 0.051315460845
18.917934000000	 0.052276363964
19.044900000000	 0.053166090361
19.171866000000	 0.053984640033
19.298832000000	 0.054732012983
19.425798000000	 0.055408209209
19.552764000000	 0.056013228712
19.679730000000	 0.056547071491
19.806696000000	 0.057009737547
19.933662000000	 0.057401226879
20.060628000000	 0.057721539489
20.187594000000	 0.057970675375
20.314560000000	 0.058148634537
20.441526000000	 0.058255416976
&
0.000000	0.058291	0.000000
0.126966	0.058523	0.000268
0.253932	0.059245	0.001096
0.380898	0.060445	0.002474
0.507864	0.062199	0.004478
0.634830	0.064527	0.007125
0.761796	0.067536	0.010526
0.888762	0.071319	0.014772
1.015728	0.075954	0.019940
1.142694	0.081124	0.025715
1.269660	0.086935	0.032203
1.396626	0.092764	0.038779
1.523592	0.097514	0.044348
1.650558	0.100543	0.048266
1.777524	0.101281	0.049966
1.904490	0.099286	0.049002
2.031456	0.094342	0.045161
2.158422	0.086712	0.038705
2.285388	0.076930	0.030169
2.412354	0.065517	0.020073
2.539320	0.053056	0.009000
2.666286	0.040312	-0.002285
2.793252	0.028079	-0.012988
2.920218	0.017083	-0.022382
3.047184	0.007861	-0.029932
3.174150	0.000970	-0.035079
3.301116	-0.003100	-0.037334
3.428082	-0.004232	-0.036580
3.555048	-0.002777	-0.033167
3.682014	0.000806	-0.027556
3.808980	0.005872	-0.020390
3.935946	0.011640	-0.012451
4.062912	0.016944	-0.004905
4.189878	0.021552	0.002016
4.316844	0.025440	0.008288
4.443810	0.028481	0.013785
4.570776	0.030919	0.018750
4.697742	0.032859	0.023287
4.824708	0.034495	0.027593
4.951674	0.035953	0.031791
5.078640	0.037482	0.036132
5.205606	0.039284	0.040816
5.332572	0.041699	0.046186
5.459538	0.045038	0.052549
5.586504	0.049622	0.060229
5.713470	0.055710	0.069484
5.840436	0.063657	0.080670
5.967402	0.073766	0.094089
6.094368	0.086522	0.110226
6.221334	0.101895	0.129051
6.348300	0.119193	0.149872
6.475266	0.138473	0.172746
6.602232	0.156863	0.194802
6.729198	0.171095	0.212770
6.856164	0.179113	0.224597
6.983130	0.179157	0.228520
7.110096	0.169891	0.223204
7.237062	0.150979	0.208313
7.364028	0.123732	0.185159
7.490994	0.089924	0.155514
7.617960	0.051377	0.121202
7.744926	0.010151	0.084280
7.871892	-0.031099	0.047406
7.998858	-0.069762	0.013185
8.125824	-0.103669	-0.016212
8.252790	-0.131114	-0.039083
8.379756	-0.150339	-0.053678
8.506722	-0.160060	-0.058719
8.633688	-0.160670	-0.054614
8.760654	-0.154520	-0.043732
8.887620	-0.145227	-0.029719
9.014586	-0.138435	-0.018254
9.141552	-0.142303	-0.017542
9.268518	-0.168248	-0.039061
9.395484	-0.226330	-0.092942
9.522450	-0.324329	-0.187044
9.649416	-0.461988	-0.321197
9.776382	-0.628177	-0.484361
9.903348	-0.802063	-0.655788
10.030314	-0.955194	-0.807102
10.157280	-1.061263	-0.912054
10.284246	-1.099434	-0.949849
10.411212	-1.061263	-0.912054
10.538178	-0.955194	-0.807101
10.665144	-0.802063	-0.655787
10.792110	-0.628177	-0.484360
10.919076	-0.461988	-0.321195
11.046042	-0.324329	-0.187042
11.173008	-0.226330	-0.092940
11.299974	-0.168248	-0.039059
11.426940	-0.142303	-0.017540
11.553906	-0.138435	-0.018251
11.680872	-0.145227	-0.029717
11.807838	-0.154520	-0.043730
11.934804	-0.160670	-0.054611
12.061770	-0.160060	-0.058717
12.188736	-0.150339	-0.053676
12.315702	-0.131114	-0.039081
12.442668	-0.103669	-0.016210
12.569634	-0.069762	0.013187
12.696600	-0.031099	0.047408
12.823566	0.010151	0.084283
12.950532	0.051377	0.121204
13.077498	0.089924	0.155516
13.204464	0.123732	0.185161
13.331430	0.150979	0.208315
13.458396	0.169891	0.223206
13.585362	0.179157	0.228521
13.712328	0.179113	0.224599
13.839294	0.171095	0.212772
13.966260	0.156863	0.194804
14.093226	0.138473	0.172748
14.220192	0.119193	0.149874
14.347158	0.101895	0.129053
14.474124	0.086522	0.110227
14.601090	0.073766	0.094091
14.728056	0.063657	0.080672
14.855022	0.055710	0.069486
14.981988	0.049622	0.060231
15.108954	0.045038	0.052550
15.235920	0.041699	0.046187
15.362886	0.039284	0.040817
15.489852	0.037482	0.036133
15.616818	0.035953	0.031793
15.743784	0.034495	0.027595
15.870750	0.032859	0.023289
15.997716	0.030919	0.018751
16.124682	0.028481	0.013786
16.251648	0.025440	0.008289
16.378614	0.021552	0.002017
16.505580	0.016944	-0.004903
16.632546	0.011640	-0.012450
16.759512	0.005872	-0.020389
16.886478	0.000806	-0.027555
17.013444	-0.002777	-0.033166
17.140410	-0.004232	-0.036579
17.267376	-0.003100	-0.037333
17.394342	0.000970	-0.035078
17.521308	0.007861	-0.029931
17.648274	0.017083	-0.022382
17.775240	0.028079	-0.012987
17.902206	0.040312	-0.002284
18.029172	0.053056	0.009000
18.156138	0.065517	0.020074
18.283104	0.076930	0.030170
18.410070	0.086712	0.038706
18.537036	0.094342	0.045162
18.664002	0.099286	0.049003
18.790968	0.101281	0.049966
18.917934	0.100543	0.048267
19.044900	0.097514	0.044348
19.171866	0.092764	0.038779
19.298832	0.086935	0.032203
19.425798	0.081124	0.025716
19.552764	0.075954	0.019940
19.679730	0.071319	0.014772
19.806696	0.067536	0.010526
19.933662	0.064527	0.007126
20.060628	0.062199	0.004478
20.187594	0.060445	0.002475
20.314560	0.059245	0.001096
20.441526	0.058523	0.000268
&
0.000000	4.239910	4.181618
0.126966	4.254831	4.196308
0.253932	4.298398	4.239153
0.380898	4.368283	4.307838
0.507864	4.459789	4.397590
0.634830	4.567185	4.502658
0.761796	4.681967	4.614431
0.888762	4.793104	4.721784
1.015728	4.877755	4.801801
1.142694	4.901006	4.819882
1.269660	4.822486	4.735551
1.396626	4.612816	4.520052
1.523592	4.267821	4.170306
1.650558	3.802297	3.701754
1.777524	3.247558	3.146277
1.904490	2.647017	2.547731
2.031456	2.053050	1.958708
2.158422	1.517370	1.430658
2.285388	1.083478	1.006548
2.412354	0.784769	0.719252
2.539320	0.644782	0.591726
2.666286	0.674835	0.634523
2.793252	0.872196	0.844118
2.920218	1.220404	1.203321
3.047184	1.692002	1.684141
3.174150	2.249617	2.248647
3.301116	2.846109	2.849209
3.428082	3.428152	3.432384
3.555048	3.946434	3.949211
3.682014	4.362186	4.361380
3.808980	4.650757	4.644885
3.935946	4.804551	4.792911
4.062912	4.837981	4.821036
4.189878	4.788733	4.767181
4.316844	4.695125	4.669686
4.443810	4.586742	4.558261
4.570776	4.479593	4.448674
4.697742	4.383234	4.350375
4.824708	4.304988	4.270492
4.951674	4.250245	4.214292
5.078640	4.222772	4.185290
5.205606	4.224573	4.185290
5.332572	4.255991	4.214292
5.459538	4.315529	4.270491
5.586504	4.399996	4.350374
5.713470	4.504384	4.448674
5.840436	4.621916	4.558259
5.967402	4.743450	4.669684
6.094368	4.853702	4.767180
6.221334	4.922931	4.821035
6.348300	4.912103	4.792910
6.475266	4.783356	4.644883
6.602232	4.518241	4.361378
6.729198	4.120303	3.949208
6.856164	3.611493	3.432381
6.983130	3.028361	2.849204
7.110096	2.418533	2.248641
7.237062	1.835114	1.684135
7.364028	1.327046	1.203314
7.490994	0.934034	0.844110
7.617960	0.685892	0.634516
7.744926	0.601868	0.591717
7.871892	0.688143	0.719242
7.998858	0.936774	1.006537
8.125824	1.326978	1.430647
8.252790	1.827582	1.958696
8.379756	2.397378	2.547718
8.506722	2.986202	3.146262
8.633688	3.541069	3.701739
8.760654	4.015771	4.170291
8.887620	4.374808	4.520035
9.014586	4.597097	4.735532
9.141552	4.677562	4.819864
9.268518	4.633534	4.801782
9.395484	4.495435	4.721765
9.522450	4.290079	4.614409
9.649416	4.040648	4.502636
9.776382	3.769391	4.397568
9.903348	3.505750	4.307814
10.030314	3.283934	4.239129
10.157280	3.135018	4.196281
10.284246	3.082161	4.181595
10.411212	3.135018	4.196281
10.538178	3.283934	4.239129
10.665144	3.505750	4.307814
10.792110	3.769391	4.397568
10.919076	4.040648	4.502636
11.046042	4.290079	4.614409
11.173008	4.495435	4.721765
11.299974	4.633534	4.801782
11.426940	4.677562	4.819864
11.553906	4.597097	4.735532
11.680872	4.374808	4.520035
11.807838	4.015771	4.170291
11.934804	3.541069	3.701739
12.061770	2.986202	3.146262
12.188736	2.397378	2.547718
12.315702	1.827582	1.958696
12.442668	1.326978	1.430647
12.569634	0.936774	1.006537
12.696600	0.688143	0.719242
12.823566	0.601868	0.591717
12.950532	0.685892	0.634516
13.077498	0.934034	0.844110
13.204464	1.327046	1.203314
13.331430	1.835114	1.684135
13.458396	2.418533	2.248641
13.585362	3.028361	2.849204
13.712328	3.611493	3.432381
13.839294	4.120303	3.949208
13.966260	4.518241	4.361378
14.093226	4.783356	4.644883
14.220192	4.912103	4.792910
14.347158	4.922931	4.821035
14.474124	4.853702	4.767180
14.601090	4.743450	4.669684
14.728056	4.621916	4.558259
14.855022	4.504384	4.448674
14.981988	4.399996	4.350374
15.108954	4.315529	4.270491
15.235920	4.255991	4.214292
15.362886	4.224573	4.185290
15.489852	4.222772	4.185290
15.616818	4.250245	4.214292
15.743784	4.304988	4.270492
15.870750	4.383234	4.350375
15.997716	4.479593	4.448674
16.124682	4.586742	4.558261
16.251648	4.695125	4.669686
16.378614	4.788733	4.767181
16.505580	4.837981	4.821036
16.632546	4.804551	4.792911
16.759512	4.650757	4.644885
16.886478	4.362186	4.361380
17.013444	3.946434	3.949211
17.140410	3.428152	3.432384
17.267376	2.846109	2.849209
17.394342	2.249617	2.248647
17.521308	1.692002	1.684141
17.648274	1.220404	1.203321
17.775240	0.872196	0.844118
17.902206	0.674835	0.634523
18.029172	0.644782	0.591726
18.156138	0.784769	0.719252
18.283104	1.083478	1.006548
18.410070	1.517370	1.430658
18.537036	2.053050	1.958708
18.664002	2.647017	2.547731
18.790968	3.247558	3.146277
18.917934	3.802297	3.701754
19.044900	4.267821	4.170306
19.171866	4.612816	4.520052
19.298832	4.822486	4.735551
19.425798	4.901006	4.819882
19.552764	4.877755	4.801801
19.679730	4.793104	4.721784
19.806696	4.681967	4.614431
19.933662	4.567185	4.502658
20.060628	4.459789	4.397590
20.187594	4.368283	4.307838
20.314560	4.298398	4.239153
20.441526	4.254831	4.196308
