  0.997920340576727      -1.038195068821219E-005 -1.038195068750248E-005
  4.440907068555347E-016 -2.076390136841294E-005 -1.038195068821219E-005
  0.995915274283906      -1.349195929394063E-005 -1.798206606502109E-005
  1.349195929414341E-005 -1.038195068750248E-005 -1.349195929394063E-005
  0.995915274283902       1.798206607068738E-005  1.349195929482515E-005
  4.440907068555347E-016 -1.798206606502109E-005  1.798206607068738E-005
  0.997920340576725      -5.191487819706661E-015 -2.076390136841294E-005
  1.349195929414341E-005  1.349195929482515E-005 -5.191487819706661E-015
  0.995915274283902       0.997920338872816      -1.038183218989459E-005
 -1.038183218918487E-005  4.024573434199235E-016 -2.076366437177774E-005
 -1.038183218989459E-005  0.995915270820668      -1.349037492758361E-005
 -1.798186081991438E-005  1.349037492778638E-005 -1.038183218918487E-005
 -1.349037492758361E-005  0.995915270820664       1.798186082558067E-005
  1.349037492846812E-005  4.024573434199235E-016 -1.798186081991438E-005
  1.798186082558067E-005  0.997920338872814      -5.191487927243410E-015
 -2.076366437177774E-005  1.349037492778638E-005  1.349037492846812E-005
 -5.191487927243410E-015  0.995915270820664       0.997923455423163     
 -5.042939409823146E-006 -7.281999911866958E-006  4.106188297464665E-006
  2.015220991607349E-006 -5.042939409823146E-006  0.995905706992066     
 -9.123701234059953E-006  5.238519189116857E-006  4.744466401086822E-006
 -7.281999911866958E-006 -9.123701234059953E-006  0.995932797867117     
  1.261279382632411E-005  9.123701234944490E-006  4.106188297464665E-006
  5.238519189116857E-006  1.261279382632411E-005  0.997918714005324     
 -6.986573234083878E-006  2.015220991607349E-006  4.744466401086822E-006
  9.123701234944490E-006 -6.986573234083878E-006  0.995905706992062     
  0.997923457215678      -5.043008129969744E-006 -7.279544820544896E-006
  4.106637673494109E-006  2.014489779025127E-006 -5.043008129969744E-006
  0.995905710152251      -9.123474933121240E-006  5.237714533149632E-006
  4.742666989718674E-006 -7.279544820544896E-006 -9.123474933121240E-006
  0.995932801553399       1.260854148341708E-005  9.123474934005772E-006
  4.106637673494109E-006  5.237714533149632E-006  1.260854148341708E-005
  0.997918715278943      -6.986230419492973E-006  2.014489779025127E-006
  4.742666989718674E-006  9.123474934005772E-006 -6.986230419492973E-006
  0.995905710152247       0.997923455423163      -7.281999912576710E-006
 -5.042939409113435E-006 -4.106188296590373E-006  2.015220991607358E-006
 -7.281999912576710E-006  0.995932797867121      -9.123701234059997E-006
 -1.261279382065771E-005  9.123701234262757E-006 -5.042939409113435E-006
 -9.123701234059997E-006  0.995905706992063      -5.238519183450475E-006
  4.744466401768645E-006 -4.106188296590373E-006 -1.261279382065771E-005
 -5.238519183450475E-006  0.997918714005324       6.986573223700941E-006
  2.015220991607358E-006  9.123701234262757E-006  4.744466401768645E-006
  6.986573223700941E-006  0.995905706992063       0.997923457215678     
 -7.279544821254651E-006 -5.043008129260034E-006 -4.106637672647572E-006
  2.014489779025136E-006 -7.279544821254651E-006  0.995932801553403     
 -9.123474933121280E-006 -1.260854147775068E-005  9.123474933324040E-006
 -5.043008129260034E-006 -9.123474933121280E-006  0.995905710152247     
 -5.237714527483251E-006  4.742666990400497E-006 -4.106637672647572E-006
 -1.260854147775068E-005 -5.237714527483251E-006  0.997918715278943     
  6.986230409110035E-006  2.014489779025136E-006  9.123474933324040E-006
  4.742666990400497E-006  6.986230409110035E-006  0.995905710152247     
  0.997916343296407       7.058160393419117E-006  7.058160394128746E-006
  4.440978119278563E-016 -1.456399981714179E-005  7.058160393419117E-006
  0.995905706992067      -4.744466400884096E-006 -1.748054039775593E-006
  9.123701234262699E-006  7.058160394128746E-006 -4.744466400884096E-006
  0.995905706992063       1.748054045441915E-006  9.123701234944559E-006
  4.440978119278563E-016 -1.748054039775593E-006  1.748054045441915E-006
  0.997925826132080      -5.191567037425961E-015 -1.456399981714179E-005
  9.123701234262699E-006  9.123701234944559E-006 -5.191567037425961E-015
  0.995932797867117       0.997916344310580       7.057497900983494E-006
  7.057497901693122E-006  4.163422358896871E-016 -1.455908963449767E-005
  7.057497900983494E-006  0.995905710152251      -4.742666989515947E-006
 -1.748515881151911E-006  9.123474933323980E-006  7.057497901693122E-006
 -4.742666989515947E-006  0.995905710152247       1.748515886818233E-006
  9.123474934005842E-006  4.163422358896871E-016 -1.748515881151911E-006
  1.748515886818233E-006  0.997925828184042      -5.191567249820334E-015
 -1.455908963449767E-005  9.123474933323980E-006  9.123474934005842E-006
 -5.191567249820334E-015  0.995932801553398       0.000000000000000E+000
  0.000000000000000E+000  0.000000000000000E+000  0.000000000000000E+000
  0.000000000000000E+000  0.000000000000000E+000  0.000000000000000E+000
  0.000000000000000E+000  0.000000000000000E+000  0.000000000000000E+000
  0.000000000000000E+000  0.000000000000000E+000  0.000000000000000E+000
  0.000000000000000E+000  0.000000000000000E+000  0.000000000000000E+000
  0.000000000000000E+000  0.000000000000000E+000  0.000000000000000E+000
  0.000000000000000E+000  0.000000000000000E+000  0.000000000000000E+000
  0.000000000000000E+000  0.000000000000000E+000  0.000000000000000E+000
  0.000000000000000E+000  0.000000000000000E+000  0.000000000000000E+000
  0.000000000000000E+000  0.000000000000000E+000  0.000000000000000E+000
  0.000000000000000E+000  0.000000000000000E+000  0.000000000000000E+000
  0.000000000000000E+000  0.000000000000000E+000  0.000000000000000E+000
  0.000000000000000E+000  0.000000000000000E+000  0.000000000000000E+000
  0.000000000000000E+000  0.000000000000000E+000  0.000000000000000E+000
  0.000000000000000E+000  0.000000000000000E+000  0.000000000000000E+000
  0.000000000000000E+000  0.000000000000000E+000  0.000000000000000E+000
  0.000000000000000E+000  0.000000000000000E+000  0.000000000000000E+000
  0.000000000000000E+000  0.000000000000000E+000  0.000000000000000E+000
  0.000000000000000E+000  0.000000000000000E+000  0.000000000000000E+000
  0.000000000000000E+000  0.000000000000000E+000  0.000000000000000E+000
  0.000000000000000E+000  0.000000000000000E+000  0.000000000000000E+000
  0.000000000000000E+000  0.000000000000000E+000  0.000000000000000E+000
  0.000000000000000E+000  0.000000000000000E+000  0.000000000000000E+000
  0.000000000000000E+000  0.000000000000000E+000  0.000000000000000E+000
  0.000000000000000E+000  0.000000000000000E+000  0.000000000000000E+000
  0.000000000000000E+000  0.000000000000000E+000  0.000000000000000E+000
  0.000000000000000E+000  0.000000000000000E+000  0.000000000000000E+000
  0.000000000000000E+000  0.000000000000000E+000  0.000000000000000E+000
  0.000000000000000E+000  0.000000000000000E+000  0.000000000000000E+000
  0.000000000000000E+000  0.000000000000000E+000  0.000000000000000E+000
  0.000000000000000E+000  0.000000000000000E+000  0.000000000000000E+000
  0.000000000000000E+000  0.000000000000000E+000  0.000000000000000E+000
  0.000000000000000E+000  0.000000000000000E+000  0.000000000000000E+000
  0.000000000000000E+000  0.000000000000000E+000  0.000000000000000E+000
  0.000000000000000E+000  0.000000000000000E+000  0.000000000000000E+000
  0.000000000000000E+000  0.000000000000000E+000  0.000000000000000E+000
  0.000000000000000E+000  0.000000000000000E+000  0.000000000000000E+000
  0.000000000000000E+000  0.000000000000000E+000  0.000000000000000E+000
  0.000000000000000E+000  0.000000000000000E+000  0.000000000000000E+000
  0.000000000000000E+000  0.000000000000000E+000  0.000000000000000E+000
  0.000000000000000E+000  0.000000000000000E+000  0.000000000000000E+000
  0.000000000000000E+000  0.000000000000000E+000  0.000000000000000E+000
  0.000000000000000E+000  0.000000000000000E+000  0.000000000000000E+000
  0.000000000000000E+000  0.000000000000000E+000  0.000000000000000E+000
  0.000000000000000E+000  0.000000000000000E+000  0.000000000000000E+000
  0.000000000000000E+000  0.000000000000000E+000  0.000000000000000E+000
  0.000000000000000E+000  0.000000000000000E+000  0.000000000000000E+000
  0.000000000000000E+000  0.000000000000000E+000  0.000000000000000E+000
  0.000000000000000E+000  0.000000000000000E+000  0.000000000000000E+000
  0.000000000000000E+000  0.000000000000000E+000  0.000000000000000E+000
  0.000000000000000E+000  0.000000000000000E+000  0.000000000000000E+000
  0.000000000000000E+000  0.000000000000000E+000  0.000000000000000E+000
  0.000000000000000E+000  0.000000000000000E+000  0.000000000000000E+000
  0.000000000000000E+000  0.000000000000000E+000  0.000000000000000E+000
  0.000000000000000E+000  0.000000000000000E+000  0.000000000000000E+000
  0.000000000000000E+000  0.000000000000000E+000  0.000000000000000E+000
  0.000000000000000E+000  0.000000000000000E+000  0.000000000000000E+000
  0.000000000000000E+000  0.000000000000000E+000  0.000000000000000E+000
  0.000000000000000E+000  0.000000000000000E+000  0.000000000000000E+000
  0.000000000000000E+000  0.000000000000000E+000  0.000000000000000E+000
  0.000000000000000E+000  0.000000000000000E+000  0.000000000000000E+000
  0.000000000000000E+000  0.000000000000000E+000  0.000000000000000E+000
  0.000000000000000E+000  0.000000000000000E+000  0.000000000000000E+000
  0.000000000000000E+000  0.000000000000000E+000  0.000000000000000E+000
  0.000000000000000E+000  0.000000000000000E+000  0.000000000000000E+000
  0.000000000000000E+000  0.000000000000000E+000  0.000000000000000E+000
  0.000000000000000E+000  0.997891030062741      -1.492112023411519E-004
 -1.492112023404414E-004  4.022693937341463E-016  6.450798940721856E-005
 -1.492112023411519E-004  0.995715784102704      -2.043663415512508E-004
 -2.054701556514389E-005  4.784257360560942E-005 -1.492112023404414E-004
 -2.043663415512508E-004  0.995715784102700       2.054701557080768E-005
  4.784257360629112E-005  4.022693937341463E-016 -2.054701556514389E-005
  2.054701557080768E-005  0.997937447811883      -5.191592814598775E-015
  6.450798940721856E-005  4.784257360560942E-005  4.784257360629112E-005
 -5.191592814598775E-015  0.995986812243740       0.997891030441936     
 -1.492103030311703E-004 -1.492103030304598E-004  4.369638633642112E-016
  6.450779803274164E-005 -1.492103030311703E-004  0.995715784692566     
 -2.043674596643652E-004 -2.054580960444026E-005  4.784149260037509E-005
 -1.492103030304598E-004 -2.043674596643652E-004  0.995715784692562     
  2.054580961010405E-005  4.784149260105681E-005  4.369638633642112E-016
 -2.054580960444026E-005  2.054580961010405E-005  0.997937449110949     
 -5.191591545428221E-015  6.450779803274164E-005  4.784149260037509E-005
  4.784149260105681E-005 -5.191591545428221E-015  0.995986813644670     
  0.997881619794650       1.093536330382082E-004 -1.273639697685043E-004
  1.486129628254652E-006 -3.850928126024736E-005  1.093536330382082E-004
  0.995716002374903       1.946562800237369E-004  5.778291176409299E-006
  4.659888426460024E-005 -1.273639697685043E-004  1.946562800237369E-004
  0.995744700184483       1.608344355573824E-005 -2.188681706270217E-005
  1.486129628254652E-006  5.778291176409299E-006  1.608344355573824E-005
  0.997956554325077       8.612154344053571E-006 -3.850928126024736E-005
  4.659888426460024E-005 -2.188681706270217E-005  8.612154344053571E-006
  0.996021638852101       0.997881620677358       1.093541042272880E-004
 -1.273648929942083E-004  1.486241377711563E-006 -3.850911693893078E-005
  1.093541042272880E-004  0.995716004369790       1.946570074154588E-004
  5.778955916801849E-006  4.659848978745094E-005 -1.273648929942083E-004
  1.946570074154588E-004  0.995744701451208       1.608427236767343E-005
 -2.188630244266699E-005  1.486241377711563E-006  5.778955916801849E-006
  1.608427236767343E-005  0.997956556039254       8.612075378460623E-006
 -3.850911693893078E-005  4.659848978745094E-005 -2.188630244266699E-005
  8.612075378460623E-006  0.996021641597024       0.997881619794650     
 -1.273639697692136E-004  1.093536330389174E-004 -1.486129627415063E-006
 -3.850928126024760E-005 -1.273639697692136E-004  0.995744700184487     
  1.946562800237369E-004 -1.608344355007150E-005 -2.188681706338467E-005
  1.093536330389174E-004  1.946562800237369E-004  0.995716002374899     
 -5.778291170743193E-006  4.659888426528287E-005 -1.486129627415063E-006
 -1.608344355007150E-005 -5.778291170743193E-006  0.997956554325077     
 -8.612154354437433E-006 -3.850928126024760E-005 -2.188681706338467E-005
  4.659888426528287E-005 -8.612154354437433E-006  0.996021638852101     
  0.997881620677359      -1.273648929949177E-004  1.093541042279972E-004
 -1.486241376865035E-006 -3.850911693893102E-005 -1.273648929949177E-004
  0.995744701451212       1.946570074154588E-004 -1.608427236200670E-005
 -2.188630244334949E-005  1.093541042279972E-004  1.946570074154588E-004
  0.995716004369786      -5.778955911135742E-006  4.659848978813356E-005
 -1.486241376865035E-006 -1.608427236200670E-005 -5.778955911135742E-006
  0.997956556039254      -8.612075388844488E-006 -3.850911693893102E-005
 -2.188630244334949E-005  4.659848978813356E-005 -8.612075388844488E-006
  0.996021641597024       0.997947697742403      -3.489325914156730E-005
 -3.489325914085753E-005  4.232860486773515E-016 -3.772421624550929E-005
 -3.489325914156730E-005  0.995823104445182      -8.463153507953200E-005
 -5.094773024506171E-005  8.943731068929313E-005 -3.489325914085753E-005
 -8.463153507953200E-005  0.995823104445178       5.094773025072646E-005
  8.943731068997461E-005  4.232860486773515E-016 -5.094773024506171E-005
  5.094773025072646E-005  0.997919586060814      -5.191297127226423E-015
 -3.772421624550929E-005  8.943731068929313E-005  8.943731068997461E-005
 -5.191297127226423E-015  0.995965326753277       0.997947694356959     
 -3.489275454107267E-005 -3.489275454036289E-005  4.302249426409485E-016
 -3.772419725910989E-005 -3.489275454107267E-005  0.995823097659520     
 -8.463098126926998E-005 -5.094681662623577E-005  8.943783335208432E-005
 -3.489275454036289E-005 -8.463098126926998E-005  0.995823097659516     
  5.094681663190053E-005  8.943783335276580E-005  4.302249426409485E-016
 -5.094681662623577E-005  5.094681663190053E-005  0.997919582437945     
 -5.191297973168170E-015 -3.772419725910989E-005  8.943783335208432E-005
  8.943783335276580E-005 -5.191297973168170E-015  0.995965320816880     
  0.000000000000000E+000  0.000000000000000E+000  0.000000000000000E+000
  0.000000000000000E+000  0.000000000000000E+000  0.000000000000000E+000
  0.000000000000000E+000  0.000000000000000E+000  0.000000000000000E+000
  0.000000000000000E+000  0.000000000000000E+000  0.000000000000000E+000
  0.000000000000000E+000  0.000000000000000E+000  0.000000000000000E+000
  0.000000000000000E+000  0.000000000000000E+000  0.000000000000000E+000
  0.000000000000000E+000  0.000000000000000E+000  0.000000000000000E+000
  0.000000000000000E+000  0.000000000000000E+000  0.000000000000000E+000
  0.000000000000000E+000  0.000000000000000E+000  0.000000000000000E+000
  0.000000000000000E+000  0.000000000000000E+000  0.000000000000000E+000
  0.000000000000000E+000  0.000000000000000E+000  0.000000000000000E+000
  0.000000000000000E+000  0.000000000000000E+000  0.000000000000000E+000
  0.000000000000000E+000  0.000000000000000E+000  0.000000000000000E+000
  0.000000000000000E+000  0.000000000000000E+000  0.000000000000000E+000
  0.000000000000000E+000  0.000000000000000E+000  0.000000000000000E+000
  0.000000000000000E+000  0.000000000000000E+000  0.000000000000000E+000
  0.000000000000000E+000  0.000000000000000E+000  0.000000000000000E+000
  0.000000000000000E+000  0.000000000000000E+000  0.000000000000000E+000
  0.000000000000000E+000  0.000000000000000E+000  0.000000000000000E+000
  0.000000000000000E+000  0.000000000000000E+000  0.000000000000000E+000
  0.000000000000000E+000  0.000000000000000E+000  0.000000000000000E+000
  0.000000000000000E+000  0.000000000000000E+000  0.000000000000000E+000
  0.000000000000000E+000  0.000000000000000E+000  0.000000000000000E+000
  0.000000000000000E+000  0.000000000000000E+000  0.000000000000000E+000
  0.000000000000000E+000  0.000000000000000E+000  0.000000000000000E+000
  0.000000000000000E+000  0.000000000000000E+000  0.000000000000000E+000
  0.000000000000000E+000  0.000000000000000E+000  0.000000000000000E+000
  0.000000000000000E+000  0.000000000000000E+000  0.000000000000000E+000
  0.000000000000000E+000  0.000000000000000E+000  0.000000000000000E+000
  0.000000000000000E+000  0.000000000000000E+000  0.000000000000000E+000
  0.000000000000000E+000  0.000000000000000E+000  0.000000000000000E+000
  0.000000000000000E+000  0.000000000000000E+000  0.000000000000000E+000
  0.000000000000000E+000  0.000000000000000E+000  0.000000000000000E+000
  0.000000000000000E+000  0.000000000000000E+000  0.000000000000000E+000
  0.000000000000000E+000  0.000000000000000E+000  0.000000000000000E+000
  0.000000000000000E+000  0.000000000000000E+000  0.000000000000000E+000
  0.000000000000000E+000  0.000000000000000E+000  0.000000000000000E+000
  0.000000000000000E+000  0.000000000000000E+000  0.000000000000000E+000
  0.000000000000000E+000  0.000000000000000E+000  0.000000000000000E+000
  0.000000000000000E+000  0.000000000000000E+000  0.000000000000000E+000
  0.000000000000000E+000  0.000000000000000E+000  0.000000000000000E+000
  0.000000000000000E+000  0.000000000000000E+000  0.000000000000000E+000
  0.000000000000000E+000  0.000000000000000E+000  0.000000000000000E+000
  0.000000000000000E+000  0.000000000000000E+000  0.000000000000000E+000
  0.000000000000000E+000  0.000000000000000E+000  0.000000000000000E+000
  0.000000000000000E+000  0.000000000000000E+000  0.000000000000000E+000
  0.000000000000000E+000  0.000000000000000E+000  0.000000000000000E+000
  0.000000000000000E+000  0.000000000000000E+000  0.000000000000000E+000
  0.000000000000000E+000  0.000000000000000E+000  0.000000000000000E+000
  0.000000000000000E+000  0.000000000000000E+000  0.000000000000000E+000
  0.000000000000000E+000  0.000000000000000E+000  0.000000000000000E+000
  0.000000000000000E+000  0.000000000000000E+000  0.000000000000000E+000
  0.000000000000000E+000  0.000000000000000E+000  0.000000000000000E+000
  0.000000000000000E+000  0.000000000000000E+000  0.000000000000000E+000
  0.000000000000000E+000  0.000000000000000E+000  0.000000000000000E+000
  0.000000000000000E+000  0.000000000000000E+000  0.000000000000000E+000
  0.000000000000000E+000  0.000000000000000E+000  0.000000000000000E+000
  0.000000000000000E+000  0.000000000000000E+000  0.000000000000000E+000
  0.000000000000000E+000  0.000000000000000E+000  0.000000000000000E+000
  0.000000000000000E+000  0.000000000000000E+000  0.000000000000000E+000
  0.000000000000000E+000  0.000000000000000E+000  0.000000000000000E+000
  0.000000000000000E+000  0.000000000000000E+000  0.000000000000000E+000
  0.000000000000000E+000  0.000000000000000E+000  0.000000000000000E+000
  0.000000000000000E+000  0.000000000000000E+000  0.000000000000000E+000
  0.000000000000000E+000  0.000000000000000E+000  0.000000000000000E+000
  0.000000000000000E+000  0.000000000000000E+000  0.000000000000000E+000
  0.000000000000000E+000  0.000000000000000E+000  0.997925843374599     
  3.225399469960376E-005  5.681136371243895E-005 -2.009947497254999E-005
 -9.239983862141338E-005  3.225399469960376E-005  0.995986812243744     
 -4.784257360540715E-005  5.586555757540814E-005  4.784257360560988E-005
  5.681136371243895E-005 -4.784257360540715E-005  0.995715784102700     
  1.394941995405755E-004  2.043663415521346E-004 -2.009947497254999E-005
  5.586555757540814E-005  1.394941995405755E-004  0.997902634500025     
 -1.189471839749583E-004 -9.239983862141338E-005  4.784257360560988E-005
  2.043663415521346E-004 -1.189471839749583E-004  0.995715784102700     
  0.997925844443697       3.225389901236529E-005  5.681195845005345E-005
 -2.009987328822905E-005 -9.239834457381727E-005  3.225389901236529E-005
  0.995986813644674      -4.784149260017284E-005  5.586539184024948E-005
  4.784149260037555E-005  5.681195845005345E-005 -4.784149260017284E-005
  0.995715784692562       1.394928177349338E-004  2.043674596652491E-004
 -2.009987328822905E-005  5.586539184024948E-005  1.394928177349338E-004
  0.997902635109188      -1.189470081300202E-004 -9.239834457381727E-005
  4.784149260037555E-005  2.043674596652491E-004 -1.189470081300202E-004
  0.995715784692562       0.997939107718483      -1.179629618637069E-005
  4.975331418314163E-005 -3.170453867162164E-005  5.968096346886954E-005
 -1.179629618637069E-005  0.996021638852105       2.188681706358704E-005
 -3.765609302577792E-005  4.659888426460069E-005  4.975331418314163E-005
  2.188681706358704E-005  0.995744700184483       1.183421551233563E-004
 -1.946562800228523E-004 -3.170453867162164E-005 -3.765609302577792E-005
  1.183421551233563E-004  0.997899066401244       9.181387861813178E-005
  5.968096346886954E-005  4.659888426460069E-005 -1.946562800228523E-004
  9.181387861813178E-005  0.995716002374899       0.997939109321570     
 -1.179628241192192E-005  4.975305802380282E-005 -3.170484283331053E-005
  5.968177474547630E-005 -1.179628241192192E-005  0.996021641597028     
  2.188630244355187E-005 -3.765591123654690E-005  4.659848978745138E-005
  4.975305802380282E-005  2.188630244355187E-005  0.995744701451208     
  1.183433690662371E-004 -1.946570074145743E-004 -3.170484283331053E-005
 -3.765591123654690E-005  1.183433690662371E-004  0.997899067395042     
  9.181395430964855E-005  5.968177474547630E-005  4.659848978745138E-005
 -1.946570074145743E-004  9.181395430964855E-005  0.995716004369786     
  0.997926613981213      -1.886210812676009E-005 -2.667539909336539E-005
  1.217271519936975E-005 -6.156865822763251E-005 -1.886210812676009E-005
  0.995965326753281      -8.943731068909041E-005 -3.267012960476967E-005
  8.943731068929332E-005 -2.667539909336539E-005 -8.943731068909041E-005
  0.995823104445178       5.569231396130876E-005  8.463153508041617E-005
  1.217271519936975E-005 -3.267012960476967E-005  5.569231396130876E-005
  0.997940669822004      -4.744583715773080E-006 -6.156865822763251E-005
  8.943731068929332E-005  8.463153508041617E-005 -4.744583715773080E-006
  0.995823104445178       0.997926610417700      -1.886209863356040E-005
 -2.667486017650006E-005  1.217281800693776E-005 -6.156761471027254E-005
 -1.886209863356040E-005  0.995965320816884      -8.943783335188161E-005
 -3.267011316206548E-005  8.943783335208451E-005 -2.667486017650006E-005
 -8.943783335188161E-005  0.995823097659516       5.569142015504867E-005
  8.463098127015416E-005  1.217281800693776E-005 -3.267011316206548E-005
  5.569142015504867E-005  0.997940666377203      -4.744603528338930E-006
 -6.156761471027254E-005  8.943783335208451E-005  8.463098127015416E-005
 -4.744603528338930E-006  0.995823097659516       0.997936533666461     
 -2.671298508188914E-005 -4.967266957664000E-005 -3.319066829943903E-005
 -7.761065557877006E-005 -2.671298508188914E-005  0.996021638852105     
 -4.659888426439808E-005 -2.904393867653242E-005 -2.188681706338431E-005
 -4.967266957664000E-005 -4.659888426439808E-005  0.995716002374899     
 -9.759216979406604E-005 -1.946562800228519E-004 -3.319066829943903E-005
 -2.904393867653242E-005 -9.759216979406604E-005  0.997901640453266     
 -1.022587115728092E-004 -7.761065557877006E-005 -2.188681706338431E-005
 -1.946562800228519E-004 -1.022587115728092E-004  0.995744700184483     
  0.997936535075993      -2.671283453502132E-005 -4.967232948911300E-005
 -3.319108421061259E-005 -7.761183496381293E-005 -2.671283453502132E-005
  0.996021641597028      -4.659848978724877E-005 -2.904383585289434E-005
 -2.188630244334913E-005 -4.967232948911300E-005 -4.659848978724877E-005
  0.995716004369786      -9.759291022597539E-005 -1.946570074145739E-004
 -3.319108421061259E-005 -2.904383585289434E-005 -9.759291022597539E-005
  0.997901641640619      -1.022590967037548E-004 -7.761183496381293E-005
 -2.188630244334913E-005 -1.946570074145739E-004 -1.022590967037548E-004
  0.995744701451208       0.000000000000000E+000  0.000000000000000E+000
  0.000000000000000E+000  0.000000000000000E+000  0.000000000000000E+000
  0.000000000000000E+000  0.000000000000000E+000  0.000000000000000E+000
  0.000000000000000E+000  0.000000000000000E+000  0.000000000000000E+000
  0.000000000000000E+000  0.000000000000000E+000  0.000000000000000E+000
  0.000000000000000E+000  0.000000000000000E+000  0.000000000000000E+000
  0.000000000000000E+000  0.000000000000000E+000  0.000000000000000E+000
  0.000000000000000E+000  0.000000000000000E+000  0.000000000000000E+000
  0.000000000000000E+000  0.000000000000000E+000  0.000000000000000E+000
  0.000000000000000E+000  0.000000000000000E+000  0.000000000000000E+000
  0.000000000000000E+000  0.000000000000000E+000  0.000000000000000E+000
  0.000000000000000E+000  0.000000000000000E+000  0.000000000000000E+000
  0.000000000000000E+000  0.000000000000000E+000  0.000000000000000E+000
  0.000000000000000E+000  0.000000000000000E+000  0.000000000000000E+000
  0.000000000000000E+000  0.000000000000000E+000  0.000000000000000E+000
  0.000000000000000E+000  0.000000000000000E+000  0.000000000000000E+000
  0.000000000000000E+000  0.000000000000000E+000  0.000000000000000E+000
  0.000000000000000E+000  0.000000000000000E+000  0.000000000000000E+000
  0.000000000000000E+000  0.000000000000000E+000  0.000000000000000E+000
  0.000000000000000E+000  0.000000000000000E+000  0.000000000000000E+000
  0.000000000000000E+000  0.000000000000000E+000  0.000000000000000E+000
  0.000000000000000E+000  0.000000000000000E+000  0.000000000000000E+000
  0.000000000000000E+000  0.000000000000000E+000  0.000000000000000E+000
  0.000000000000000E+000  0.000000000000000E+000  0.000000000000000E+000
  0.000000000000000E+000  0.000000000000000E+000  0.000000000000000E+000
  0.000000000000000E+000  0.000000000000000E+000  0.000000000000000E+000
  0.000000000000000E+000  0.000000000000000E+000  0.000000000000000E+000
  0.000000000000000E+000  0.000000000000000E+000  0.000000000000000E+000
  0.000000000000000E+000  0.000000000000000E+000  0.000000000000000E+000
  0.000000000000000E+000  0.000000000000000E+000  0.000000000000000E+000
  0.000000000000000E+000  0.000000000000000E+000  0.000000000000000E+000
  0.000000000000000E+000  0.000000000000000E+000  0.000000000000000E+000
  0.000000000000000E+000  0.000000000000000E+000  0.000000000000000E+000
  0.000000000000000E+000  0.000000000000000E+000  0.000000000000000E+000
  0.000000000000000E+000  0.000000000000000E+000  0.000000000000000E+000
  0.000000000000000E+000  0.000000000000000E+000  0.000000000000000E+000
  0.000000000000000E+000  0.000000000000000E+000  0.000000000000000E+000
  0.000000000000000E+000  0.000000000000000E+000  0.000000000000000E+000
  0.000000000000000E+000  0.000000000000000E+000  0.000000000000000E+000
  0.000000000000000E+000  0.000000000000000E+000  0.000000000000000E+000
  0.000000000000000E+000  0.000000000000000E+000  0.000000000000000E+000
  0.000000000000000E+000  0.000000000000000E+000  0.000000000000000E+000
  0.000000000000000E+000  0.000000000000000E+000  0.000000000000000E+000
  0.000000000000000E+000  0.000000000000000E+000  0.000000000000000E+000
  0.000000000000000E+000  0.000000000000000E+000  0.000000000000000E+000
  0.000000000000000E+000  0.000000000000000E+000  0.000000000000000E+000
  0.000000000000000E+000  0.000000000000000E+000  0.000000000000000E+000
  0.000000000000000E+000  0.000000000000000E+000  0.000000000000000E+000
  0.000000000000000E+000  0.000000000000000E+000  0.000000000000000E+000
  0.000000000000000E+000  0.000000000000000E+000  0.000000000000000E+000
  0.000000000000000E+000  0.000000000000000E+000  0.000000000000000E+000
  0.000000000000000E+000  0.000000000000000E+000  0.000000000000000E+000
  0.000000000000000E+000  0.000000000000000E+000  0.000000000000000E+000
  0.000000000000000E+000  0.000000000000000E+000  0.000000000000000E+000
  0.000000000000000E+000  0.000000000000000E+000  0.000000000000000E+000
  0.000000000000000E+000  0.000000000000000E+000  0.000000000000000E+000
  0.000000000000000E+000  0.000000000000000E+000  0.000000000000000E+000
  0.000000000000000E+000  0.000000000000000E+000  0.000000000000000E+000
  0.000000000000000E+000  0.000000000000000E+000  0.000000000000000E+000
  0.000000000000000E+000  0.000000000000000E+000  0.000000000000000E+000
  0.000000000000000E+000  0.000000000000000E+000  0.000000000000000E+000
  0.000000000000000E+000  0.000000000000000E+000  0.000000000000000E+000
  0.000000000000000E+000  0.000000000000000E+000  0.000000000000000E+000
  0.000000000000000E+000  0.000000000000000E+000  0.000000000000000E+000
  0.000000000000000E+000  0.000000000000000E+000  0.000000000000000E+000
  0.000000000000000E+000  0.000000000000000E+000  0.000000000000000E+000
  0.000000000000000E+000  0.000000000000000E+000  0.000000000000000E+000
  0.997915505718980       9.036773848817650E-006 -5.700523604710341E-005
 -4.314363583536558E-006 -2.279097883910322E-005  9.036773848817650E-006
  0.995947416148840       5.937490772591419E-005 -3.153413935053701E-005
  9.049457431589994E-005 -5.700523604710341E-005  5.937490772591419E-005
  0.995946305329184       9.873596512929825E-005 -5.937490772502947E-005
 -4.314363583536558E-006 -3.153413935053701E-005  9.873596512929825E-005
  0.997920487516931       2.359314539572656E-005 -2.279097883910322E-005
  9.049457431589994E-005 -5.937490772502947E-005  2.359314539572656E-005
  0.995947416148836       0.997915503236759       9.036566349306675E-006
 -5.700412895106365E-005 -4.314735770706531E-006 -2.279141218211815E-005
  9.036566349306675E-006  0.995947413649493       5.937540836106733E-005
 -3.153451993205115E-005  9.049310401322082E-005 -5.700412895106365E-005
  5.937540836106733E-005  0.995946301227577       9.873404758270853E-005
 -5.937540836018261E-005 -4.314735770706531E-006 -3.153451993205115E-005
  9.873404758270853E-005  0.997920485464475       2.359315598663585E-005
 -2.279141218211815E-005  9.049310401322082E-005 -5.937540836018261E-005
  2.359315598663585E-005  0.995947413649489       0.997900219962737     
  4.228947235645975E-006 -6.552339457125679E-005  1.604174147962902E-005
  4.513628132317879E-005  4.228947235645975E-006  0.995953559827676     
 -4.427521650015892E-005  4.967730451880952E-005  1.049535844820024E-004
 -6.552339457125679E-005 -4.427521650015892E-005  0.995918240870510     
  1.134898484800580E-004  4.427521650104320E-005  1.604174147962902E-005
  4.967730451880952E-005  1.134898484800580E-004  0.997881696555212     
 -2.117627652294408E-005  4.513628132317879E-005  1.049535844820024E-004
  4.427521650104320E-005 -2.117627652294408E-005  0.995953559827672     
  0.997900219546853       4.228576123716340E-006 -6.552389421892569E-005
  1.604155628621286E-005  4.513566288213494E-005  4.228576123716340E-006
  0.995953559471126      -4.427610518311471E-005  4.967680466617570E-005
  1.049529615838645E-004 -6.552389421892569E-005 -4.427610518311471E-005
  0.995918239640893       1.134907138952064E-004  4.427610518399898E-005
  1.604155628621286E-005  4.967680466617570E-005  1.134907138952064E-004
  0.997881696353172      -2.117634798898588E-005  4.513566288213494E-005
  1.049529615838645E-004  4.427610518399898E-005 -2.117634798898588E-005
  0.995953559471122       0.997880364136613       6.842459465264771E-005
  6.434794230570739E-005  4.909492387231155E-005  1.377998915107873E-004
  6.842459465264771E-005  0.995928906818202       9.485799562400101E-005
  7.449354545410557E-005  5.564879053969242E-005  6.434794230570739E-005
  9.485799562400101E-005  0.995931035507689       3.010863591899025E-005
 -4.824001118948256E-005  4.909492387231155E-005  7.449354545410557E-005
  3.010863591899025E-005  0.997927680035759       3.345152069052333E-005
  1.377998915107873E-004  5.564879053969242E-005 -4.824001118948256E-005
  3.345152069052333E-005  0.995974643166974       0.997880361328164     
  6.842403261128462E-005  6.434844750232121E-005  4.909516654703908E-005
  1.377996866495722E-004  6.842403261128462E-005  0.995928902993273     
  9.485873297134751E-005  7.449285625905375E-005  5.564975180530497E-005
  6.434844750232121E-005  9.485873297134751E-005  0.995931031188415     
  3.010807136736725E-005 -4.823951651472373E-005  4.909516654703908E-005
  7.449285625905375E-005  3.010807136736725E-005  0.997927677264639     
  3.345169269803084E-005  1.377996866495722E-004  5.564975180530497E-005
 -4.823951651472373E-005  3.345169269803084E-005  0.995974638535675     
  0.997958368512244       9.786981246909789E-005 -5.824881473350420E-005
  4.059076603453486E-006  9.872560010808161E-005  9.786981246909789E-005
  0.995974643166978       4.824001119036731E-005  1.026124463409230E-004
  5.564879053969245E-005 -5.824881473350420E-005  4.824001119036731E-005
  0.995931035507689      -4.067263475937357E-005 -9.485799562311617E-005
  4.059076603453486E-006  1.026124463409230E-004 -4.067263475937357E-005
  0.997849675660128       2.201066448492024E-005  9.872560010808161E-005
  5.564879053969245E-005 -9.485799562311617E-005  2.201066448492024E-005
  0.995928906818198       0.997958365941954       9.786985900136153E-005
 -5.824857841576383E-005  4.059181777295344E-006  9.872472222697702E-005
  9.786985900136153E-005  0.995974638535679       4.823951651560847E-005
  1.026121829221528E-004  5.564975180530500E-005 -5.824857841576383E-005
  4.823951651560847E-005  0.995931031188415      -4.067335454828654E-005
 -9.485873297046265E-005  4.059181777295344E-006  1.026121829221528E-004
 -4.067335454828654E-005  0.997849672650849       2.201052234034772E-005
  9.872472222697702E-005  5.564975180530500E-005 -9.485873297046265E-005
  2.201052234034772E-005  0.995928902993269       0.000000000000000E+000
  0.000000000000000E+000  0.000000000000000E+000  0.000000000000000E+000
  0.000000000000000E+000  0.000000000000000E+000  0.000000000000000E+000
  0.000000000000000E+000  0.000000000000000E+000  0.000000000000000E+000
  0.000000000000000E+000  0.000000000000000E+000  0.000000000000000E+000
  0.000000000000000E+000  0.000000000000000E+000  0.000000000000000E+000
  0.000000000000000E+000  0.000000000000000E+000  0.000000000000000E+000
  0.000000000000000E+000  0.000000000000000E+000  0.000000000000000E+000
  0.000000000000000E+000  0.000000000000000E+000  0.000000000000000E+000
  0.000000000000000E+000  0.000000000000000E+000  0.000000000000000E+000
  0.000000000000000E+000  0.000000000000000E+000  0.000000000000000E+000
  0.000000000000000E+000  0.000000000000000E+000  0.000000000000000E+000
  0.000000000000000E+000  0.000000000000000E+000  0.000000000000000E+000
  0.000000000000000E+000  0.000000000000000E+000  0.000000000000000E+000
  0.000000000000000E+000  0.000000000000000E+000  0.000000000000000E+000
  0.000000000000000E+000  0.000000000000000E+000  0.000000000000000E+000
  0.000000000000000E+000  0.000000000000000E+000  0.000000000000000E+000
  0.000000000000000E+000  0.000000000000000E+000  0.000000000000000E+000
  0.000000000000000E+000  0.000000000000000E+000  0.000000000000000E+000
  0.000000000000000E+000  0.000000000000000E+000  0.000000000000000E+000
  0.000000000000000E+000  0.000000000000000E+000  0.000000000000000E+000
  0.000000000000000E+000  0.000000000000000E+000  0.000000000000000E+000
  0.000000000000000E+000  0.000000000000000E+000  0.000000000000000E+000
  0.000000000000000E+000  0.000000000000000E+000  0.000000000000000E+000
  0.000000000000000E+000  0.000000000000000E+000  0.000000000000000E+000
  0.000000000000000E+000  0.000000000000000E+000  0.000000000000000E+000
  0.000000000000000E+000  0.000000000000000E+000  0.000000000000000E+000
  0.000000000000000E+000  0.000000000000000E+000  0.000000000000000E+000
  0.000000000000000E+000  0.000000000000000E+000  0.000000000000000E+000
  0.000000000000000E+000  0.000000000000000E+000  0.000000000000000E+000
  0.000000000000000E+000  0.000000000000000E+000  0.000000000000000E+000
  0.000000000000000E+000  0.000000000000000E+000  0.000000000000000E+000
  0.000000000000000E+000  0.000000000000000E+000  0.000000000000000E+000
  0.000000000000000E+000  0.000000000000000E+000  0.000000000000000E+000
  0.000000000000000E+000  0.000000000000000E+000  0.000000000000000E+000
  0.000000000000000E+000  0.000000000000000E+000  0.000000000000000E+000
  0.000000000000000E+000  0.000000000000000E+000  0.000000000000000E+000
  0.000000000000000E+000  0.000000000000000E+000  0.000000000000000E+000
  0.000000000000000E+000  0.000000000000000E+000  0.000000000000000E+000
  0.000000000000000E+000  0.000000000000000E+000  0.000000000000000E+000
  0.000000000000000E+000  0.000000000000000E+000  0.000000000000000E+000
  0.000000000000000E+000  0.000000000000000E+000  0.000000000000000E+000
  0.000000000000000E+000  0.000000000000000E+000  0.000000000000000E+000
  0.000000000000000E+000  0.000000000000000E+000  0.000000000000000E+000
  0.000000000000000E+000  0.000000000000000E+000  0.000000000000000E+000
  0.000000000000000E+000  0.000000000000000E+000  0.000000000000000E+000
  0.000000000000000E+000  0.000000000000000E+000  0.000000000000000E+000
  0.000000000000000E+000  0.000000000000000E+000  0.000000000000000E+000
  0.000000000000000E+000  0.000000000000000E+000  0.000000000000000E+000
  0.000000000000000E+000  0.000000000000000E+000  0.000000000000000E+000
  0.000000000000000E+000  0.000000000000000E+000  0.000000000000000E+000
  0.000000000000000E+000  0.000000000000000E+000  0.000000000000000E+000
  0.000000000000000E+000  0.000000000000000E+000  0.000000000000000E+000
  0.000000000000000E+000  0.000000000000000E+000  0.000000000000000E+000
  0.000000000000000E+000  0.000000000000000E+000  0.000000000000000E+000
  0.000000000000000E+000  0.000000000000000E+000  0.000000000000000E+000
  0.000000000000000E+000  0.000000000000000E+000  0.000000000000000E+000
  0.000000000000000E+000  0.000000000000000E+000  0.000000000000000E+000
  0.000000000000000E+000  0.000000000000000E+000  0.000000000000000E+000
  0.000000000000000E+000  0.000000000000000E+000  0.000000000000000E+000
  0.000000000000000E+000  0.000000000000000E+000  0.000000000000000E+000
  0.000000000000000E+000  0.000000000000000E+000  0.000000000000000E+000
  0.000000000000000E+000  0.000000000000000E+000  0.000000000000000E+000
  0.000000000000000E+000  0.000000000000000E+000  0.000000000000000E+000
  0.000000000000000E+000  0.000000000000000E+000  0.000000000000000E+000
  0.000000000000000E+000  0.000000000000000E+000  0.000000000000000E+000
  0.000000000000000E+000  0.000000000000000E+000  0.000000000000000E+000
  0.000000000000000E+000  0.997925843374599       5.681136371172970E-005
  3.225399470031316E-005  2.009947497341754E-005 -9.239983862141345E-005
  5.681136371172970E-005  0.995715784102704      -4.784257360540628E-005
 -1.394941995349127E-004  2.043663415514537E-004  3.225399470031316E-005
 -4.784257360540628E-005  0.995986812243740      -5.586555756974125E-005
  4.784257360629083E-005  2.009947497341754E-005 -1.394941995349127E-004
 -5.586555756974125E-005  0.997902634500025       1.189471839645781E-004
 -9.239983862141345E-005  2.043663415514537E-004  4.784257360629083E-005
  1.189471839645781E-004  0.995715784102700       0.997925844443697     
  5.681195844934421E-005  3.225389901307468E-005  2.009987328912434E-005
 -9.239834457381733E-005  5.681195844934421E-005  0.995715784692566     
 -4.784149260017197E-005 -1.394928177292709E-004  2.043674596645682E-004
  3.225389901307468E-005 -4.784149260017197E-005  0.995986813644670     
 -5.586539183458260E-005  4.784149260105652E-005  2.009987328912434E-005
 -1.394928177292709E-004 -5.586539183458260E-005  0.997902635109188     
  1.189470081196399E-004 -9.239834457381733E-005  2.043674596645682E-004
  4.784149260105652E-005  1.189470081196399E-004  0.995715784692562     
  0.997926613981213      -2.667539909407505E-005 -1.886210812605026E-005
 -1.217271519848850E-005 -6.156865822763249E-005 -2.667539909407505E-005
  0.995823104445182      -8.943731068909009E-005 -5.569231395564404E-005
  8.463153507973499E-005 -1.886210812605026E-005 -8.943731068909009E-005
  0.995965326753277       3.267012961043530E-005  8.943731068997436E-005
 -1.217271519848850E-005 -5.569231395564404E-005  3.267012961043530E-005
  0.997940669822004       4.744583705391469E-006 -6.156865822763249E-005
  8.463153507973499E-005  8.943731068997436E-005  4.744583705391469E-006
  0.995823104445178       0.997926610417700      -2.667486017720974E-005
 -1.886209863285056E-005 -1.217281800607039E-005 -6.156761471027254E-005
 -2.667486017720974E-005  0.995823097659520      -8.943783335188129E-005
 -5.569142014938395E-005  8.463098126947298E-005 -1.886209863285056E-005
 -8.943783335188129E-005  0.995965320816880       3.267011316773110E-005
  8.943783335276556E-005 -1.217281800607039E-005 -5.569142014938395E-005
  3.267011316773110E-005  0.997940666377203       4.744603517957319E-006
 -6.156761471027254E-005  8.463098126947298E-005  8.943783335276556E-005
  4.744603517957319E-006  0.995823097659516       0.997939107718483     
  4.975331418243204E-005 -1.179629618566084E-005  3.170453867247530E-005
  5.968096346886973E-005  4.975331418243204E-005  0.995744700184487     
  2.188681706358710E-005 -1.183421551176892E-004 -1.946562800235339E-004
 -1.179629618566084E-005  2.188681706358710E-005  0.996021638852101     
  3.765609303144474E-005  4.659888426528219E-005  3.170453867247530E-005
 -1.183421551176892E-004  3.765609303144474E-005  0.997899066401244     
 -9.181387862851434E-005  5.968096346886973E-005 -1.946562800235339E-004
  4.659888426528219E-005 -9.181387862851434E-005  0.995716002374899     
  0.997939109321570       4.975305802309324E-005 -1.179628241121207E-005
  3.170484283419194E-005  5.968177474547648E-005  4.975305802309324E-005
  0.995744701451212       2.188630244355193E-005 -1.183433690605699E-004
 -1.946570074152559E-004 -1.179628241121207E-005  2.188630244355193E-005
  0.996021641597025       3.765591124221372E-005  4.659848978813288E-005
  3.170484283419194E-005 -1.183433690605699E-004  3.765591124221372E-005
  0.997899067395042      -9.181395432003113E-005  5.968177474547648E-005
 -1.946570074152559E-004  4.659848978813288E-005 -9.181395432003113E-005
  0.995716004369786       0.997936533666461      -4.967266957734941E-005
 -2.671298508117926E-005  3.319066830030622E-005 -7.761065557876994E-005
 -4.967266957734941E-005  0.995716002374903      -4.659888426439781E-005
  9.759216979973263E-005 -1.946562800235343E-004 -2.671298508117926E-005
 -4.659888426439781E-005  0.996021638852101       2.904393868219936E-005
 -2.188681706270265E-005  3.319066830030622E-005  9.759216979973263E-005
  2.904393868219936E-005  0.997901640453266       1.022587115624263E-004
 -7.761065557876994E-005 -1.946562800235343E-004 -2.188681706270265E-005
  1.022587115624263E-004  0.995744700184483       0.997936535075992     
 -4.967232948982242E-005 -2.671283453431145E-005  3.319108421147284E-005
 -7.761183496381280E-005 -4.967232948982242E-005  0.995716004369790     
 -4.659848978724849E-005  9.759291023164196E-005 -1.946570074152563E-004
 -2.671283453431145E-005 -4.659848978724849E-005  0.996021641597024     
  2.904383585856129E-005 -2.188630244266747E-005  3.319108421147284E-005
  9.759291023164196E-005  2.904383585856129E-005  0.997901641640620     
  1.022590966933719E-004 -7.761183496381280E-005 -1.946570074152563E-004
 -2.188630244266747E-005  1.022590966933719E-004  0.995744701451208     
  0.000000000000000E+000  0.000000000000000E+000  0.000000000000000E+000
  0.000000000000000E+000  0.000000000000000E+000  0.000000000000000E+000
  0.000000000000000E+000  0.000000000000000E+000  0.000000000000000E+000
  0.000000000000000E+000  0.000000000000000E+000  0.000000000000000E+000
  0.000000000000000E+000  0.000000000000000E+000  0.000000000000000E+000
  0.000000000000000E+000  0.000000000000000E+000  0.000000000000000E+000
  0.000000000000000E+000  0.000000000000000E+000  0.000000000000000E+000
  0.000000000000000E+000  0.000000000000000E+000  0.000000000000000E+000
  0.000000000000000E+000  0.000000000000000E+000  0.000000000000000E+000
  0.000000000000000E+000  0.000000000000000E+000  0.000000000000000E+000
  0.000000000000000E+000  0.000000000000000E+000  0.000000000000000E+000
  0.000000000000000E+000  0.000000000000000E+000  0.000000000000000E+000
  0.000000000000000E+000  0.000000000000000E+000  0.000000000000000E+000
  0.000000000000000E+000  0.000000000000000E+000  0.000000000000000E+000
  0.000000000000000E+000  0.000000000000000E+000  0.000000000000000E+000
  0.000000000000000E+000  0.000000000000000E+000  0.000000000000000E+000
  0.000000000000000E+000  0.000000000000000E+000  0.000000000000000E+000
  0.000000000000000E+000  0.000000000000000E+000  0.000000000000000E+000
  0.000000000000000E+000  0.000000000000000E+000  0.000000000000000E+000
  0.000000000000000E+000  0.000000000000000E+000  0.000000000000000E+000
  0.000000000000000E+000  0.000000000000000E+000  0.000000000000000E+000
  0.000000000000000E+000  0.000000000000000E+000  0.000000000000000E+000
  0.000000000000000E+000  0.000000000000000E+000  0.000000000000000E+000
  0.000000000000000E+000  0.000000000000000E+000  0.000000000000000E+000
  0.000000000000000E+000  0.000000000000000E+000  0.000000000000000E+000
  0.000000000000000E+000  0.000000000000000E+000  0.000000000000000E+000
  0.000000000000000E+000  0.000000000000000E+000  0.000000000000000E+000
  0.000000000000000E+000  0.000000000000000E+000  0.000000000000000E+000
  0.000000000000000E+000  0.000000000000000E+000  0.000000000000000E+000
  0.000000000000000E+000  0.000000000000000E+000  0.000000000000000E+000
  0.000000000000000E+000  0.000000000000000E+000  0.000000000000000E+000
  0.000000000000000E+000  0.000000000000000E+000  0.000000000000000E+000
  0.000000000000000E+000  0.000000000000000E+000  0.000000000000000E+000
  0.000000000000000E+000  0.000000000000000E+000  0.000000000000000E+000
  0.000000000000000E+000  0.000000000000000E+000  0.000000000000000E+000
  0.000000000000000E+000  0.000000000000000E+000  0.000000000000000E+000
  0.000000000000000E+000  0.000000000000000E+000  0.000000000000000E+000
  0.000000000000000E+000  0.000000000000000E+000  0.000000000000000E+000
  0.000000000000000E+000  0.000000000000000E+000  0.000000000000000E+000
  0.000000000000000E+000  0.000000000000000E+000  0.000000000000000E+000
  0.000000000000000E+000  0.000000000000000E+000  0.000000000000000E+000
  0.000000000000000E+000  0.000000000000000E+000  0.000000000000000E+000
  0.000000000000000E+000  0.000000000000000E+000  0.000000000000000E+000
  0.000000000000000E+000  0.000000000000000E+000  0.000000000000000E+000
  0.000000000000000E+000  0.000000000000000E+000  0.000000000000000E+000
  0.000000000000000E+000  0.000000000000000E+000  0.000000000000000E+000
  0.000000000000000E+000  0.000000000000000E+000  0.000000000000000E+000
  0.000000000000000E+000  0.000000000000000E+000  0.000000000000000E+000
  0.000000000000000E+000  0.000000000000000E+000  0.000000000000000E+000
  0.000000000000000E+000  0.000000000000000E+000  0.000000000000000E+000
  0.000000000000000E+000  0.000000000000000E+000  0.000000000000000E+000
  0.000000000000000E+000  0.000000000000000E+000  0.000000000000000E+000
  0.000000000000000E+000  0.000000000000000E+000  0.000000000000000E+000
  0.000000000000000E+000  0.000000000000000E+000  0.000000000000000E+000
  0.000000000000000E+000  0.000000000000000E+000  0.000000000000000E+000
  0.000000000000000E+000  0.000000000000000E+000  0.000000000000000E+000
  0.000000000000000E+000  0.000000000000000E+000  0.000000000000000E+000
  0.000000000000000E+000  0.000000000000000E+000  0.000000000000000E+000
  0.000000000000000E+000  0.000000000000000E+000  0.000000000000000E+000
  0.000000000000000E+000  0.000000000000000E+000  0.000000000000000E+000
  0.000000000000000E+000  0.000000000000000E+000  0.000000000000000E+000
  0.000000000000000E+000  0.000000000000000E+000  0.000000000000000E+000
  0.000000000000000E+000  0.000000000000000E+000  0.000000000000000E+000
  0.000000000000000E+000  0.000000000000000E+000  0.000000000000000E+000
  0.000000000000000E+000  0.000000000000000E+000  0.000000000000000E+000
  0.000000000000000E+000  0.000000000000000E+000  0.000000000000000E+000
  0.000000000000000E+000  0.000000000000000E+000  0.997915505718980     
 -5.700523604781323E-005  9.036773849527402E-006  4.314363584397024E-006
 -2.279097883910319E-005 -5.700523604781323E-005  0.995946305329188     
  5.937490772591389E-005 -9.873596512363091E-005 -5.937490772571108E-005
  9.036773849527402E-006  5.937490772591389E-005  0.995947416148836     
  3.153413935620340E-005  9.049457431658175E-005  4.314363584397024E-006
 -9.873596512363091E-005  3.153413935620340E-005  0.997920487516931     
 -2.359314540610986E-005 -2.279097883910319E-005 -5.937490772571108E-005
  9.049457431658175E-005 -2.359314540610986E-005  0.995947416148836     
  0.997915503236759      -5.700412895177347E-005  9.036566350016427E-006
  4.314735771546179E-006 -2.279141218211813E-005 -5.700412895177347E-005
  0.995946301227581       5.937540836106701E-005 -9.873404757704119E-005
 -5.937540836086421E-005  9.036566350016427E-006  5.937540836106701E-005
  0.995947413649489       3.153451993771754E-005  9.049310401390264E-005
  4.314735771546179E-006 -9.873404757704119E-005  3.153451993771754E-005
  0.997920485464475      -2.359315599701916E-005 -2.279141218211813E-005
 -5.937540836086421E-005  9.049310401390264E-005 -2.359315599701916E-005
  0.995947413649489       0.997880364136613       6.434794230499769E-005
  6.842459465335727E-005 -4.909492387147181E-005  1.377998915107875E-004
  6.434794230499769E-005  0.995931035507693       9.485799562400078E-005
 -3.010863591332292E-005 -4.824001119016452E-005  6.842459465335727E-005
  9.485799562400078E-005  0.995928906818198      -7.449354544843877E-005
  5.564879054037464E-005 -4.909492387147181E-005 -3.010863591332292E-005
 -7.449354544843877E-005  0.997927680035759      -3.345152070090679E-005
  1.377998915107875E-004 -4.824001119016452E-005  5.564879054037464E-005
 -3.345152070090679E-005  0.995974643166974       0.997880361328164     
  6.434844750161152E-005  6.842403261199417E-005 -4.909516654615771E-005
  1.377996866495724E-004  6.434844750161152E-005  0.995931031188419     
  9.485873297134726E-005 -3.010807136169991E-005 -4.823951651540568E-005
  6.842403261199417E-005  9.485873297134726E-005  0.995928902993269     
 -7.449285625338698E-005  5.564975180598719E-005 -4.909516654615771E-005
 -3.010807136169991E-005 -7.449285625338698E-005  0.997927677264639     
 -3.345169270841430E-005  1.377996866495724E-004 -4.823951651540568E-005
  5.564975180598719E-005 -3.345169270841430E-005  0.995974638535675     
  0.997900219962736      -6.552339457196684E-005  4.228947236355943E-006
 -1.604174147878944E-005  4.513628132317884E-005 -6.552339457196684E-005
  0.995918240870514      -4.427521650015895E-005 -1.134898484743925E-004
  4.427521650036196E-005  4.228947236355943E-006 -4.427521650015895E-005
  0.995953559827672      -4.967730451314350E-005  1.049535844826840E-004
 -1.604174147878944E-005 -1.134898484743925E-004 -4.967730451314350E-005
  0.997881696555212       2.117627651256158E-005  4.513628132317884E-005
  4.427521650036196E-005  1.049535844826840E-004  2.117627651256158E-005
  0.995953559827672       0.997900219546853      -6.552389421963573E-005
  4.228576124426307E-006 -1.604155628533859E-005  4.513566288213497E-005
 -6.552389421963573E-005  0.995918239640897      -4.427610518311473E-005
 -1.134907138895409E-004  4.427610518331775E-005  4.228576124426307E-006
 -4.427610518311473E-005  0.995953559471122      -4.967680466050968E-005
  1.049529615845461E-004 -1.604155628533859E-005 -1.134907138895409E-004
 -4.967680466050968E-005  0.997881696353172       2.117634797860338E-005
  4.513566288213497E-005  4.427610518331775E-005  1.049529615845461E-004
  2.117634797860338E-005  0.995953559471122       0.997958368512244     
 -5.824881473421393E-005  9.786981246980765E-005 -4.059076602600068E-006
  9.872560010808156E-005 -5.824881473421393E-005  0.995931035507693     
  4.824001119036713E-005  4.067263476504108E-005 -9.485799562379820E-005
  9.786981246980765E-005  4.824001119036713E-005  0.995974643166975     
 -1.026124463352563E-004  5.564879054037463E-005 -4.059076602600068E-006
  4.067263476504108E-005 -1.026124463352563E-004  0.997849675660128     
 -2.201066449530324E-005  9.872560010808156E-005 -9.485799562379820E-005
  5.564879054037463E-005 -2.201066449530324E-005  0.995928906818198     
  0.997958365941954      -5.824857841647357E-005  9.786985900207129E-005
 -4.059181776441926E-006  9.872472222697698E-005 -5.824857841647357E-005
  0.995931031188419       4.823951651560830E-005  4.067335455395406E-005
 -9.485873297114471E-005  9.786985900207129E-005  4.823951651560830E-005
  0.995974638535675      -1.026121829164861E-004  5.564975180598718E-005
 -4.059181776441926E-006  4.067335455395406E-005 -1.026121829164861E-004
  0.997849672650849      -2.201052235073071E-005  9.872472222697698E-005
 -9.485873297114471E-005  5.564975180598718E-005 -2.201052235073071E-005
  0.995928902993269       0.000000000000000E+000  0.000000000000000E+000
  0.000000000000000E+000  0.000000000000000E+000  0.000000000000000E+000
  0.000000000000000E+000  0.000000000000000E+000  0.000000000000000E+000
  0.000000000000000E+000  0.000000000000000E+000  0.000000000000000E+000
  0.000000000000000E+000  0.000000000000000E+000  0.000000000000000E+000
  0.000000000000000E+000  0.000000000000000E+000  0.000000000000000E+000
  0.000000000000000E+000  0.000000000000000E+000  0.000000000000000E+000
  0.000000000000000E+000  0.000000000000000E+000  0.000000000000000E+000
  0.000000000000000E+000  0.000000000000000E+000  0.000000000000000E+000
  0.000000000000000E+000  0.000000000000000E+000  0.000000000000000E+000
  0.000000000000000E+000  0.000000000000000E+000  0.000000000000000E+000
  0.000000000000000E+000  0.000000000000000E+000  0.000000000000000E+000
  0.000000000000000E+000  0.000000000000000E+000  0.000000000000000E+000
  0.000000000000000E+000  0.000000000000000E+000  0.000000000000000E+000
  0.000000000000000E+000  0.000000000000000E+000  0.000000000000000E+000
  0.000000000000000E+000  0.000000000000000E+000  0.000000000000000E+000
  0.000000000000000E+000  0.000000000000000E+000  0.000000000000000E+000
  0.000000000000000E+000  0.000000000000000E+000  0.000000000000000E+000
  0.000000000000000E+000  0.000000000000000E+000  0.000000000000000E+000
  0.000000000000000E+000  0.000000000000000E+000  0.000000000000000E+000
  0.000000000000000E+000  0.000000000000000E+000  0.000000000000000E+000
  0.000000000000000E+000  0.000000000000000E+000  0.000000000000000E+000
  0.000000000000000E+000  0.000000000000000E+000  0.000000000000000E+000
  0.000000000000000E+000  0.000000000000000E+000  0.000000000000000E+000
  0.000000000000000E+000  0.000000000000000E+000  0.000000000000000E+000
  0.000000000000000E+000  0.000000000000000E+000  0.000000000000000E+000
  0.000000000000000E+000  0.000000000000000E+000  0.000000000000000E+000
  0.000000000000000E+000  0.000000000000000E+000  0.000000000000000E+000
  0.000000000000000E+000  0.000000000000000E+000  0.000000000000000E+000
  0.000000000000000E+000  0.000000000000000E+000  0.000000000000000E+000
  0.000000000000000E+000  0.000000000000000E+000  0.000000000000000E+000
  0.000000000000000E+000  0.000000000000000E+000  0.000000000000000E+000
  0.000000000000000E+000  0.000000000000000E+000  0.000000000000000E+000
  0.000000000000000E+000  0.000000000000000E+000  0.000000000000000E+000
  0.000000000000000E+000  0.000000000000000E+000  0.000000000000000E+000
  0.000000000000000E+000  0.000000000000000E+000  0.000000000000000E+000
  0.000000000000000E+000  0.000000000000000E+000  0.000000000000000E+000
  0.000000000000000E+000  0.000000000000000E+000  0.000000000000000E+000
  0.000000000000000E+000  0.000000000000000E+000  0.000000000000000E+000
  0.000000000000000E+000  0.000000000000000E+000  0.000000000000000E+000
  0.000000000000000E+000  0.000000000000000E+000  0.000000000000000E+000
  0.000000000000000E+000  0.000000000000000E+000  0.000000000000000E+000
  0.000000000000000E+000  0.000000000000000E+000  0.000000000000000E+000
  0.000000000000000E+000  0.000000000000000E+000  0.000000000000000E+000
  0.000000000000000E+000  0.000000000000000E+000  0.000000000000000E+000
  0.000000000000000E+000  0.000000000000000E+000  0.000000000000000E+000
  0.000000000000000E+000  0.000000000000000E+000  0.000000000000000E+000
  0.000000000000000E+000  0.000000000000000E+000  0.000000000000000E+000
  0.000000000000000E+000  0.000000000000000E+000  0.000000000000000E+000
  0.000000000000000E+000  0.000000000000000E+000  0.000000000000000E+000
  0.000000000000000E+000  0.000000000000000E+000  0.000000000000000E+000
  0.000000000000000E+000  0.000000000000000E+000  0.000000000000000E+000
  0.000000000000000E+000  0.000000000000000E+000  0.000000000000000E+000
  0.000000000000000E+000  0.000000000000000E+000  0.000000000000000E+000
  0.000000000000000E+000  0.000000000000000E+000  0.000000000000000E+000
  0.000000000000000E+000  0.000000000000000E+000  0.000000000000000E+000
  0.000000000000000E+000  0.000000000000000E+000  0.000000000000000E+000
  0.000000000000000E+000  0.000000000000000E+000  0.000000000000000E+000
  0.000000000000000E+000  0.000000000000000E+000  0.000000000000000E+000
  0.000000000000000E+000  0.000000000000000E+000  0.000000000000000E+000
  0.000000000000000E+000  0.000000000000000E+000  0.000000000000000E+000
  0.000000000000000E+000  0.000000000000000E+000  0.000000000000000E+000
  0.000000000000000E+000  0.000000000000000E+000  0.000000000000000E+000
  0.000000000000000E+000  0.000000000000000E+000  0.000000000000000E+000
  0.000000000000000E+000  0.000000000000000E+000  0.000000000000000E+000
  0.000000000000000E+000  0.000000000000000E+000  0.000000000000000E+000
  0.000000000000000E+000  0.000000000000000E+000  0.000000000000000E+000
  0.997922978415909      -3.182775269593254E-005 -3.182775269522281E-005
  4.163022301536127E-016 -1.140104720876136E-004 -3.182775269593254E-005
  0.995947416148840      -9.049457431569729E-005 -7.940993949618688E-006
 -5.937490772571127E-005 -3.182775269522281E-005 -9.049457431569729E-005
  0.995947416148836       7.940993955285308E-006 -5.937490772502928E-005
  4.163022301536127E-016 -7.940993949618688E-006  7.940993955285308E-006
  0.997913014820001      -5.191986364628936E-015 -1.140104720876136E-004
 -5.937490772571127E-005 -5.937490772502928E-005 -5.191986364628936E-015
  0.995946305329184       0.997922976578336      -3.182797853943650E-005
 -3.182797853872678E-005  4.093633361035237E-016 -1.140082578955341E-004
 -3.182797853943650E-005  0.995947413649493      -9.049310401301817E-005
 -7.941363940223534E-006 -5.937540836086440E-005 -3.182797853872678E-005
 -9.049310401301817E-005  0.995947413649489       7.941363945890156E-006
 -5.937540836018241E-005  4.093633361035237E-016 -7.941363940223534E-006
  7.941363945890156E-006  0.997913012122899      -5.191986365165363E-015
 -1.140082578955341E-004 -5.937540836086440E-005 -5.937540836018241E-005
 -5.191986365165363E-015  0.995946301227577       0.997873333609704     
  3.993007903367774E-005  3.030100544813178E-005 -4.503584726844872E-005
  6.099127578796473E-006  3.993007903367774E-005  0.995974643166978     
 -5.564879053949000E-005  1.360639670366381E-004 -4.824001119016473E-005
  3.030100544813178E-005 -5.564879053949000E-005  0.995928906818198     
 -9.650420993855033E-005 -9.485799562311600E-005 -4.503584726844872E-005
  1.360639670366381E-004 -9.650420993855033E-005  0.997934710562667     
  7.078127067317201E-005  6.099127578796473E-006 -4.824001119016473E-005
 -9.485799562311600E-005  7.078127067317201E-005  0.995931035507689     
  0.997873330619089       3.992982764019908E-005  3.030068960839031E-005
 -4.503598476927195E-005  6.099869093150659E-006  3.992982764019908E-005
  0.995974638535679      -5.564975180510256E-005  1.360638756253754E-004
 -4.823951651540588E-005  3.030068960839031E-005 -5.564975180510256E-005
  0.995928902993270      -9.650337859892601E-005 -9.485873297046252E-005
 -4.503598476927195E-005  1.360638756253754E-004 -9.650337859892601E-005
  0.997934707973713       7.078142591046197E-005  6.099869093150659E-006
 -4.823951651540588E-005 -9.485873297046252E-005  7.078142591046197E-005
  0.995931031188415       0.997873333609704       3.030100544742221E-005
  3.993007903438736E-005  4.503584726930905E-005  6.099127578796312E-006
  3.030100544742221E-005  0.995928906818202      -5.564879053949000E-005
  9.650420994421739E-005 -9.485799562379833E-005  3.993007903438736E-005
 -5.564879053949000E-005  0.995974643166975      -1.360639670309713E-004
 -4.824001118948237E-005  4.503584726930905E-005  9.650420994421739E-005
 -1.360639670309713E-004  0.997934710562668      -7.078127068355571E-005
  6.099127578796312E-006 -9.485799562379833E-005 -4.824001118948237E-005
 -7.078127068355571E-005  0.995931035507689       0.997873330619089     
  3.030068960768074E-005  3.992982764090870E-005  4.503598477015310E-005
  6.099869093150498E-006  3.030068960768074E-005  0.995928902993273     
 -5.564975180510254E-005  9.650337860459308E-005 -9.485873297114480E-005
  3.992982764090870E-005 -5.564975180510254E-005  0.995974638535675     
 -1.360638756197086E-004 -4.823951651472353E-005  4.503598477015310E-005
  9.650337860459308E-005 -1.360638756197086E-004  0.997934707973714     
 -7.078142592084567E-005  6.099869093150498E-006 -9.485873297114480E-005
 -4.823951651472353E-005 -7.078142592084567E-005  0.995931031188415     
  0.997872434851452       4.090733407952207E-005  4.090733408023148E-005
  4.371784878835200E-016 -1.310467891359222E-004  4.090733407952207E-005
  0.995953559827676      -1.049535844817997E-004  2.850102800105651E-005
  4.427521650036181E-005  4.090733408023148E-005 -1.049535844817997E-004
  0.995953559827672      -2.850102799539074E-005  4.427521650104342E-005
  4.371784878835200E-016  2.850102800105651E-005 -2.850102799539074E-005
  0.997909481666496      -5.191242466447680E-015 -1.310467891359222E-004
  4.427521650036181E-005  4.427521650104342E-005 -5.191242466447680E-015
  0.995918240870510       0.997872434756334       4.090708675040786E-005
  4.090708675111726E-005  4.510562756509575E-016 -1.310477884312601E-004
  4.090708675040786E-005  0.995953559471126      -1.049529615836618E-004
  2.850045668238089E-005  4.427610518331760E-005  4.090708675111726E-005
 -1.049529615836618E-004  0.995953559471122      -2.850045667671512E-005
  4.427610518399920E-005  4.510562756509575E-016  2.850045668238089E-005
 -2.850045667671512E-005  0.997909481143691      -5.191236536141943E-015
 -1.310477884312601E-004  4.427610518331760E-005  4.427610518399920E-005
 -5.191236536141943E-015  0.995918239640893       0.000000000000000E+000
  0.000000000000000E+000  0.000000000000000E+000  0.000000000000000E+000
  0.000000000000000E+000  0.000000000000000E+000  0.000000000000000E+000
  0.000000000000000E+000  0.000000000000000E+000  0.000000000000000E+000
  0.000000000000000E+000  0.000000000000000E+000  0.000000000000000E+000
  0.000000000000000E+000  0.000000000000000E+000  0.000000000000000E+000
  0.000000000000000E+000  0.000000000000000E+000  0.000000000000000E+000
  0.000000000000000E+000  0.000000000000000E+000  0.000000000000000E+000
  0.000000000000000E+000  0.000000000000000E+000  0.000000000000000E+000
  0.000000000000000E+000  0.000000000000000E+000  0.000000000000000E+000
  0.000000000000000E+000  0.000000000000000E+000  0.000000000000000E+000
  0.000000000000000E+000  0.000000000000000E+000  0.000000000000000E+000
  0.000000000000000E+000  0.000000000000000E+000  0.000000000000000E+000
  0.000000000000000E+000  0.000000000000000E+000  0.000000000000000E+000
  0.000000000000000E+000  0.000000000000000E+000  0.000000000000000E+000
  0.000000000000000E+000  0.000000000000000E+000  0.000000000000000E+000
  0.000000000000000E+000  0.000000000000000E+000  0.000000000000000E+000
  0.000000000000000E+000  0.000000000000000E+000  0.000000000000000E+000
  0.000000000000000E+000  0.000000000000000E+000  0.000000000000000E+000
  0.000000000000000E+000  0.000000000000000E+000  0.000000000000000E+000
  0.000000000000000E+000  0.000000000000000E+000  0.000000000000000E+000
  0.000000000000000E+000  0.000000000000000E+000  0.000000000000000E+000
  0.000000000000000E+000  0.000000000000000E+000  0.000000000000000E+000
  0.000000000000000E+000  0.000000000000000E+000  0.000000000000000E+000
  0.000000000000000E+000  0.000000000000000E+000  0.000000000000000E+000
  0.000000000000000E+000  0.000000000000000E+000  0.000000000000000E+000
  0.000000000000000E+000  0.000000000000000E+000  0.000000000000000E+000
  0.000000000000000E+000  0.000000000000000E+000  0.000000000000000E+000
  0.000000000000000E+000  0.000000000000000E+000  0.000000000000000E+000
  0.000000000000000E+000  0.000000000000000E+000  0.000000000000000E+000
  0.000000000000000E+000  0.000000000000000E+000  0.000000000000000E+000
  0.000000000000000E+000  0.000000000000000E+000  0.000000000000000E+000
  0.000000000000000E+000  0.000000000000000E+000  0.000000000000000E+000
  0.000000000000000E+000  0.000000000000000E+000  0.000000000000000E+000
  0.000000000000000E+000  0.000000000000000E+000  0.000000000000000E+000
  0.000000000000000E+000  0.000000000000000E+000  0.000000000000000E+000
  0.000000000000000E+000  0.000000000000000E+000  0.000000000000000E+000
  0.000000000000000E+000  0.000000000000000E+000  0.000000000000000E+000
  0.000000000000000E+000  0.000000000000000E+000  0.000000000000000E+000
  0.000000000000000E+000  0.000000000000000E+000  0.000000000000000E+000
  0.000000000000000E+000  0.000000000000000E+000  0.000000000000000E+000
  0.000000000000000E+000  0.000000000000000E+000  0.000000000000000E+000
  0.000000000000000E+000  0.000000000000000E+000  0.000000000000000E+000
  0.000000000000000E+000  0.000000000000000E+000  0.000000000000000E+000
  0.000000000000000E+000  0.000000000000000E+000  0.000000000000000E+000
  0.000000000000000E+000  0.000000000000000E+000  0.000000000000000E+000
  0.000000000000000E+000  0.000000000000000E+000  0.000000000000000E+000
  0.000000000000000E+000  0.000000000000000E+000  0.000000000000000E+000
  0.000000000000000E+000  0.000000000000000E+000  0.000000000000000E+000
  0.000000000000000E+000  0.000000000000000E+000  0.000000000000000E+000
  0.000000000000000E+000  0.000000000000000E+000  0.000000000000000E+000
  0.000000000000000E+000  0.000000000000000E+000  0.000000000000000E+000
  0.000000000000000E+000  0.000000000000000E+000  0.000000000000000E+000
  0.000000000000000E+000  0.000000000000000E+000  0.000000000000000E+000
  0.000000000000000E+000  0.000000000000000E+000  0.000000000000000E+000
  0.000000000000000E+000  0.000000000000000E+000  0.000000000000000E+000
  0.000000000000000E+000  0.000000000000000E+000  0.000000000000000E+000
  0.000000000000000E+000  0.000000000000000E+000  0.000000000000000E+000
  0.000000000000000E+000  0.000000000000000E+000  0.000000000000000E+000
  0.000000000000000E+000  0.000000000000000E+000  0.000000000000000E+000
  0.000000000000000E+000  0.000000000000000E+000  0.000000000000000E+000
  0.000000000000000E+000  0.000000000000000E+000  0.000000000000000E+000
  0.000000000000000E+000  0.000000000000000E+000  0.000000000000000E+000
  0.000000000000000E+000  0.000000000000000E+000  0.000000000000000E+000
  0.000000000000000E+000  0.000000000000000E+000  0.000000000000000E+000
  0.000000000000000E+000  0.000000000000000E+000  0.000000000000000E+000
  0.000000000000000E+000  0.000000000000000E+000  0.000000000000000E+000
  0.000000000000000E+000  0.994462228791019       3.110249891384215E-005
  3.110249891454417E-005  4.439866229068954E-016  6.220499783559889E-005
  3.110249891384215E-005  0.986098103859687      -1.490420731524676E-003
  5.387110836966396E-005  1.490420731524880E-003  3.110249891454417E-005
 -1.490420731524676E-003  0.986098103859683      -5.387110836407293E-005
  1.490420731525547E-003  4.439866229068954E-016  5.387110836966396E-005
 -5.387110836407293E-005  0.994462228791016      -5.140764991769693E-015
  6.220499783559889E-005  1.490420731524880E-003  1.490420731525547E-003
 -5.140764991769693E-015  0.986098103859683       0.994462218329983     
  3.110179841357539E-005  3.110179841427742E-005  4.509255168785531E-016
  6.220359683506539E-005  3.110179841357539E-005  0.986098079418446     
 -1.490401825255744E-003  5.386989506761125E-005  1.490401825255947E-003
  3.110179841427742E-005 -1.490401825255744E-003  0.986098079418442     
 -5.386989506202021E-005  1.490401825256615E-003  4.509255168785531E-016
  5.386989506761125E-005 -5.386989506202021E-005  0.994462218329981     
 -5.140766706963316E-015  6.220359683506539E-005  1.490401825255947E-003
  1.490401825256615E-003 -5.140766706963316E-015  0.986098079418442     
  0.998484263116736       1.924659333564133E-005 -3.443535953087040E-005
  3.768989779648974E-007 -2.634700969334189E-005  1.924659333564133E-005
  0.996316047676170      -2.233495532108450E-004 -4.153493212151496E-005
 -2.366911802523707E-004 -3.443535953087040E-005 -2.233495532108450E-004
  0.996632391714722       5.964379228262627E-005  2.233495532117291E-004
  3.768989779648974E-007 -4.153493212151496E-005  5.964379228262627E-005
  0.998483827911282       3.743550482485751E-005 -2.634700969334189E-005
 -2.366911802523707E-004  2.233495532117291E-004  3.743550482485751E-005
  0.996316047676166       0.998484262048448       1.924620524843040E-005
 -3.443512311185889E-005  3.769726988207062E-007 -2.634721781123043E-005
  1.924620524843040E-005  0.996316045593230      -2.233513709474281E-004
 -4.153494837309720E-005 -2.366900764501109E-004 -3.443512311185889E-005
 -2.233513709474281E-004  0.996632388218521       5.964338279288646E-005
  2.233513709483122E-004  3.769726988207062E-007 -4.153494837309720E-005
  5.964338279288646E-005  0.998483826757868       3.743517685726509E-005
 -2.634721781123043E-005 -2.366900764501109E-004  2.233513709483122E-004
  3.743517685726509E-005  0.996316045593226       0.998484263116736     
 -3.443535953158092E-005  1.924659333635151E-005 -3.768989770627798E-007
 -2.634700969334247E-005 -3.443535953158092E-005  0.996632391714726     
 -2.233495532108446E-004 -5.964379227695866E-005  2.233495532110478E-004
  1.924659333635151E-005 -2.233495532108446E-004  0.996316047676167     
  4.153493212718426E-005 -2.366911802516888E-004 -3.768989770627798E-007
 -5.964379227695866E-005  4.153493212718426E-005  0.998483827911282     
 -3.743550483524542E-005 -2.634700969334247E-005  2.233495532110478E-004
 -2.366911802516888E-004 -3.743550483524542E-005  0.996316047676166     
  0.998484262048448      -3.443512311256941E-005  1.924620524914058E-005
 -3.769726979324664E-007 -2.634721781123101E-005 -3.443512311256941E-005
  0.996632388218525      -2.233513709474277E-004 -5.964338278721884E-005
  2.233513709476309E-004  1.924620524914058E-005 -2.233513709474277E-004
  0.996316045593226       4.153494837876651E-005 -2.366900764494291E-004
 -3.769726979324664E-007 -5.964338278721884E-005  4.153494837876651E-005
  0.998483826757868      -3.743517686765300E-005 -2.634721781123101E-005
  2.233513709476309E-004 -2.366900764494291E-004 -3.743517686765300E-005
  0.996316045593226       0.998483610308558      -4.559360303699851E-005
 -4.559360303628881E-005  4.371060697716393E-016 -6.887071905514724E-005
 -4.559360303699851E-005  0.996316047676171       2.366911802525739E-004
 -4.099427291463912E-006  2.233495532110475E-004 -4.559360303628881E-005
  2.366911802525739E-004  0.996316047676167       4.099427297132328E-006
  2.233495532117297E-004  4.371060697716393E-016 -4.099427291463912E-006
  4.099427297132328E-006  0.998484480719460      -5.193801206081695E-015
 -6.887071905514724E-005  2.233495532110475E-004  2.233495532117297E-004
 -5.193801206081695E-015  0.996632391714722       0.998483609112581     
 -4.559342306767614E-005 -4.559342306696643E-005  4.440449642348418E-016
 -6.887024621712420E-005 -4.559342306767614E-005  0.996316045593229     
  2.366900764503141E-004 -4.099771510638584E-006  2.233513709476305E-004
 -4.559342306696643E-005  2.366900764503141E-004  0.996316045593226     
  4.099771516307002E-006  2.233513709483128E-004  4.440449642348418E-016
 -4.099771510638584E-006  4.099771516307002E-006  0.998484479693735     
 -5.193802050942842E-015 -6.887024621712420E-005  2.233513709476305E-004
  2.233513709483128E-004 -5.193802050942842E-015  0.996632388218521     
  0.000000000000000E+000  0.000000000000000E+000  0.000000000000000E+000
  0.000000000000000E+000  0.000000000000000E+000  0.000000000000000E+000
  0.000000000000000E+000  0.000000000000000E+000  0.000000000000000E+000
  0.000000000000000E+000  0.000000000000000E+000  0.000000000000000E+000
  0.000000000000000E+000  0.000000000000000E+000  0.000000000000000E+000
  0.000000000000000E+000  0.000000000000000E+000  0.000000000000000E+000
  0.000000000000000E+000  0.000000000000000E+000  0.000000000000000E+000
  0.000000000000000E+000  0.000000000000000E+000  0.000000000000000E+000
  0.000000000000000E+000  0.000000000000000E+000  0.000000000000000E+000
  0.000000000000000E+000  0.000000000000000E+000  0.000000000000000E+000
  0.000000000000000E+000  0.000000000000000E+000  0.000000000000000E+000
  0.000000000000000E+000  0.000000000000000E+000  0.000000000000000E+000
  0.000000000000000E+000  0.000000000000000E+000  0.000000000000000E+000
  0.000000000000000E+000  0.000000000000000E+000  0.000000000000000E+000
  0.000000000000000E+000  0.000000000000000E+000  0.000000000000000E+000
  0.000000000000000E+000  0.000000000000000E+000  0.000000000000000E+000
  0.000000000000000E+000  0.000000000000000E+000  0.000000000000000E+000
  0.000000000000000E+000  0.000000000000000E+000  0.000000000000000E+000
  0.000000000000000E+000  0.000000000000000E+000  0.000000000000000E+000
  0.000000000000000E+000  0.000000000000000E+000  0.000000000000000E+000
  0.000000000000000E+000  0.000000000000000E+000  0.000000000000000E+000
  0.000000000000000E+000  0.000000000000000E+000  0.000000000000000E+000
  0.000000000000000E+000  0.000000000000000E+000  0.000000000000000E+000
  0.000000000000000E+000  0.000000000000000E+000  0.000000000000000E+000
  0.000000000000000E+000  0.000000000000000E+000  0.000000000000000E+000
  0.000000000000000E+000  0.000000000000000E+000  0.000000000000000E+000
  0.000000000000000E+000  0.000000000000000E+000  0.000000000000000E+000
  0.000000000000000E+000  0.000000000000000E+000  0.000000000000000E+000
  0.000000000000000E+000  0.000000000000000E+000  0.000000000000000E+000
  0.000000000000000E+000  0.000000000000000E+000  0.000000000000000E+000
  0.000000000000000E+000  0.000000000000000E+000  0.000000000000000E+000
  0.000000000000000E+000  0.000000000000000E+000  0.000000000000000E+000
  0.000000000000000E+000  0.000000000000000E+000  0.000000000000000E+000
  0.000000000000000E+000  0.000000000000000E+000  0.000000000000000E+000
  0.000000000000000E+000  0.000000000000000E+000  0.000000000000000E+000
  0.000000000000000E+000  0.000000000000000E+000  0.000000000000000E+000
  0.000000000000000E+000  0.000000000000000E+000  0.000000000000000E+000
  0.000000000000000E+000  0.000000000000000E+000  0.000000000000000E+000
  0.000000000000000E+000  0.000000000000000E+000  0.000000000000000E+000
  0.000000000000000E+000  0.000000000000000E+000  0.000000000000000E+000
  0.000000000000000E+000  0.000000000000000E+000  0.000000000000000E+000
  0.000000000000000E+000  0.000000000000000E+000  0.000000000000000E+000
  0.000000000000000E+000  0.000000000000000E+000  0.000000000000000E+000
  0.000000000000000E+000  0.000000000000000E+000  0.000000000000000E+000
  0.000000000000000E+000  0.000000000000000E+000  0.000000000000000E+000
  0.000000000000000E+000  0.000000000000000E+000  0.000000000000000E+000
  0.000000000000000E+000  0.000000000000000E+000  0.000000000000000E+000
  0.000000000000000E+000  0.000000000000000E+000  0.000000000000000E+000
  0.000000000000000E+000  0.000000000000000E+000  0.000000000000000E+000
  0.000000000000000E+000  0.000000000000000E+000  0.000000000000000E+000
