  0.997949289197112      -1.312477279558783E-006 -1.312477278848986E-006
  4.302119020386638E-016 -2.624954551105647E-006 -1.312477279558783E-006
  0.995994204757369      -2.383995221812158E-005 -2.273277323337944E-006
  2.383995221832435E-005 -1.312477278848986E-006 -2.383995221812158E-005
  0.995994204757365       2.273277329004566E-006  2.383995221900613E-005
  4.302119020386638E-016 -2.273277323337944E-006  2.273277329004566E-006
  0.997949289197109      -5.191744112903208E-015 -2.624954551105647E-006
  2.383995221832435E-005  2.383995221900613E-005 -5.191744112903208E-015
  0.995994204757364       0.997950103235158      -7.506708648674096E-007
 -7.506708641576221E-007  4.302116414315001E-016 -1.501341721722970E-006
 -7.506708648674096E-007  0.995986313392162      -2.378112031227288E-005
 -1.300200069074451E-006  2.378112031247566E-005 -7.506708641576221E-007
 -2.378112031227288E-005  0.995986313392158       1.300200074741024E-006
  2.378112031315743E-005  4.302116414315001E-016 -1.300200069074451E-006
  1.300200074741024E-006  0.997950103235156      -5.191715270436806E-015
 -1.501341721722970E-006  2.378112031247566E-005  2.378112031315743E-005
 -5.191715270436806E-015  0.995986313392158       0.997948525642269     
 -6.882973279563205E-006 -3.756586898891032E-006  3.942260002935673E-006
 -1.511460811127423E-006 -6.882973279563205E-006  0.995984142688799     
 -1.856648347309154E-005  2.228601862819151E-006  2.921619743655966E-005
 -3.756586898891032E-006 -1.856648347309154E-005  0.995987886777269     
  6.506599370185248E-006  1.856648347397611E-005  3.942260002935673E-006
  2.228601862819151E-006  6.506599370185248E-006  0.997943973512520     
 -7.075130645953689E-006 -1.511460811127423E-006  2.921619743655966E-005
  1.856648347397611E-005 -7.075130645953689E-006  0.995984142688795     
  0.997949159412828      -7.113449876196716E-006 -3.115370607052790E-006
  3.889720691319088E-006 -1.908063509444528E-006 -7.113449876196716E-006
  0.995975805161924      -1.791489356644194E-005  1.903710238657987E-006
  2.591631074584030E-005 -3.115370607052790E-006 -1.791489356644194E-005
  0.995984244095110       5.395980174080506E-006  1.791489356732651E-005
  3.889720691319088E-006  1.903710238657987E-006  5.395980174080506E-006
  0.997944667950249      -7.112283421535516E-006 -1.908063509444528E-006
  2.591631074584030E-005  1.791489356732651E-005 -7.112283421535516E-006
  0.995975805161920       0.997948525642269      -3.756586899600841E-006
 -6.882973278853408E-006 -3.942260002047504E-006 -1.511460811127390E-006
 -3.756586899600841E-006  0.995987886777273      -1.856648347309157E-005
 -6.506599364518628E-006  1.856648347329434E-005 -6.882973278853408E-006
 -1.856648347309157E-005  0.995984142688795      -2.228601857152561E-006
  2.921619743724144E-005 -3.942260002047504E-006 -6.506599364518628E-006
 -2.228601857152561E-006  0.997943973512520       7.075130635570290E-006
 -1.511460811127390E-006  1.856648347329434E-005  2.921619743724144E-005
  7.075130635570290E-006  0.995984142688795       0.997949159412827     
 -3.115370607762589E-006 -7.113449875486936E-006 -3.889720690437859E-006
 -1.908063509444497E-006 -3.115370607762589E-006  0.995984244095114     
 -1.791489356644198E-005 -5.395980168413895E-006  1.791489356664475E-005
 -7.113449875486936E-006 -1.791489356644198E-005  0.995975805161920     
 -1.903710232991427E-006  2.591631074652208E-005 -3.889720690437859E-006
 -5.395980168413895E-006 -1.903710232991427E-006  0.997944667950250     
  7.112283411152159E-006 -1.908063509444497E-006  1.791489356664475E-005
  2.591631074652208E-005  7.112283411152159E-006  0.995975805161920     
  0.997941697447648       5.371512460423971E-006  5.371512461133735E-006
  4.302213488281135E-016 -7.513173791189719E-006  5.371512460423971E-006
  0.995984142688799      -2.921619743635690E-005 -4.846528777942852E-006
  1.856648347329433E-005  5.371512461133735E-006 -2.921619743635690E-005
  0.995984142688795       4.846528783609426E-006  1.856648347397611E-005
  4.302213488281135E-016 -4.846528777942852E-006  4.846528783609426E-006
  0.997950801707140      -5.191752823667193E-015 -7.513173791189719E-006
  1.856648347329433E-005  1.856648347397611E-005 -5.191752823667193E-015
  0.995987886777269       0.997942422218964       5.205386358740424E-006
  5.205386359450173E-006  4.232827917064335E-016 -6.230741207513245E-006
  5.205386358740424E-006  0.995975805161924      -2.591631074563753E-005
 -5.208573177685865E-006  1.791489356664473E-005  5.205386359450173E-006
 -2.591631074563753E-005  0.995975805161920       5.208573183352407E-006
  1.791489356732652E-005  4.232827917064335E-016 -5.208573177685865E-006
  5.208573183352407E-006  0.997951405144113      -5.191746038338103E-015
 -6.230741207513245E-006  1.791489356664473E-005  1.791489356732652E-005
 -5.191746038338103E-015  0.995984244095110       0.000000000000000E+000
  0.000000000000000E+000  0.000000000000000E+000  0.000000000000000E+000
  0.000000000000000E+000  0.000000000000000E+000  0.000000000000000E+000
  0.000000000000000E+000  0.000000000000000E+000  0.000000000000000E+000
  0.000000000000000E+000  0.000000000000000E+000  0.000000000000000E+000
  0.000000000000000E+000  0.000000000000000E+000  0.000000000000000E+000
  0.000000000000000E+000  0.000000000000000E+000  0.000000000000000E+000
  0.000000000000000E+000  0.000000000000000E+000  0.000000000000000E+000
  0.000000000000000E+000  0.000000000000000E+000  0.000000000000000E+000
  0.000000000000000E+000  0.000000000000000E+000  0.000000000000000E+000
  0.000000000000000E+000  0.000000000000000E+000  0.000000000000000E+000
  0.000000000000000E+000  0.000000000000000E+000  0.000000000000000E+000
  0.000000000000000E+000  0.000000000000000E+000  0.000000000000000E+000
  0.000000000000000E+000  0.000000000000000E+000  0.000000000000000E+000
  0.000000000000000E+000  0.000000000000000E+000  0.000000000000000E+000
  0.000000000000000E+000  0.000000000000000E+000  0.000000000000000E+000
  0.000000000000000E+000  0.000000000000000E+000  0.000000000000000E+000
  0.000000000000000E+000  0.000000000000000E+000  0.000000000000000E+000
  0.000000000000000E+000  0.000000000000000E+000  0.000000000000000E+000
  0.000000000000000E+000  0.000000000000000E+000  0.000000000000000E+000
  0.000000000000000E+000  0.000000000000000E+000  0.000000000000000E+000
  0.000000000000000E+000  0.000000000000000E+000  0.000000000000000E+000
  0.000000000000000E+000  0.000000000000000E+000  0.000000000000000E+000
  0.000000000000000E+000  0.000000000000000E+000  0.000000000000000E+000
  0.000000000000000E+000  0.000000000000000E+000  0.000000000000000E+000
  0.000000000000000E+000  0.000000000000000E+000  0.000000000000000E+000
  0.000000000000000E+000  0.000000000000000E+000  0.000000000000000E+000
  0.000000000000000E+000  0.000000000000000E+000  0.000000000000000E+000
  0.000000000000000E+000  0.000000000000000E+000  0.000000000000000E+000
  0.000000000000000E+000  0.000000000000000E+000  0.000000000000000E+000
  0.000000000000000E+000  0.000000000000000E+000  0.000000000000000E+000
  0.000000000000000E+000  0.000000000000000E+000  0.000000000000000E+000
  0.000000000000000E+000  0.000000000000000E+000  0.000000000000000E+000
  0.000000000000000E+000  0.000000000000000E+000  0.000000000000000E+000
  0.000000000000000E+000  0.000000000000000E+000  0.000000000000000E+000
  0.000000000000000E+000  0.000000000000000E+000  0.000000000000000E+000
  0.000000000000000E+000  0.000000000000000E+000  0.000000000000000E+000
  0.000000000000000E+000  0.000000000000000E+000  0.000000000000000E+000
  0.000000000000000E+000  0.000000000000000E+000  0.000000000000000E+000
  0.000000000000000E+000  0.000000000000000E+000  0.000000000000000E+000
  0.000000000000000E+000  0.000000000000000E+000  0.000000000000000E+000
  0.000000000000000E+000  0.000000000000000E+000  0.000000000000000E+000
  0.000000000000000E+000  0.000000000000000E+000  0.000000000000000E+000
  0.000000000000000E+000  0.000000000000000E+000  0.000000000000000E+000
  0.000000000000000E+000  0.000000000000000E+000  0.000000000000000E+000
  0.000000000000000E+000  0.000000000000000E+000  0.000000000000000E+000
  0.000000000000000E+000  0.000000000000000E+000  0.000000000000000E+000
  0.000000000000000E+000  0.000000000000000E+000  0.000000000000000E+000
  0.000000000000000E+000  0.000000000000000E+000  0.000000000000000E+000
  0.000000000000000E+000  0.000000000000000E+000  0.000000000000000E+000
  0.000000000000000E+000  0.000000000000000E+000  0.000000000000000E+000
  0.000000000000000E+000  0.000000000000000E+000  0.000000000000000E+000
  0.000000000000000E+000  0.000000000000000E+000  0.000000000000000E+000
  0.000000000000000E+000  0.000000000000000E+000  0.000000000000000E+000
  0.000000000000000E+000  0.000000000000000E+000  0.000000000000000E+000
  0.000000000000000E+000  0.000000000000000E+000  0.000000000000000E+000
  0.000000000000000E+000  0.000000000000000E+000  0.000000000000000E+000
  0.000000000000000E+000  0.000000000000000E+000  0.000000000000000E+000
  0.000000000000000E+000  0.000000000000000E+000  0.000000000000000E+000
  0.000000000000000E+000  0.000000000000000E+000  0.000000000000000E+000
  0.000000000000000E+000  0.000000000000000E+000  0.000000000000000E+000
  0.000000000000000E+000  0.000000000000000E+000  0.000000000000000E+000
  0.000000000000000E+000  0.000000000000000E+000  0.000000000000000E+000
  0.000000000000000E+000  0.000000000000000E+000  0.000000000000000E+000
  0.000000000000000E+000  0.000000000000000E+000  0.000000000000000E+000
  0.000000000000000E+000  0.000000000000000E+000  0.000000000000000E+000
  0.000000000000000E+000  0.000000000000000E+000  0.000000000000000E+000
  0.000000000000000E+000  0.997938430323312      -1.769843431156885E-005
 -1.769843431085919E-005  4.301910758696474E-016 -3.590211346418200E-005
 -1.769843431156885E-005  0.995950319954748       5.218024014708847E-005
  1.323110919916595E-005  7.065133001006188E-005 -1.769843431085919E-005
  5.218024014708847E-005  0.995950319954744      -1.323110919349947E-005
  7.065133001074371E-005  4.301910758696474E-016  1.323110919916595E-005
 -1.323110919349947E-005  0.997935486599304      -5.191444816929445E-015
 -3.590211346418200E-005  7.065133001006188E-005  7.065133001074371E-005
 -5.191444816929445E-015  0.995993552846968       0.997913653162462     
 -7.307232856807515E-005 -7.307232856736530E-005  4.300991529394596E-016
 -3.314865900594643E-005 -7.307232856807515E-005  0.995846710542203     
 -6.269675767916062E-005  1.929208276040006E-005  8.759911096135045E-005
 -7.307232856736530E-005 -6.269675767916062E-005  0.995846710542199     
 -1.929208275473499E-005  8.759911096203219E-005  4.300991529394596E-016
  1.929208276040006E-005 -1.929208275473499E-005  0.997935454691460     
 -5.191341524262680E-015 -3.314865900594643E-005  8.759911096135045E-005
  8.759911096203219E-005 -5.191341524262680E-015  0.995994975825793     
  0.997969073015683       1.909184047947387E-005 -1.777417102843474E-005
  4.591771787930416E-006  7.095657485158600E-006  1.909184047947387E-005
  0.996011086736976      -2.448537635586695E-005  6.164472503415203E-006
  6.539081648332611E-005 -1.777417102843474E-005 -2.448537635586695E-005
  0.996011941160282      -1.164933747673648E-005 -4.045781257236071E-005
  4.591771787930416E-006  6.164472503415203E-006 -1.164933747673648E-005
  0.997986921412448       3.772661409555618E-006  7.095657485158600E-006
  6.539081648332611E-005 -4.045781257236071E-005  3.772661409555618E-006
  0.996072470484037       0.997950678257307       5.857712646529459E-005
 -5.391605175833039E-005  2.267303540581873E-006  1.937708625979990E-006
  5.857712646529459E-005  0.995920930272888       6.180303679936182E-005
  4.905448013680923E-006  8.252739176847674E-005 -5.391605175833039E-005
  6.180303679936182E-005  0.995933277988536      -2.179115066605361E-005
 -5.661015834508610E-005  2.267303540581873E-006  4.905448013680923E-006
 -2.179115066605361E-005  0.997986662451831       3.125880680502130E-006
  1.937708625979990E-006  8.252739176847674E-005 -5.661015834508610E-005
  3.125880680502130E-006  0.996072635913743       0.997969073015683     
 -1.777417102914456E-005  1.909184048018370E-005 -4.591771787076946E-006
  7.095657485158661E-006 -1.777417102914456E-005  0.996011941160286     
 -2.448537635586716E-005  1.164933748240372E-005 -4.045781257304270E-005
  1.909184048018370E-005 -2.448537635586716E-005  0.996011086736972     
 -6.164472497748809E-006  6.539081648400808E-005 -4.591771787076946E-006
  1.164933748240372E-005 -6.164472497748809E-006  0.997986921412448     
 -3.772661419939911E-006  7.095657485158661E-006 -4.045781257304270E-005
  6.539081648400808E-005 -3.772661419939911E-006  0.996072470484037     
  0.997950678257307      -5.391605175904000E-005  5.857712646600422E-005
 -2.267303539700648E-006  1.937708625979987E-006 -5.391605175904000E-005
  0.995933277988540       6.180303679936155E-005  2.179115067172103E-005
 -5.661015834576833E-005  5.857712646600422E-005  6.180303679936155E-005
  0.995920930272884      -4.905448008014728E-006  8.252739176915893E-005
 -2.267303539700648E-006  2.179115067172103E-005 -4.905448008014728E-006
  0.997986662451831      -3.125880690886406E-006  1.937708625979987E-006
 -5.661015834576833E-005  8.252739176915893E-005 -3.125880690886406E-006
  0.996072635913743       0.998033722228283      -5.397899817916046E-005
 -5.397899817845039E-005  4.301198687670151E-016  1.335381525372747E-005
 -5.397899817916046E-005  0.996005987061447      -6.101669920096277E-005
  2.410901371650947E-005  1.463251283932812E-004 -5.397899817845039E-005
 -6.101669920096277E-005  0.996005987061443      -2.410901371084390E-005
  1.463251283939626E-004  4.301198687670151E-016  2.410901371650947E-005
 -2.410901371084390E-005  0.997948347824016      -5.191133062869608E-015
  1.335381525372747E-005  1.463251283932812E-004  1.463251283939626E-004
 -5.191133062869608E-015  0.996023589411493       0.998028374737593     
 -4.549530000762460E-005 -4.549530000691458E-005  4.440222848085396E-016
  1.355531589209471E-005 -4.549530000762460E-005  0.995961702820416     
 -1.000388793826065E-004  2.084226190820778E-005  1.406515277516377E-004
 -4.549530000691458E-005 -1.000388793826065E-004  0.995961702820412     
 -2.084226190254266E-005  1.406515277523191E-004  4.440222848085396E-016
  2.084226190820778E-005 -2.084226190254266E-005  0.997947279823946     
 -5.191161410870232E-015  1.355531589209471E-005  1.406515277516377E-004
  1.406515277523191E-004 -5.191161410870232E-015  0.996021815608766     
  0.000000000000000E+000  0.000000000000000E+000  0.000000000000000E+000
  0.000000000000000E+000  0.000000000000000E+000  0.000000000000000E+000
  0.000000000000000E+000  0.000000000000000E+000  0.000000000000000E+000
  0.000000000000000E+000  0.000000000000000E+000  0.000000000000000E+000
  0.000000000000000E+000  0.000000000000000E+000  0.000000000000000E+000
  0.000000000000000E+000  0.000000000000000E+000  0.000000000000000E+000
  0.000000000000000E+000  0.000000000000000E+000  0.000000000000000E+000
  0.000000000000000E+000  0.000000000000000E+000  0.000000000000000E+000
  0.000000000000000E+000  0.000000000000000E+000  0.000000000000000E+000
  0.000000000000000E+000  0.000000000000000E+000  0.000000000000000E+000
  0.000000000000000E+000  0.000000000000000E+000  0.000000000000000E+000
  0.000000000000000E+000  0.000000000000000E+000  0.000000000000000E+000
  0.000000000000000E+000  0.000000000000000E+000  0.000000000000000E+000
  0.000000000000000E+000  0.000000000000000E+000  0.000000000000000E+000
  0.000000000000000E+000  0.000000000000000E+000  0.000000000000000E+000
  0.000000000000000E+000  0.000000000000000E+000  0.000000000000000E+000
  0.000000000000000E+000  0.000000000000000E+000  0.000000000000000E+000
  0.000000000000000E+000  0.000000000000000E+000  0.000000000000000E+000
  0.000000000000000E+000  0.000000000000000E+000  0.000000000000000E+000
  0.000000000000000E+000  0.000000000000000E+000  0.000000000000000E+000
  0.000000000000000E+000  0.000000000000000E+000  0.000000000000000E+000
  0.000000000000000E+000  0.000000000000000E+000  0.000000000000000E+000
  0.000000000000000E+000  0.000000000000000E+000  0.000000000000000E+000
  0.000000000000000E+000  0.000000000000000E+000  0.000000000000000E+000
  0.000000000000000E+000  0.000000000000000E+000  0.000000000000000E+000
  0.000000000000000E+000  0.000000000000000E+000  0.000000000000000E+000
  0.000000000000000E+000  0.000000000000000E+000  0.000000000000000E+000
  0.000000000000000E+000  0.000000000000000E+000  0.000000000000000E+000
  0.000000000000000E+000  0.000000000000000E+000  0.000000000000000E+000
  0.000000000000000E+000  0.000000000000000E+000  0.000000000000000E+000
  0.000000000000000E+000  0.000000000000000E+000  0.000000000000000E+000
  0.000000000000000E+000  0.000000000000000E+000  0.000000000000000E+000
  0.000000000000000E+000  0.000000000000000E+000  0.000000000000000E+000
  0.000000000000000E+000  0.000000000000000E+000  0.000000000000000E+000
  0.000000000000000E+000  0.000000000000000E+000  0.000000000000000E+000
  0.000000000000000E+000  0.000000000000000E+000  0.000000000000000E+000
  0.000000000000000E+000  0.000000000000000E+000  0.000000000000000E+000
  0.000000000000000E+000  0.000000000000000E+000  0.000000000000000E+000
  0.000000000000000E+000  0.000000000000000E+000  0.000000000000000E+000
  0.000000000000000E+000  0.000000000000000E+000  0.000000000000000E+000
  0.000000000000000E+000  0.000000000000000E+000  0.000000000000000E+000
  0.000000000000000E+000  0.000000000000000E+000  0.000000000000000E+000
  0.000000000000000E+000  0.000000000000000E+000  0.000000000000000E+000
  0.000000000000000E+000  0.000000000000000E+000  0.000000000000000E+000
  0.000000000000000E+000  0.000000000000000E+000  0.000000000000000E+000
  0.000000000000000E+000  0.000000000000000E+000  0.000000000000000E+000
  0.000000000000000E+000  0.000000000000000E+000  0.000000000000000E+000
  0.000000000000000E+000  0.000000000000000E+000  0.000000000000000E+000
  0.000000000000000E+000  0.000000000000000E+000  0.000000000000000E+000
  0.000000000000000E+000  0.000000000000000E+000  0.000000000000000E+000
  0.000000000000000E+000  0.000000000000000E+000  0.000000000000000E+000
  0.000000000000000E+000  0.000000000000000E+000  0.000000000000000E+000
  0.000000000000000E+000  0.000000000000000E+000  0.000000000000000E+000
  0.000000000000000E+000  0.000000000000000E+000  0.000000000000000E+000
  0.000000000000000E+000  0.000000000000000E+000  0.000000000000000E+000
  0.000000000000000E+000  0.000000000000000E+000  0.000000000000000E+000
  0.000000000000000E+000  0.000000000000000E+000  0.000000000000000E+000
  0.000000000000000E+000  0.000000000000000E+000  0.000000000000000E+000
  0.000000000000000E+000  0.000000000000000E+000  0.000000000000000E+000
  0.000000000000000E+000  0.000000000000000E+000  0.000000000000000E+000
  0.000000000000000E+000  0.000000000000000E+000  0.000000000000000E+000
  0.000000000000000E+000  0.000000000000000E+000  0.000000000000000E+000
  0.000000000000000E+000  0.000000000000000E+000  0.000000000000000E+000
  0.000000000000000E+000  0.000000000000000E+000  0.000000000000000E+000
  0.000000000000000E+000  0.000000000000000E+000  0.000000000000000E+000
  0.000000000000000E+000  0.000000000000000E+000  0.000000000000000E+000
  0.000000000000000E+000  0.000000000000000E+000  0.997936222530308     
 -1.795105673609668E-005  2.030769383573775E-005  1.274669885913131E-006
  2.609259531470720E-006 -1.795105673609668E-005  0.995993552846972     
 -7.065133000985904E-005 -3.109214230783391E-005  7.065133001006195E-005
  2.030769383573775E-005 -7.065133000985904E-005  0.995950319954744     
  8.711739122793577E-006 -5.218024014620391E-005  1.274669885913131E-006
 -3.109214230783391E-005  8.711739122793577E-006  0.997937694392309     
 -2.194284832148458E-005  2.609259531470720E-006  7.065133001006195E-005
 -5.218024014620391E-005 -2.194284832148458E-005  0.995950319954744     
  0.997930004309212      -1.657432950697874E-005  5.324359803968678E-005
 -9.440338977734218E-006 -1.982873052108795E-005 -1.657432950697874E-005
  0.995994975825797      -8.759911096114779E-005 -2.870758079883833E-005
  8.759911096135073E-005  5.324359803968678E-005 -8.759911096114779E-005
  0.995846710542199       5.363645147478342E-005  6.269675768004483E-005
 -9.440338977734218E-006 -2.870758079883833E-005  5.363645147478342E-005
  0.997919103544710      -7.292853423470933E-005 -1.982873052108795E-005
  8.759911096135073E-005  6.269675768004483E-005 -7.292853423470933E-005
  0.995846710542199       0.997986435904275       6.815049363621860E-006
  1.897570770482091E-005 -5.432696614127148E-006  1.488451002915662E-005
  6.815049363621860E-006  0.996072470484041       4.045781257324546E-005
  4.258688933025922E-006  6.539081648332623E-005  1.897570770482091E-005
  4.045781257324546E-005  0.996011941160282       9.568214902594784E-006
  2.448537635675160E-005 -5.432696614127148E-006  4.258688933025922E-006
  9.568214902594784E-006  0.997969558523857       1.345178260764390E-005
  1.488451002915662E-005  6.539081648332623E-005  2.448537635675160E-005
  1.345178260764390E-005  0.996011086736972       0.997979629945666     
  3.675946391993985E-006  4.582971593215353E-005 -1.444796152690747E-005
  3.353680582997040E-005  3.675946391993985E-006  0.996072635913748     
  5.661015834597099E-005  1.151645540829800E-007  8.252739176847697E-005
  4.582971593215353E-005  5.661015834597099E-005  0.995933277988536     
  3.579709516057310E-005 -6.180303679847707E-005 -1.444796152690747E-005
  1.151645540829800E-007  3.579709516057310E-005  0.997957710763473     
  4.827655559192535E-005  3.353680582997040E-005  8.252739176847697E-005
 -6.180303679847707E-005  4.827655559192535E-005  0.995920930272884     
  0.997969691425084       6.676907622858518E-006  4.786851742149520E-005
  3.696820146377455E-005 -6.110480750364179E-006  6.676907622858518E-006
  0.996023589411498      -1.463251283930783E-004  1.156474324887118E-005
  1.463251283932813E-004  4.786851742149520E-005 -1.463251283930783E-004
  0.996005987061443       3.469267683707913E-005  6.101669920184706E-005
  3.696820146377455E-005  1.156474324887118E-005  3.469267683707913E-005
  0.998012378627215      -5.880169055311446E-005 -6.110480750364179E-006
  1.463251283932813E-004  6.101669920184706E-005 -5.880169055311446E-005
  0.996005987061442       0.997967553552359       6.777657942042098E-006
  4.079757828187971E-005  3.511512766778135E-005 -4.697721718444305E-006
  6.777657942042098E-006  0.996021815608770      -1.406515277514348E-004
  1.173924792057598E-005  1.406515277516378E-004  4.079757828187971E-005
 -1.406515277514348E-004  0.995961702820412       2.897895460664019E-005
  1.000388793834908E-004  3.511512766778135E-005  1.173924792057598E-005
  2.897895460664019E-005  0.998008101009180      -4.982121651437405E-005
 -4.697721718444305E-006  1.406515277516378E-004  1.000388793834908E-004
 -4.982121651437405E-005  0.995961702820412       0.997978482722242     
  2.806081135241206E-007 -4.207330457619172E-006 -1.002446840165511E-005
  1.201536682979129E-006  2.806081135241206E-007  0.996072470484041     
 -6.539081648312358E-005  8.031350347773802E-006 -4.045781257304261E-005
 -4.207330457619172E-006 -6.539081648312358E-005  0.996011086736972     
 -1.961625511058438E-005  2.448537635675164E-005 -1.002446840165511E-005
  8.031350347773802E-006 -1.961625511058438E-005  0.997977511705890     
 -2.121755238452330E-005  1.201536682979129E-006 -4.045781257304261E-005
  2.448537635675164E-005 -2.121755238452330E-005  0.996011941160282     
  0.997975702860738      -1.738237774026655E-006 -2.504032064262584E-005
 -1.671526506705907E-005 -8.086335819583652E-006 -1.738237774026655E-006
  0.996072635913748      -8.252739176827437E-005  3.241045239777387E-006
 -5.661015834576815E-005 -2.504032064262584E-005 -8.252739176827437E-005
  0.995920930272884      -5.318200360513154E-005 -6.180303679847689E-005
 -1.671526506705907E-005  3.241045239777387E-006 -5.318200360513154E-005
  0.997961637848400      -5.758824583181860E-005 -8.086335819583652E-006
 -5.661015834576815E-005 -6.180303679847689E-005 -5.758824583181860E-005
  0.995933277988536       0.000000000000000E+000  0.000000000000000E+000
  0.000000000000000E+000  0.000000000000000E+000  0.000000000000000E+000
  0.000000000000000E+000  0.000000000000000E+000  0.000000000000000E+000
  0.000000000000000E+000  0.000000000000000E+000  0.000000000000000E+000
  0.000000000000000E+000  0.000000000000000E+000  0.000000000000000E+000
  0.000000000000000E+000  0.000000000000000E+000  0.000000000000000E+000
  0.000000000000000E+000  0.000000000000000E+000  0.000000000000000E+000
  0.000000000000000E+000  0.000000000000000E+000  0.000000000000000E+000
  0.000000000000000E+000  0.000000000000000E+000  0.000000000000000E+000
  0.000000000000000E+000  0.000000000000000E+000  0.000000000000000E+000
  0.000000000000000E+000  0.000000000000000E+000  0.000000000000000E+000
  0.000000000000000E+000  0.000000000000000E+000  0.000000000000000E+000
  0.000000000000000E+000  0.000000000000000E+000  0.000000000000000E+000
  0.000000000000000E+000  0.000000000000000E+000  0.000000000000000E+000
  0.000000000000000E+000  0.000000000000000E+000  0.000000000000000E+000
  0.000000000000000E+000  0.000000000000000E+000  0.000000000000000E+000
  0.000000000000000E+000  0.000000000000000E+000  0.000000000000000E+000
  0.000000000000000E+000  0.000000000000000E+000  0.000000000000000E+000
  0.000000000000000E+000  0.000000000000000E+000  0.000000000000000E+000
  0.000000000000000E+000  0.000000000000000E+000  0.000000000000000E+000
  0.000000000000000E+000  0.000000000000000E+000  0.000000000000000E+000
  0.000000000000000E+000  0.000000000000000E+000  0.000000000000000E+000
  0.000000000000000E+000  0.000000000000000E+000  0.000000000000000E+000
  0.000000000000000E+000  0.000000000000000E+000  0.000000000000000E+000
  0.000000000000000E+000  0.000000000000000E+000  0.000000000000000E+000
  0.000000000000000E+000  0.000000000000000E+000  0.000000000000000E+000
  0.000000000000000E+000  0.000000000000000E+000  0.000000000000000E+000
  0.000000000000000E+000  0.000000000000000E+000  0.000000000000000E+000
  0.000000000000000E+000  0.000000000000000E+000  0.000000000000000E+000
  0.000000000000000E+000  0.000000000000000E+000  0.000000000000000E+000
  0.000000000000000E+000  0.000000000000000E+000  0.000000000000000E+000
  0.000000000000000E+000  0.000000000000000E+000  0.000000000000000E+000
  0.000000000000000E+000  0.000000000000000E+000  0.000000000000000E+000
  0.000000000000000E+000  0.000000000000000E+000  0.000000000000000E+000
  0.000000000000000E+000  0.000000000000000E+000  0.000000000000000E+000
  0.000000000000000E+000  0.000000000000000E+000  0.000000000000000E+000
  0.000000000000000E+000  0.000000000000000E+000  0.000000000000000E+000
  0.000000000000000E+000  0.000000000000000E+000  0.000000000000000E+000
  0.000000000000000E+000  0.000000000000000E+000  0.000000000000000E+000
  0.000000000000000E+000  0.000000000000000E+000  0.000000000000000E+000
  0.000000000000000E+000  0.000000000000000E+000  0.000000000000000E+000
  0.000000000000000E+000  0.000000000000000E+000  0.000000000000000E+000
  0.000000000000000E+000  0.000000000000000E+000  0.000000000000000E+000
  0.000000000000000E+000  0.000000000000000E+000  0.000000000000000E+000
  0.000000000000000E+000  0.000000000000000E+000  0.000000000000000E+000
  0.000000000000000E+000  0.000000000000000E+000  0.000000000000000E+000
  0.000000000000000E+000  0.000000000000000E+000  0.000000000000000E+000
  0.000000000000000E+000  0.000000000000000E+000  0.000000000000000E+000
  0.000000000000000E+000  0.000000000000000E+000  0.000000000000000E+000
  0.000000000000000E+000  0.000000000000000E+000  0.000000000000000E+000
  0.000000000000000E+000  0.000000000000000E+000  0.000000000000000E+000
  0.000000000000000E+000  0.000000000000000E+000  0.000000000000000E+000
  0.000000000000000E+000  0.000000000000000E+000  0.000000000000000E+000
  0.000000000000000E+000  0.000000000000000E+000  0.000000000000000E+000
  0.000000000000000E+000  0.000000000000000E+000  0.000000000000000E+000
  0.000000000000000E+000  0.000000000000000E+000  0.000000000000000E+000
  0.000000000000000E+000  0.000000000000000E+000  0.000000000000000E+000
  0.000000000000000E+000  0.000000000000000E+000  0.000000000000000E+000
  0.000000000000000E+000  0.000000000000000E+000  0.000000000000000E+000
  0.000000000000000E+000  0.000000000000000E+000  0.000000000000000E+000
  0.000000000000000E+000  0.000000000000000E+000  0.000000000000000E+000
  0.000000000000000E+000  0.000000000000000E+000  0.000000000000000E+000
  0.000000000000000E+000  0.000000000000000E+000  0.000000000000000E+000
  0.000000000000000E+000  0.000000000000000E+000  0.000000000000000E+000
  0.000000000000000E+000  0.000000000000000E+000  0.000000000000000E+000
  0.000000000000000E+000  0.000000000000000E+000  0.000000000000000E+000
  0.000000000000000E+000  0.000000000000000E+000  0.000000000000000E+000
  0.997932866490290      -7.332260437702525E-006  2.745713006605817E-005
 -1.163717297329725E-005 -1.298317886881472E-005 -7.332260437702525E-006
  0.995920427833021       1.566012170269186E-005 -1.075840109283222E-005
  5.513262268577663E-005  2.745713006605817E-005  1.566012170269186E-005
  0.996004134765763      -4.755714430618139E-005 -1.566012170180711E-005
 -1.163717297329725E-005 -1.075840109283222E-005 -4.755714430618139E-005
  0.997946303940186      -9.707232606708446E-007 -1.298317886881472E-005
  5.513262268577663E-005 -1.566012170180711E-005 -9.707232606708446E-007
  0.995920427833017       0.997929835754609      -2.207880291106833E-006
  2.114943335068944E-005 -1.812945333509721E-006 -1.473203481193452E-005
 -2.207880291106833E-006  0.995916173502923       2.146085575650933E-005
 -1.573636824896740E-005  6.058059888118534E-005  2.114943335068944E-005
  2.146085575650933E-005  0.995994065477290      -3.663189311642745E-005
 -2.146085575562456E-005 -1.812945333509721E-006 -1.573636824896740E-005
 -3.663189311642745E-005  0.997931929163560       5.956103702997238E-006
 -1.473203481193452E-005  6.058059888118534E-005 -2.146085575562456E-005
  5.956103702997238E-006  0.995916173502919       0.997892199447944     
 -7.161866436111794E-006  2.899430008917852E-005 -8.525085030561265E-006
 -1.058610578536917E-005 -7.161866436111794E-006  0.995902164614204     
  1.982029883594240E-005 -8.088876535529914E-006  5.924144166970510E-005
  2.899430008917852E-005  1.982029883594240E-005  0.995940881577035     
 -5.021960088609759E-005 -1.982029883505767E-005 -8.525085030561265E-006
 -8.088876535529914E-006 -5.021960088609759E-005  0.997902043368217     
 -2.157920005291883E-006 -1.058610578536917E-005  5.924144166970510E-005
 -1.982029883505767E-005 -2.157920005291883E-006  0.995902164614200     
  0.997888172040330      -1.477808920405589E-005  1.765414440599224E-005
  4.023270277382620E-006 -7.775362168836078E-006 -1.477808920405589E-005
  0.995895745237949       9.562208753283691E-006 -4.460811029923639E-007
  6.676521274714147E-005  1.765414440599224E-005  9.562208753283691E-006
  0.995918872082585      -3.057787507707798E-005 -9.562208752399025E-006
  4.023270277382620E-006 -4.460811029923639E-007 -3.057787507707798E-005
  0.997883526367973      -1.257516011948162E-005 -7.775362168836078E-006
  6.676521274714147E-005 -9.562208752399025E-006 -1.257516011948162E-005
  0.995895745237944       0.997885723870802      -1.421898679391965E-005
  3.199775207690039E-005  3.246760913354352E-005 -1.848265648056323E-005
 -1.421898679391965E-005  0.995855644072009       2.216105847590540E-004
 -2.865727344960620E-005  1.495403956779872E-004  3.199775207690039E-005
  2.216105847590540E-004  0.995994274786355       7.264120973723315E-005
 -7.215775105432246E-005  3.246760913354352E-005 -2.865727344960620E-005
  7.264120973723315E-005  0.997930347535585       4.451793826493381E-005
 -1.848265648056323E-005  1.495403956779872E-004 -7.215775105432246E-005
  4.451793826493381E-005  0.995901451826417       0.997879119888095     
 -1.155769202484330E-005  4.041344832598619E-005  3.862344793412882E-005
 -1.425133798577039E-005 -1.155769202484330E-005  0.995852735486226     
  2.177186578623936E-004 -3.173274254956264E-005  1.467664633226262E-004
  4.041344832598619E-005  2.177186578623936E-004  0.995980745607666     
  6.476282238029743E-005 -7.790284202124835E-005  3.862344793412882E-005
 -3.173274254956264E-005  6.476282238029743E-005  0.997924421989270     
  4.033218634183968E-005 -1.425133798577039E-005  1.467664633226262E-004
 -7.790284202124835E-005  4.033218634183968E-005  0.995897588108809     
  0.997947309393701       2.931233722174873E-005 -7.890800903403614E-005
 -3.088809089925248E-006 -3.192742020698446E-005  2.931233722174873E-005
  0.995901451826421       7.215775105520751E-005 -3.826541917495248E-005
  1.495403956779872E-004 -7.890800903403614E-005  7.215775105520751E-005
  0.995994274786355       8.609738705153689E-006 -2.216105847581687E-004
 -3.088809089925248E-006 -3.826541917495248E-005  8.609738705153689E-006
  0.997868762012687       2.014632944320418E-006 -3.192742020698446E-005
  1.495403956779872E-004 -2.216105847581687E-004  2.014632944320418E-006
  0.995855644072004       0.997946545351070       2.780302896980607E-005
 -7.629297356661859E-005 -3.046612647438749E-007 -3.326020719156264E-005
  2.780302896980607E-005  0.995897588108813       7.790284202213344E-005
 -3.250811390541190E-005  1.467664633226262E-004 -7.629297356661859E-005
  7.790284202213344E-005  0.995980745607666      -2.617661715555846E-006
 -2.177186578615083E-004 -3.046612647438749E-007 -3.250811390541190E-005
 -2.617661715555846E-006  0.997856996526295       5.857116371277401E-006
 -3.326020719156264E-005  1.467664633226262E-004 -2.177186578615083E-004
  5.857116371277401E-006  0.995852735486222       0.000000000000000E+000
  0.000000000000000E+000  0.000000000000000E+000  0.000000000000000E+000
  0.000000000000000E+000  0.000000000000000E+000  0.000000000000000E+000
  0.000000000000000E+000  0.000000000000000E+000  0.000000000000000E+000
  0.000000000000000E+000  0.000000000000000E+000  0.000000000000000E+000
  0.000000000000000E+000  0.000000000000000E+000  0.000000000000000E+000
  0.000000000000000E+000  0.000000000000000E+000  0.000000000000000E+000
  0.000000000000000E+000  0.000000000000000E+000  0.000000000000000E+000
  0.000000000000000E+000  0.000000000000000E+000  0.000000000000000E+000
  0.000000000000000E+000  0.000000000000000E+000  0.000000000000000E+000
  0.000000000000000E+000  0.000000000000000E+000  0.000000000000000E+000
  0.000000000000000E+000  0.000000000000000E+000  0.000000000000000E+000
  0.000000000000000E+000  0.000000000000000E+000  0.000000000000000E+000
  0.000000000000000E+000  0.000000000000000E+000  0.000000000000000E+000
  0.000000000000000E+000  0.000000000000000E+000  0.000000000000000E+000
  0.000000000000000E+000  0.000000000000000E+000  0.000000000000000E+000
  0.000000000000000E+000  0.000000000000000E+000  0.000000000000000E+000
  0.000000000000000E+000  0.000000000000000E+000  0.000000000000000E+000
  0.000000000000000E+000  0.000000000000000E+000  0.000000000000000E+000
  0.000000000000000E+000  0.000000000000000E+000  0.000000000000000E+000
  0.000000000000000E+000  0.000000000000000E+000  0.000000000000000E+000
  0.000000000000000E+000  0.000000000000000E+000  0.000000000000000E+000
  0.000000000000000E+000  0.000000000000000E+000  0.000000000000000E+000
  0.000000000000000E+000  0.000000000000000E+000  0.000000000000000E+000
  0.000000000000000E+000  0.000000000000000E+000  0.000000000000000E+000
  0.000000000000000E+000  0.000000000000000E+000  0.000000000000000E+000
  0.000000000000000E+000  0.000000000000000E+000  0.000000000000000E+000
  0.000000000000000E+000  0.000000000000000E+000  0.000000000000000E+000
  0.000000000000000E+000  0.000000000000000E+000  0.000000000000000E+000
  0.000000000000000E+000  0.000000000000000E+000  0.000000000000000E+000
  0.000000000000000E+000  0.000000000000000E+000  0.000000000000000E+000
  0.000000000000000E+000  0.000000000000000E+000  0.000000000000000E+000
  0.000000000000000E+000  0.000000000000000E+000  0.000000000000000E+000
  0.000000000000000E+000  0.000000000000000E+000  0.000000000000000E+000
  0.000000000000000E+000  0.000000000000000E+000  0.000000000000000E+000
  0.000000000000000E+000  0.000000000000000E+000  0.000000000000000E+000
  0.000000000000000E+000  0.000000000000000E+000  0.000000000000000E+000
  0.000000000000000E+000  0.000000000000000E+000  0.000000000000000E+000
  0.000000000000000E+000  0.000000000000000E+000  0.000000000000000E+000
  0.000000000000000E+000  0.000000000000000E+000  0.000000000000000E+000
  0.000000000000000E+000  0.000000000000000E+000  0.000000000000000E+000
  0.000000000000000E+000  0.000000000000000E+000  0.000000000000000E+000
  0.000000000000000E+000  0.000000000000000E+000  0.000000000000000E+000
  0.000000000000000E+000  0.000000000000000E+000  0.000000000000000E+000
  0.000000000000000E+000  0.000000000000000E+000  0.000000000000000E+000
  0.000000000000000E+000  0.000000000000000E+000  0.000000000000000E+000
  0.000000000000000E+000  0.000000000000000E+000  0.000000000000000E+000
  0.000000000000000E+000  0.000000000000000E+000  0.000000000000000E+000
  0.000000000000000E+000  0.000000000000000E+000  0.000000000000000E+000
  0.000000000000000E+000  0.000000000000000E+000  0.000000000000000E+000
  0.000000000000000E+000  0.000000000000000E+000  0.000000000000000E+000
  0.000000000000000E+000  0.000000000000000E+000  0.000000000000000E+000
  0.000000000000000E+000  0.000000000000000E+000  0.000000000000000E+000
  0.000000000000000E+000  0.000000000000000E+000  0.000000000000000E+000
  0.000000000000000E+000  0.000000000000000E+000  0.000000000000000E+000
  0.000000000000000E+000  0.000000000000000E+000  0.000000000000000E+000
  0.000000000000000E+000  0.000000000000000E+000  0.000000000000000E+000
  0.000000000000000E+000  0.000000000000000E+000  0.000000000000000E+000
  0.000000000000000E+000  0.000000000000000E+000  0.000000000000000E+000
  0.000000000000000E+000  0.000000000000000E+000  0.000000000000000E+000
  0.000000000000000E+000  0.000000000000000E+000  0.000000000000000E+000
  0.000000000000000E+000  0.000000000000000E+000  0.000000000000000E+000
  0.000000000000000E+000  0.000000000000000E+000  0.000000000000000E+000
  0.000000000000000E+000  0.000000000000000E+000  0.000000000000000E+000
  0.000000000000000E+000  0.000000000000000E+000  0.000000000000000E+000
  0.000000000000000E+000  0.000000000000000E+000  0.000000000000000E+000
  0.000000000000000E+000  0.000000000000000E+000  0.000000000000000E+000
  0.000000000000000E+000  0.997936222530308       2.030769383502791E-005
 -1.795105673538681E-005 -1.274669885045742E-006  2.609259531470946E-006
  2.030769383502791E-005  0.995950319954748      -7.065133000985925E-005
 -8.711739117126889E-006 -5.218024014688558E-005 -1.795105673538681E-005
 -7.065133000985925E-005  0.995993552846968       3.109214231349991E-005
  7.065133001074352E-005 -1.274669885045742E-006 -8.711739117126889E-006
  3.109214231349991E-005  0.997937694392309       2.194284831110127E-005
  2.609259531470946E-006 -5.218024014688558E-005  7.065133001074352E-005
  2.194284831110127E-005  0.995950319954744       0.997930004309212     
  5.324359803897712E-005 -1.657432950626896E-005  9.440338978615567E-006
 -1.982873052108779E-005  5.324359803897712E-005  0.995846710542203     
 -8.759911096114759E-005 -5.363645146911850E-005  6.269675767936358E-005
 -1.657432950626896E-005 -8.759911096114759E-005  0.995994975825793     
  2.870758080450430E-005  8.759911096203184E-005  9.440338978615567E-006
 -5.363645146911850E-005  2.870758080450430E-005  0.997919103544710     
  7.292853422432754E-005 -1.982873052108779E-005  6.269675767936358E-005
  8.759911096203184E-005  7.292853422432754E-005  0.995846710542199     
  0.997969691425085       4.786851742078533E-005  6.676907623568328E-006
 -3.696820146292791E-005 -6.110480750363857E-006  4.786851742078533E-005
  0.996005987061447      -1.463251283930784E-004 -3.469267683141364E-005
  6.101669920116587E-005  6.676907623568328E-006 -1.463251283930784E-004
  0.996023589411494      -1.156474324320579E-005  1.463251283939625E-004
 -3.696820146292791E-005 -3.469267683141364E-005 -1.156474324320579E-005
  0.998012378627215       5.880169054273161E-005 -6.110480750363857E-006
  6.101669920116587E-005  1.463251283939625E-004  5.880169054273161E-005
  0.996005987061443       0.997967553552359       4.079757828116989E-005
  6.777657942751923E-006 -3.511512766692086E-005 -4.697721718444070E-006
  4.079757828116989E-005  0.995961702820416      -1.406515277514347E-004
 -2.897895460097521E-005  1.000388793828096E-004  6.777657942751923E-006
 -1.406515277514347E-004  0.996021815608766      -1.173924791491056E-005
  1.406515277523189E-004 -3.511512766692086E-005 -2.897895460097521E-005
 -1.173924791491056E-005  0.998008101009180       4.982121650399172E-005
 -4.697721718444070E-006  1.000388793828096E-004  1.406515277523189E-004
  4.982121650399172E-005  0.995961702820411       0.997986435904275     
  1.897570770411120E-005  6.815049364331640E-006  5.432696614959847E-006
  1.488451002915667E-005  1.897570770411120E-005  0.996011941160286     
  4.045781257324547E-005 -9.568214896927685E-006  2.448537635606984E-005
  6.815049364331640E-006  4.045781257324547E-005  0.996072470484037     
 -4.258688927358822E-006  6.539081648400795E-005  5.432696614959847E-006
 -9.568214896927685E-006 -4.258688927358822E-006  0.997969558523857     
 -1.345178261802732E-005  1.488451002915667E-005  2.448537635606984E-005
  6.539081648400795E-005 -1.345178261802732E-005  0.996011086736972     
  0.997979629945666       4.582971593144388E-005  3.675946392703738E-006
  1.444796152780961E-005  3.353680582997053E-005  4.582971593144388E-005
  0.995933277988540       5.661015834597098E-005 -3.579709515490569E-005
 -6.180303679915886E-005  3.675946392703738E-006  5.661015834597098E-005
  0.996072635913744      -1.151645484159513E-007  8.252739176915865E-005
  1.444796152780961E-005 -3.579709515490569E-005 -1.151645484159513E-007
  0.997957710763473      -4.827655560230848E-005  3.353680582997053E-005
 -6.180303679915886E-005  8.252739176915865E-005 -4.827655560230848E-005
  0.995920930272884       0.997978482722242      -4.207330458329006E-006
  2.806081142340334E-007  1.002446840249470E-005  1.201536682979065E-006
 -4.207330458329006E-006  0.996011086736976      -6.539081648312332E-005
  1.961625511625085E-005  2.448537635606975E-005  2.806081142340334E-007
 -6.539081648312332E-005  0.996072470484037      -8.031350342106459E-006
 -4.045781257236083E-005  1.002446840249470E-005  1.961625511625085E-005
 -8.031350342106459E-006  0.997977511705889       2.121755237413928E-005
  1.201536682979065E-006  2.448537635606975E-005 -4.045781257236083E-005
  2.121755237413928E-005  0.996011941160282       0.997975702860738     
 -2.504032064333560E-005 -1.738237773316686E-006  1.671526506792635E-005
 -8.086335819583682E-006 -2.504032064333560E-005  0.995920930272888     
 -8.252739176827408E-005  5.318200361079806E-005 -6.180303679915902E-005
 -1.738237773316686E-006 -8.252739176827408E-005  0.996072635913744     
 -3.241045234110020E-006 -5.661015834508636E-005  1.671526506792635E-005
  5.318200361079806E-005 -3.241045234110020E-006  0.997961637848400     
  5.758824582143470E-005 -8.086335819583682E-006 -6.180303679915902E-005
 -5.661015834508636E-005  5.758824582143470E-005  0.995933277988536     
  0.000000000000000E+000  0.000000000000000E+000  0.000000000000000E+000
  0.000000000000000E+000  0.000000000000000E+000  0.000000000000000E+000
  0.000000000000000E+000  0.000000000000000E+000  0.000000000000000E+000
  0.000000000000000E+000  0.000000000000000E+000  0.000000000000000E+000
  0.000000000000000E+000  0.000000000000000E+000  0.000000000000000E+000
  0.000000000000000E+000  0.000000000000000E+000  0.000000000000000E+000
  0.000000000000000E+000  0.000000000000000E+000  0.000000000000000E+000
  0.000000000000000E+000  0.000000000000000E+000  0.000000000000000E+000
  0.000000000000000E+000  0.000000000000000E+000  0.000000000000000E+000
  0.000000000000000E+000  0.000000000000000E+000  0.000000000000000E+000
  0.000000000000000E+000  0.000000000000000E+000  0.000000000000000E+000
  0.000000000000000E+000  0.000000000000000E+000  0.000000000000000E+000
  0.000000000000000E+000  0.000000000000000E+000  0.000000000000000E+000
  0.000000000000000E+000  0.000000000000000E+000  0.000000000000000E+000
  0.000000000000000E+000  0.000000000000000E+000  0.000000000000000E+000
  0.000000000000000E+000  0.000000000000000E+000  0.000000000000000E+000
  0.000000000000000E+000  0.000000000000000E+000  0.000000000000000E+000
  0.000000000000000E+000  0.000000000000000E+000  0.000000000000000E+000
  0.000000000000000E+000  0.000000000000000E+000  0.000000000000000E+000
  0.000000000000000E+000  0.000000000000000E+000  0.000000000000000E+000
  0.000000000000000E+000  0.000000000000000E+000  0.000000000000000E+000
  0.000000000000000E+000  0.000000000000000E+000  0.000000000000000E+000
  0.000000000000000E+000  0.000000000000000E+000  0.000000000000000E+000
  0.000000000000000E+000  0.000000000000000E+000  0.000000000000000E+000
  0.000000000000000E+000  0.000000000000000E+000  0.000000000000000E+000
  0.000000000000000E+000  0.000000000000000E+000  0.000000000000000E+000
  0.000000000000000E+000  0.000000000000000E+000  0.000000000000000E+000
  0.000000000000000E+000  0.000000000000000E+000  0.000000000000000E+000
  0.000000000000000E+000  0.000000000000000E+000  0.000000000000000E+000
  0.000000000000000E+000  0.000000000000000E+000  0.000000000000000E+000
  0.000000000000000E+000  0.000000000000000E+000  0.000000000000000E+000
  0.000000000000000E+000  0.000000000000000E+000  0.000000000000000E+000
  0.000000000000000E+000  0.000000000000000E+000  0.000000000000000E+000
  0.000000000000000E+000  0.000000000000000E+000  0.000000000000000E+000
  0.000000000000000E+000  0.000000000000000E+000  0.000000000000000E+000
  0.000000000000000E+000  0.000000000000000E+000  0.000000000000000E+000
  0.000000000000000E+000  0.000000000000000E+000  0.000000000000000E+000
  0.000000000000000E+000  0.000000000000000E+000  0.000000000000000E+000
  0.000000000000000E+000  0.000000000000000E+000  0.000000000000000E+000
  0.000000000000000E+000  0.000000000000000E+000  0.000000000000000E+000
  0.000000000000000E+000  0.000000000000000E+000  0.000000000000000E+000
  0.000000000000000E+000  0.000000000000000E+000  0.000000000000000E+000
  0.000000000000000E+000  0.000000000000000E+000  0.000000000000000E+000
  0.000000000000000E+000  0.000000000000000E+000  0.000000000000000E+000
  0.000000000000000E+000  0.000000000000000E+000  0.000000000000000E+000
  0.000000000000000E+000  0.000000000000000E+000  0.000000000000000E+000
  0.000000000000000E+000  0.000000000000000E+000  0.000000000000000E+000
  0.000000000000000E+000  0.000000000000000E+000  0.000000000000000E+000
  0.000000000000000E+000  0.000000000000000E+000  0.000000000000000E+000
  0.000000000000000E+000  0.000000000000000E+000  0.000000000000000E+000
  0.000000000000000E+000  0.000000000000000E+000  0.000000000000000E+000
  0.000000000000000E+000  0.000000000000000E+000  0.000000000000000E+000
  0.000000000000000E+000  0.000000000000000E+000  0.000000000000000E+000
  0.000000000000000E+000  0.000000000000000E+000  0.000000000000000E+000
  0.000000000000000E+000  0.000000000000000E+000  0.000000000000000E+000
  0.000000000000000E+000  0.000000000000000E+000  0.000000000000000E+000
  0.000000000000000E+000  0.000000000000000E+000  0.000000000000000E+000
  0.000000000000000E+000  0.000000000000000E+000  0.000000000000000E+000
  0.000000000000000E+000  0.000000000000000E+000  0.000000000000000E+000
  0.000000000000000E+000  0.000000000000000E+000  0.000000000000000E+000
  0.000000000000000E+000  0.000000000000000E+000  0.000000000000000E+000
  0.000000000000000E+000  0.000000000000000E+000  0.000000000000000E+000
  0.000000000000000E+000  0.000000000000000E+000  0.000000000000000E+000
  0.000000000000000E+000  0.000000000000000E+000  0.000000000000000E+000
  0.000000000000000E+000  0.000000000000000E+000  0.000000000000000E+000
  0.000000000000000E+000  0.000000000000000E+000  0.000000000000000E+000
  0.000000000000000E+000  0.000000000000000E+000  0.997932866490290     
  2.745713006534848E-005 -7.332260436992896E-006  1.163717297414379E-005
 -1.298317886881463E-005  2.745713006534848E-005  0.996004134765767     
  1.566012170269154E-005  4.755714431184872E-005 -1.566012170248892E-005
 -7.332260436992896E-006  1.566012170269154E-005  0.995920427833017     
  1.075840109849829E-005  5.513262268645841E-005  1.163717297414379E-005
  4.755714431184872E-005  1.075840109849829E-005  0.997946303940186     
  9.707232502879388E-007 -1.298317886881463E-005 -1.566012170248892E-005
  5.513262268645841E-005  9.707232502879388E-007  0.995920427833017     
  0.997929835754609       2.114943334997978E-005 -2.207880290397213E-006
  1.812945334411783E-006 -1.473203481193442E-005  2.114943334997978E-005
  0.995994065477294       2.146085575650899E-005  3.663189312209479E-005
 -2.146085575630636E-005 -2.207880290397213E-006  2.146085575650899E-005
  0.995916173502919       1.573636825463343E-005  6.058059888186711E-005
  1.812945334411783E-006  3.663189312209479E-005  1.573636825463343E-005
  0.997931929163560      -5.956103713380095E-006 -1.473203481193442E-005
 -2.146085575630636E-005  6.058059888186711E-005 -5.956103713380095E-006
  0.995916173502919       0.997885723870802       3.199775207619085E-005
 -1.421898679321029E-005 -3.246760913268300E-005 -1.848265648056288E-005
  3.199775207619085E-005  0.995994274786359       2.216105847590532E-004
 -7.264120973156442E-005 -7.215775105500414E-005 -1.421898679321029E-005
  2.216105847590532E-004  0.995855644072005       2.865727345527245E-005
  1.495403956786692E-004 -3.246760913268300E-005 -7.264120973156442E-005
  2.865727345527245E-005  0.997930347535585      -4.451793827531650E-005
 -1.848265648056288E-005 -7.215775105500414E-005  1.495403956786692E-004
 -4.451793827531650E-005  0.995901451826417       0.997879119888095     
  4.041344832527666E-005 -1.155769202413394E-005 -3.862344793327523E-005
 -1.425133798577001E-005  4.041344832527666E-005  0.995980745607670     
  2.177186578623928E-004 -6.476282237462875E-005 -7.790284202193009E-005
 -1.155769202413394E-005  2.177186578623928E-004  0.995852735486222     
  3.173274255522885E-005  1.467664633233083E-004 -3.862344793327523E-005
 -6.476282237462875E-005  3.173274255522885E-005  0.997924421989270     
 -4.033218635222238E-005 -1.425133798577001E-005 -7.790284202193009E-005
  1.467664633233083E-004 -4.033218635222238E-005  0.995897588108809     
  0.997892199447944       2.899430008846891E-005 -7.161866435402182E-006
  8.525085031449439E-006 -1.058610578536905E-005  2.899430008846891E-005
  0.995940881577039       1.982029883594215E-005  5.021960089176459E-005
 -1.982029883573954E-005 -7.161866435402182E-006  1.982029883594215E-005
  0.995902164614200       8.088876541195873E-006  5.924144167038687E-005
  8.525085031449439E-006  5.021960089176459E-005  8.088876541195873E-006
  0.997902043368217       2.157919994909253E-006 -1.058610578536905E-005
 -1.982029883573954E-005  5.924144167038687E-005  2.157919994909253E-006
  0.995902164614200       0.997888172040330       1.765414440528259E-005
 -1.477808920334623E-005 -4.023270276515282E-006 -7.775362168835929E-006
  1.765414440528259E-005  0.995918872082589       9.562208753283476E-006
  3.057787508274465E-005 -9.562208753080813E-006 -1.477808920334623E-005
  9.562208753283476E-006  0.995895745237945       4.460811086582515E-007
  6.676521274782319E-005 -4.023270276515282E-006  3.057787508274465E-005
  4.460811086582515E-007  0.997883526367973       1.257516010909917E-005
 -7.775362168835929E-006 -9.562208753080813E-006  6.676521274782319E-005
  1.257516010909917E-005  0.995895745237944       0.997947309393701     
 -7.890800903474589E-005  2.931233722245841E-005  3.088809090771771E-006
 -3.192742020698426E-005 -7.890800903474589E-005  0.995994274786359     
  7.215775105520660E-005 -8.609738699484577E-006 -2.216105847588506E-004
  2.931233722245841E-005  7.215775105520660E-005  0.995901451826417     
  3.826541918061809E-005  1.495403956786691E-004  3.088809090771771E-006
 -8.609738699484577E-006  3.826541918061809E-005  0.997868762012687     
 -2.014632954703357E-006 -3.192742020698426E-005 -2.216105847588506E-004
  1.495403956786691E-004 -2.014632954703357E-006  0.995855644072004     
  0.997946545351070      -7.629297356732827E-005  2.780302897051571E-005
  3.046612655834444E-007 -3.326020719156243E-005 -7.629297356732827E-005
  0.995980745607670       7.790284202213255E-005  2.617661721224903E-006
 -2.177186578621902E-004  2.780302897051571E-005  7.790284202213255E-005
  0.995897588108809       3.250811391107751E-005  1.467664633233081E-004
  3.046612655834444E-007  2.617661721224903E-006  3.250811391107751E-005
  0.997856996526295      -5.857116381660260E-006 -3.326020719156243E-005
 -2.177186578621902E-004  1.467664633233081E-004 -5.857116381660260E-006
  0.995852735486222       0.000000000000000E+000  0.000000000000000E+000
  0.000000000000000E+000  0.000000000000000E+000  0.000000000000000E+000
  0.000000000000000E+000  0.000000000000000E+000  0.000000000000000E+000
  0.000000000000000E+000  0.000000000000000E+000  0.000000000000000E+000
  0.000000000000000E+000  0.000000000000000E+000  0.000000000000000E+000
  0.000000000000000E+000  0.000000000000000E+000  0.000000000000000E+000
  0.000000000000000E+000  0.000000000000000E+000  0.000000000000000E+000
  0.000000000000000E+000  0.000000000000000E+000  0.000000000000000E+000
  0.000000000000000E+000  0.000000000000000E+000  0.000000000000000E+000
  0.000000000000000E+000  0.000000000000000E+000  0.000000000000000E+000
  0.000000000000000E+000  0.000000000000000E+000  0.000000000000000E+000
  0.000000000000000E+000  0.000000000000000E+000  0.000000000000000E+000
  0.000000000000000E+000  0.000000000000000E+000  0.000000000000000E+000
  0.000000000000000E+000  0.000000000000000E+000  0.000000000000000E+000
  0.000000000000000E+000  0.000000000000000E+000  0.000000000000000E+000
  0.000000000000000E+000  0.000000000000000E+000  0.000000000000000E+000
  0.000000000000000E+000  0.000000000000000E+000  0.000000000000000E+000
  0.000000000000000E+000  0.000000000000000E+000  0.000000000000000E+000
  0.000000000000000E+000  0.000000000000000E+000  0.000000000000000E+000
  0.000000000000000E+000  0.000000000000000E+000  0.000000000000000E+000
  0.000000000000000E+000  0.000000000000000E+000  0.000000000000000E+000
  0.000000000000000E+000  0.000000000000000E+000  0.000000000000000E+000
  0.000000000000000E+000  0.000000000000000E+000  0.000000000000000E+000
  0.000000000000000E+000  0.000000000000000E+000  0.000000000000000E+000
  0.000000000000000E+000  0.000000000000000E+000  0.000000000000000E+000
  0.000000000000000E+000  0.000000000000000E+000  0.000000000000000E+000
  0.000000000000000E+000  0.000000000000000E+000  0.000000000000000E+000
  0.000000000000000E+000  0.000000000000000E+000  0.000000000000000E+000
  0.000000000000000E+000  0.000000000000000E+000  0.000000000000000E+000
  0.000000000000000E+000  0.000000000000000E+000  0.000000000000000E+000
  0.000000000000000E+000  0.000000000000000E+000  0.000000000000000E+000
  0.000000000000000E+000  0.000000000000000E+000  0.000000000000000E+000
  0.000000000000000E+000  0.000000000000000E+000  0.000000000000000E+000
  0.000000000000000E+000  0.000000000000000E+000  0.000000000000000E+000
  0.000000000000000E+000  0.000000000000000E+000  0.000000000000000E+000
  0.000000000000000E+000  0.000000000000000E+000  0.000000000000000E+000
  0.000000000000000E+000  0.000000000000000E+000  0.000000000000000E+000
  0.000000000000000E+000  0.000000000000000E+000  0.000000000000000E+000
  0.000000000000000E+000  0.000000000000000E+000  0.000000000000000E+000
  0.000000000000000E+000  0.000000000000000E+000  0.000000000000000E+000
  0.000000000000000E+000  0.000000000000000E+000  0.000000000000000E+000
  0.000000000000000E+000  0.000000000000000E+000  0.000000000000000E+000
  0.000000000000000E+000  0.000000000000000E+000  0.000000000000000E+000
  0.000000000000000E+000  0.000000000000000E+000  0.000000000000000E+000
  0.000000000000000E+000  0.000000000000000E+000  0.000000000000000E+000
  0.000000000000000E+000  0.000000000000000E+000  0.000000000000000E+000
  0.000000000000000E+000  0.000000000000000E+000  0.000000000000000E+000
  0.000000000000000E+000  0.000000000000000E+000  0.000000000000000E+000
  0.000000000000000E+000  0.000000000000000E+000  0.000000000000000E+000
  0.000000000000000E+000  0.000000000000000E+000  0.000000000000000E+000
  0.000000000000000E+000  0.000000000000000E+000  0.000000000000000E+000
  0.000000000000000E+000  0.000000000000000E+000  0.000000000000000E+000
  0.000000000000000E+000  0.000000000000000E+000  0.000000000000000E+000
  0.000000000000000E+000  0.000000000000000E+000  0.000000000000000E+000
  0.000000000000000E+000  0.000000000000000E+000  0.000000000000000E+000
  0.000000000000000E+000  0.000000000000000E+000  0.000000000000000E+000
  0.000000000000000E+000  0.000000000000000E+000  0.000000000000000E+000
  0.000000000000000E+000  0.000000000000000E+000  0.000000000000000E+000
  0.000000000000000E+000  0.000000000000000E+000  0.000000000000000E+000
  0.000000000000000E+000  0.000000000000000E+000  0.000000000000000E+000
  0.000000000000000E+000  0.000000000000000E+000  0.000000000000000E+000
  0.000000000000000E+000  0.000000000000000E+000  0.000000000000000E+000
  0.000000000000000E+000  0.000000000000000E+000  0.000000000000000E+000
  0.000000000000000E+000  0.000000000000000E+000  0.000000000000000E+000
  0.000000000000000E+000  0.000000000000000E+000  0.000000000000000E+000
  0.000000000000000E+000  0.000000000000000E+000  0.000000000000000E+000
  0.000000000000000E+000  0.000000000000000E+000  0.000000000000000E+000
  0.997953022665137      -5.650918439123584E-006 -5.650918438413686E-006
  4.371538355623224E-016  5.491426013870932E-005 -5.650918439123584E-006
  0.995920427833021      -5.513262268557391E-005 -1.172912434831147E-005
 -1.566012170248902E-005 -5.650918438413686E-006 -5.513262268557391E-005
  0.995920427833017       1.172912435397780E-005 -1.566012170180706E-005
  4.371538355623224E-016 -1.172912434831147E-005  1.172912435397780E-005
  0.997926147765339      -5.191983568239578E-015  5.491426013870932E-005
 -1.566012170248902E-005 -1.566012170180706E-005 -5.191983568239578E-015
  0.996004134765763       0.997932975868039      -1.252415452883904E-005
 -1.252415452812913E-005  4.440819753690117E-016  4.229886670797191E-005
 -1.252415452883904E-005  0.995916173502923      -6.058059888098264E-005
 -9.780264540778580E-006 -2.146085575630647E-005 -1.252415452812913E-005
 -6.058059888098264E-005  0.995916173502919       9.780264546444898E-006
 -2.146085575562451E-005  4.440819753690117E-016 -9.780264540778580E-006
  9.780264546444898E-006  0.997928789050130      -5.191979231634538E-015
  4.229886670797191E-005 -2.146085575630647E-005 -2.146085575562451E-005
 -5.191979231634538E-015  0.995994065477290       0.997891073845082     
 -4.779499371032287E-005 -1.770843342036646E-005 -3.555641822305951E-005
 -4.691025695054097E-005 -4.779499371032287E-005  0.995901451826421     
 -1.495403956777845E-004  6.252519095172943E-006 -7.215775105500459E-005
 -1.770843342036646E-005 -1.495403956777845E-004  0.995855644072005     
  2.664264050576102E-005 -2.216105847581684E-004 -3.555641822305951E-005
  6.252519095172943E-006  2.664264050576102E-005  0.997924997561306     
  6.403147102688691E-005 -4.691025695054097E-005 -7.215775105500459E-005
 -2.216105847581684E-004  6.403147102688691E-005  0.995994274786355     
  0.997879647576885      -4.205436696358738E-005 -2.170251517402093E-005
 -3.892810919847034E-005 -3.587952523403763E-005 -4.205436696358738E-005
  0.995897588108813      -1.467664633224236E-004  7.824072441619418E-006
 -7.790284202193047E-005 -2.170251517402093E-005 -1.467664633224236E-004
  0.995852735486222       2.587562617876047E-005 -2.177186578615081E-004
 -3.892810919847034E-005  7.824072441619418E-006  2.587562617876047E-005
  0.997923894300480       6.738048409066075E-005 -3.587952523403763E-005
 -7.790284202193047E-005 -2.177186578615081E-004  6.738048409066075E-005
  0.995980745607666       0.997891073845082      -1.770843342107632E-005
 -4.779499370961298E-005  3.555641822391292E-005 -4.691025695054091E-005
 -1.770843342107632E-005  0.995855644072009      -1.495403956777848E-004
 -2.664264050009391E-005 -2.216105847588508E-004 -4.779499370961298E-005
 -1.495403956777848E-004  0.995901451826417      -6.252519089506890E-006
 -7.215775105432214E-005  3.555641822391292E-005 -2.664264050009391E-005
 -6.252519089506890E-006  0.997924997561306      -6.403147103727227E-005
 -4.691025695054091E-005 -2.216105847588508E-004 -7.215775105432214E-005
 -6.403147103727227E-005  0.995994274786355       0.997879647576885     
 -2.170251517473080E-005 -4.205436696287748E-005  3.892810919930295E-005
 -3.587952523403760E-005 -2.170251517473080E-005  0.995852735486226     
 -1.467664633224239E-004 -2.587562617309340E-005 -2.177186578621904E-004
 -4.205436696287748E-005 -1.467664633224239E-004  0.995897588108809     
 -7.824072435953342E-006 -7.790284202124810E-005  3.892810919930295E-005
 -2.587562617309340E-005 -7.824072435953342E-006  0.997923894300479     
 -6.738048410104603E-005 -3.587952523403760E-005 -2.177186578621904E-004
 -7.790284202124810E-005 -6.738048410104603E-005  0.995980745607666     
  0.997906965328357      -3.424239357268592E-006 -3.424239356558696E-006
  4.440924473240237E-016  5.798860018494969E-005 -3.424239357268592E-006
  0.995902164614204      -5.924144166950239E-005 -1.024679653563033E-005
 -1.982029883573956E-005 -3.424239356558696E-006 -5.924144166950239E-005
  0.995902164614200       1.024679654129657E-005 -1.982029883505770E-005
  4.440924473240237E-016 -1.024679653563033E-005  1.024679654129657E-005
  0.997887277487805      -5.191710962225298E-015  5.798860018494969E-005
 -1.982029883573956E-005 -1.982029883505770E-005 -5.191710962225298E-015
  0.995940881577035       0.997881203531798       7.002727027208798E-006
  7.002727027918620E-006  4.232907767008163E-016  3.530828881857683E-005
  7.002727027208798E-006  0.995895745237949      -6.676521274693876E-005
 -1.302124121728266E-005 -9.562208753080832E-006  7.002727027918620E-006
 -6.676521274693876E-005  0.995895745237945       1.302124122294874E-005
 -9.562208752399055E-006  4.232907767008163E-016 -1.302124121728266E-005
  1.302124122294874E-005  0.997890494876505      -5.191575505408686E-015
  3.530828881857683E-005 -9.562208753080832E-006 -9.562208752399055E-006
 -5.191575505408686E-015  0.995918872082585       0.000000000000000E+000
  0.000000000000000E+000  0.000000000000000E+000  0.000000000000000E+000
  0.000000000000000E+000  0.000000000000000E+000  0.000000000000000E+000
  0.000000000000000E+000  0.000000000000000E+000  0.000000000000000E+000
  0.000000000000000E+000  0.000000000000000E+000  0.000000000000000E+000
  0.000000000000000E+000  0.000000000000000E+000  0.000000000000000E+000
  0.000000000000000E+000  0.000000000000000E+000  0.000000000000000E+000
  0.000000000000000E+000  0.000000000000000E+000  0.000000000000000E+000
  0.000000000000000E+000  0.000000000000000E+000  0.000000000000000E+000
  0.000000000000000E+000  0.000000000000000E+000  0.000000000000000E+000
  0.000000000000000E+000  0.000000000000000E+000  0.000000000000000E+000
  0.000000000000000E+000  0.000000000000000E+000  0.000000000000000E+000
  0.000000000000000E+000  0.000000000000000E+000  0.000000000000000E+000
  0.000000000000000E+000  0.000000000000000E+000  0.000000000000000E+000
  0.000000000000000E+000  0.000000000000000E+000  0.000000000000000E+000
  0.000000000000000E+000  0.000000000000000E+000  0.000000000000000E+000
  0.000000000000000E+000  0.000000000000000E+000  0.000000000000000E+000
  0.000000000000000E+000  0.000000000000000E+000  0.000000000000000E+000
  0.000000000000000E+000  0.000000000000000E+000  0.000000000000000E+000
  0.000000000000000E+000  0.000000000000000E+000  0.000000000000000E+000
  0.000000000000000E+000  0.000000000000000E+000  0.000000000000000E+000
  0.000000000000000E+000  0.000000000000000E+000  0.000000000000000E+000
  0.000000000000000E+000  0.000000000000000E+000  0.000000000000000E+000
  0.000000000000000E+000  0.000000000000000E+000  0.000000000000000E+000
  0.000000000000000E+000  0.000000000000000E+000  0.000000000000000E+000
  0.000000000000000E+000  0.000000000000000E+000  0.000000000000000E+000
  0.000000000000000E+000  0.000000000000000E+000  0.000000000000000E+000
  0.000000000000000E+000  0.000000000000000E+000  0.000000000000000E+000
  0.000000000000000E+000  0.000000000000000E+000  0.000000000000000E+000
  0.000000000000000E+000  0.000000000000000E+000  0.000000000000000E+000
  0.000000000000000E+000  0.000000000000000E+000  0.000000000000000E+000
  0.000000000000000E+000  0.000000000000000E+000  0.000000000000000E+000
  0.000000000000000E+000  0.000000000000000E+000  0.000000000000000E+000
  0.000000000000000E+000  0.000000000000000E+000  0.000000000000000E+000
  0.000000000000000E+000  0.000000000000000E+000  0.000000000000000E+000
  0.000000000000000E+000  0.000000000000000E+000  0.000000000000000E+000
  0.000000000000000E+000  0.000000000000000E+000  0.000000000000000E+000
  0.000000000000000E+000  0.000000000000000E+000  0.000000000000000E+000
  0.000000000000000E+000  0.000000000000000E+000  0.000000000000000E+000
  0.000000000000000E+000  0.000000000000000E+000  0.000000000000000E+000
  0.000000000000000E+000  0.000000000000000E+000  0.000000000000000E+000
  0.000000000000000E+000  0.000000000000000E+000  0.000000000000000E+000
  0.000000000000000E+000  0.000000000000000E+000  0.000000000000000E+000
  0.000000000000000E+000  0.000000000000000E+000  0.000000000000000E+000
  0.000000000000000E+000  0.000000000000000E+000  0.000000000000000E+000
  0.000000000000000E+000  0.000000000000000E+000  0.000000000000000E+000
  0.000000000000000E+000  0.000000000000000E+000  0.000000000000000E+000
  0.000000000000000E+000  0.000000000000000E+000  0.000000000000000E+000
  0.000000000000000E+000  0.000000000000000E+000  0.000000000000000E+000
  0.000000000000000E+000  0.000000000000000E+000  0.000000000000000E+000
  0.000000000000000E+000  0.000000000000000E+000  0.000000000000000E+000
  0.000000000000000E+000  0.000000000000000E+000  0.000000000000000E+000
  0.000000000000000E+000  0.000000000000000E+000  0.000000000000000E+000
  0.000000000000000E+000  0.000000000000000E+000  0.000000000000000E+000
  0.000000000000000E+000  0.000000000000000E+000  0.000000000000000E+000
  0.000000000000000E+000  0.000000000000000E+000  0.000000000000000E+000
  0.000000000000000E+000  0.000000000000000E+000  0.000000000000000E+000
  0.000000000000000E+000  0.000000000000000E+000  0.000000000000000E+000
  0.000000000000000E+000  0.000000000000000E+000  0.000000000000000E+000
  0.000000000000000E+000  0.000000000000000E+000  0.000000000000000E+000
  0.000000000000000E+000  0.000000000000000E+000  0.000000000000000E+000
  0.000000000000000E+000  0.000000000000000E+000  0.000000000000000E+000
  0.000000000000000E+000  0.000000000000000E+000  0.000000000000000E+000
  0.000000000000000E+000  0.000000000000000E+000  0.000000000000000E+000
  0.000000000000000E+000  0.000000000000000E+000  0.000000000000000E+000
  0.000000000000000E+000  0.000000000000000E+000  0.000000000000000E+000
  0.000000000000000E+000  0.000000000000000E+000  0.000000000000000E+000
  0.000000000000000E+000  0.989155822674478      -2.168629788648422E-003
 -2.168629788647722E-003  4.583183300450405E-016 -4.337259577288956E-003
 -2.168629788648422E-003  0.980619585102293      -8.381076694038582E-004
 -3.756176976737919E-003  8.381076694040659E-004 -2.168629788647722E-003
 -8.381076694038582E-004  0.980619585102289       3.756176976743488E-003
  8.381076694047240E-004  4.583183300450405E-016 -3.756176976737919E-003
  3.756176976743488E-003  0.989155822674477      -5.121204778436753E-015
 -4.337259577288956E-003  8.381076694040659E-004  8.381076694047240E-004
 -5.121204778436753E-015  0.980619585102289       0.989092620001048     
 -2.208001791209844E-003 -2.208001791209145E-003  4.235241009991157E-016
 -4.416003582411844E-003 -2.208001791209844E-003  0.978666703722741     
 -2.913614824493195E-003 -3.824371285570080E-003  2.913614824493407E-003
 -2.208001791209145E-003 -2.913614824493195E-003  0.978666703722737     
  3.824371285575609E-003  2.913614824494054E-003  4.235241009991157E-016
 -3.824371285570080E-003  3.824371285575609E-003  0.989092620001046     
 -5.102158687874213E-015 -4.416003582411844E-003  2.913614824493407E-003
  2.913614824494054E-003 -5.102158687874213E-015  0.978666703722737     
  0.998227199063931       7.968253826073666E-005 -8.817571827370760E-005
 -1.277511608143577E-005  2.002197894669686E-004  7.968253826073666E-005
  0.996326115847464      -4.929473055658964E-004  1.851891637765265E-004
 -6.188106553899527E-004 -8.817571827370760E-005 -4.929473055658964E-004
  0.996433484502164       1.527248240421994E-004  4.929473055667790E-004
 -1.277511608143577E-005  1.851891637765265E-004  1.527248240421994E-004
  0.998241950497347      -2.358747951731275E-005  2.002197894669686E-004
 -6.188106553899527E-004  4.929473055667790E-004 -2.358747951731275E-005
  0.996326115847460       0.998311754505034       1.584751051846866E-004
 -1.463947796146254E-004 -1.221901094290711E-005  2.911848118515663E-004
  1.584751051846866E-004  0.996315448824385      -3.590817592413523E-004
  2.447356143740181E-004 -3.192726173137533E-004 -1.463947796146254E-004
 -3.590817592413523E-004  0.996574513253168       2.535631962536379E-004
  3.590817592422352E-004 -1.221901094290711E-005  2.447356143740181E-004
  2.535631962536379E-004  0.998325863803546       1.487565976946756E-005
  2.911848118515663E-004 -3.192726173137533E-004  3.590817592422352E-004
  1.487565976946756E-005  0.996315448824381       0.998227199063932     
 -8.817571827441881E-005  7.968253826144747E-005  1.277511608230310E-005
  2.002197894669672E-004 -8.817571827441881E-005  0.996433484502168     
 -4.929473055658942E-004 -1.527248240365373E-004  4.929473055660980E-004
  7.968253826144747E-005 -4.929473055658942E-004  0.996326115847460     
 -1.851891637708549E-004 -6.188106553892705E-004  1.277511608230310E-005
 -1.527248240365373E-004 -1.851891637708549E-004  0.998241950497347     
  2.358747950692501E-005  2.002197894669672E-004  4.929473055660980E-004
 -6.188106553892705E-004  2.358747950692501E-005  0.996326115847460     
  0.998311754505034      -1.463947796153369E-004  1.584751051853974E-004
  1.221901094378837E-005  2.911848118515652E-004 -1.463947796153369E-004
  0.996574513253172      -3.590817592413513E-004 -2.535631962479735E-004
  3.590817592415550E-004  1.584751051853974E-004 -3.590817592413513E-004
  0.996315448824381      -2.447356143683479E-004 -3.192726173130711E-004
  1.221901094378837E-005 -2.535631962479735E-004 -2.447356143683479E-004
  0.998325863803546      -1.487565977985458E-005  2.911848118515652E-004
  3.590817592415550E-004 -3.192726173130711E-004 -1.487565977985458E-005
  0.996315448824381       0.998249326214058       1.205372511982162E-004
  1.205372511989245E-004  4.371703170360840E-016 -1.763514365408274E-004
  1.205372511982162E-004  0.996326115847464       6.188106553901562E-004
  1.616016842644061E-004  4.929473055660977E-004  1.205372511989245E-004
  6.188106553901562E-004  0.996326115847460      -1.616016842587375E-004
  4.929473055667794E-004  4.371703170360840E-016  1.616016842644061E-004
 -1.616016842587375E-004  0.998219823347221      -5.190930953194902E-015
 -1.763514365408274E-004  4.929473055660977E-004  4.929473055667794E-004
 -5.190930953194902E-015  0.996433484502163       0.998332918452805     
  1.327097066588653E-004  1.327097066595736E-004  4.509930409192317E-016
 -2.927895592226605E-004  1.327097066588653E-004  0.996315448824385     
  3.192726173139564E-004  2.596112741486779E-004  3.590817592415541E-004
  1.327097066595736E-004  3.192726173139564E-004  0.996315448824381     
 -2.596112741430100E-004  3.590817592422368E-004  4.509930409192317E-016
  2.596112741486779E-004 -2.596112741430100E-004  0.998304699855774     
 -5.192209178840661E-015 -2.927895592226605E-004  3.590817592415541E-004
  3.590817592422368E-004 -5.192209178840661E-015  0.996574513253168     
  0.000000000000000E+000  0.000000000000000E+000  0.000000000000000E+000
  0.000000000000000E+000  0.000000000000000E+000  0.000000000000000E+000
  0.000000000000000E+000  0.000000000000000E+000  0.000000000000000E+000
  0.000000000000000E+000  0.000000000000000E+000  0.000000000000000E+000
  0.000000000000000E+000  0.000000000000000E+000  0.000000000000000E+000
  0.000000000000000E+000  0.000000000000000E+000  0.000000000000000E+000
  0.000000000000000E+000  0.000000000000000E+000  0.000000000000000E+000
  0.000000000000000E+000  0.000000000000000E+000  0.000000000000000E+000
  0.000000000000000E+000  0.000000000000000E+000  0.000000000000000E+000
  0.000000000000000E+000  0.000000000000000E+000  0.000000000000000E+000
  0.000000000000000E+000  0.000000000000000E+000  0.000000000000000E+000
  0.000000000000000E+000  0.000000000000000E+000  0.000000000000000E+000
  0.000000000000000E+000  0.000000000000000E+000  0.000000000000000E+000
  0.000000000000000E+000  0.000000000000000E+000  0.000000000000000E+000
  0.000000000000000E+000  0.000000000000000E+000  0.000000000000000E+000
  0.000000000000000E+000  0.000000000000000E+000  0.000000000000000E+000
  0.000000000000000E+000  0.000000000000000E+000  0.000000000000000E+000
  0.000000000000000E+000  0.000000000000000E+000  0.000000000000000E+000
  0.000000000000000E+000  0.000000000000000E+000  0.000000000000000E+000
  0.000000000000000E+000  0.000000000000000E+000  0.000000000000000E+000
  0.000000000000000E+000  0.000000000000000E+000  0.000000000000000E+000
  0.000000000000000E+000  0.000000000000000E+000  0.000000000000000E+000
  0.000000000000000E+000  0.000000000000000E+000  0.000000000000000E+000
  0.000000000000000E+000  0.000000000000000E+000  0.000000000000000E+000
  0.000000000000000E+000  0.000000000000000E+000  0.000000000000000E+000
  0.000000000000000E+000  0.000000000000000E+000  0.000000000000000E+000
  0.000000000000000E+000  0.000000000000000E+000  0.000000000000000E+000
  0.000000000000000E+000  0.000000000000000E+000  0.000000000000000E+000
  0.000000000000000E+000  0.000000000000000E+000  0.000000000000000E+000
  0.000000000000000E+000  0.000000000000000E+000  0.000000000000000E+000
  0.000000000000000E+000  0.000000000000000E+000  0.000000000000000E+000
  0.000000000000000E+000  0.000000000000000E+000  0.000000000000000E+000
  0.000000000000000E+000  0.000000000000000E+000  0.000000000000000E+000
  0.000000000000000E+000  0.000000000000000E+000  0.000000000000000E+000
  0.000000000000000E+000  0.000000000000000E+000  0.000000000000000E+000
  0.000000000000000E+000  0.000000000000000E+000  0.000000000000000E+000
  0.000000000000000E+000  0.000000000000000E+000  0.000000000000000E+000
  0.000000000000000E+000  0.000000000000000E+000  0.000000000000000E+000
  0.000000000000000E+000  0.000000000000000E+000  0.000000000000000E+000
  0.000000000000000E+000  0.000000000000000E+000  0.000000000000000E+000
  0.000000000000000E+000  0.000000000000000E+000  0.000000000000000E+000
  0.000000000000000E+000  0.000000000000000E+000  0.000000000000000E+000
  0.000000000000000E+000  0.000000000000000E+000  0.000000000000000E+000
  0.000000000000000E+000  0.000000000000000E+000  0.000000000000000E+000
  0.000000000000000E+000  0.000000000000000E+000  0.000000000000000E+000
  0.000000000000000E+000  0.000000000000000E+000  0.000000000000000E+000
  0.000000000000000E+000  0.000000000000000E+000  0.000000000000000E+000
  0.000000000000000E+000  0.000000000000000E+000  0.000000000000000E+000
  0.000000000000000E+000  0.000000000000000E+000  0.000000000000000E+000
  0.000000000000000E+000  0.000000000000000E+000  0.000000000000000E+000
